Variables = x, y, u, v, p

Zone, I=800, F=POINT
        1000            0  1.32871e-18  1.94608e-24 -3.12782e-05 
        1000     0.000117  3.36059e-05  4.98962e-11 -3.12781e-05 
        1000     0.000469  0.000134711  2.08157e-10 -3.12781e-05 
        1000     0.001056  0.000303315  4.99279e-10 -3.12781e-05 
        1000     0.001879  0.000539705  9.64735e-10  -3.1278e-05 
        1000     0.002936  0.000843306  1.66068e-09 -3.12779e-05 
        1000     0.004228   0.00121441  2.66134e-09 -3.12777e-05 
        1000     0.005755     0.001653  4.05687e-09 -3.12776e-05 
        1000     0.007518   0.00215939  5.95513e-09 -3.12774e-05 
        1000     0.009515   0.00273298  8.47728e-09 -3.12772e-05 
        1000     0.011746   0.00337378  1.17627e-08  -3.1277e-05 
        1000     0.014214   0.00408266  1.59728e-08 -3.12768e-05 
        1000     0.016915   0.00485845  2.12746e-08 -3.12765e-05 
        1000     0.019853   0.00570232  2.78667e-08 -3.12762e-05 
        1000     0.023023   0.00661282  3.59456e-08 -3.12759e-05 
        1000     0.026431   0.00759168  4.57525e-08 -3.12755e-05 
        1000     0.030075   0.00863831  5.75277e-08 -3.12752e-05 
        1000      0.03395   0.00975129  7.15156e-08 -3.12748e-05 
        1000     0.038063    0.0109326  8.80221e-08 -3.12744e-05 
        1000     0.042408    0.0121806  1.07324e-07  -3.1274e-05 
        1000     0.046991    0.0134969  1.29767e-07 -3.12735e-05 
        1000     0.051805    0.0148796  1.55658e-07  -3.1273e-05 
        1000     0.056859    0.0163311  1.85409e-07 -3.12725e-05 
        1000     0.062143    0.0178488  2.19344e-07  -3.1272e-05 
        1000     0.067666     0.019435  2.57928e-07 -3.12714e-05 
        1000     0.073425    0.0210891  3.01578e-07 -3.12709e-05 
        1000     0.079413    0.0228089   3.5069e-07 -3.12703e-05 
        1000     0.085642    0.0245979  4.05842e-07 -3.12696e-05 
        1000       0.0921    0.0264526  4.67446e-07  -3.1269e-05 
        1000     0.098799    0.0283766  5.36145e-07 -3.12683e-05 
        1000     0.105727    0.0303663  6.12377e-07 -3.12676e-05 
        1000     0.112896    0.0324251  6.96865e-07 -3.12669e-05 
        1000       0.1203    0.0345515  7.90169e-07 -3.12662e-05 
        1000     0.127932    0.0367433  8.92842e-07 -3.12654e-05 
        1000     0.135806    0.0390046  1.00575e-06 -3.12646e-05 
        1000     0.143909    0.0413316  1.12939e-06 -3.12638e-05 
        1000     0.152253    0.0437278  1.26468e-06 -3.12629e-05 
        1000     0.160825    0.0461894  1.41214e-06 -3.12621e-05 
        1000     0.169639    0.0487204  1.57276e-06 -3.12612e-05 
        1000     0.178688    0.0513189   1.7472e-06 -3.12603e-05 
        1000     0.187965    0.0539827  1.93607e-06 -3.12593e-05 
        1000     0.197484     0.056716  2.14043e-06 -3.12584e-05 
        1000      0.20723    0.0595144  2.36072e-06 -3.12574e-05 
        1000      0.21722    0.0623828  2.59804e-06 -3.12564e-05 
        1000     0.227436    0.0653159  2.85266e-06 -3.12553e-05 
        1000     0.237895    0.0683187  3.12567e-06 -3.12543e-05 
        1000     0.248581    0.0713865  3.41735e-06 -3.12531e-05 
        1000      0.25951    0.0745239  3.72866e-06  -3.1252e-05 
        1000     0.270675    0.0777289  4.05982e-06 -3.12508e-05 
        1000     0.282065    0.0809984  4.41109e-06 -3.12495e-05 
        1000       0.2937    0.0843379  4.78354e-06 -3.12482e-05 
        1000      0.30556    0.0877418   5.1769e-06 -3.12468e-05 
        1000     0.317665    0.0912158  5.59211e-06 -3.12454e-05 
        1000     0.329995     0.094754  6.02876e-06 -3.12438e-05 
        1000     0.342569     0.098362  6.48778e-06 -3.12422e-05 
        1000     0.355379     0.102037  6.96916e-06 -3.12406e-05 
        1000     0.368414     0.105777  7.47284e-06 -3.12388e-05 
        1000     0.381693     0.109586  7.99996e-06  -3.1237e-05 
        1000     0.395198      0.11346  8.55032e-06 -3.12351e-05 
        1000     0.408948     0.117403  9.12534e-06 -3.12331e-05 
        1000     0.422921      0.12141  9.72483e-06 -3.12311e-05 
        1000     0.437141     0.125487  1.03507e-05  -3.1229e-05 
        1000     0.451585     0.129628   1.1003e-05 -3.12269e-05 
        1000     0.466275     0.133838  1.16838e-05 -3.12247e-05 
        1000       0.4812     0.138116   1.2394e-05 -3.12226e-05 
        1000     0.496348     0.142456  1.31345e-05 -3.12205e-05 
        1000     0.511744     0.146866  1.39081e-05 -3.12184e-05 
        1000     0.527361     0.151339  1.47155e-05 -3.12163e-05 
        1000     0.543227     0.155882  1.55599e-05 -3.12143e-05 
        1000     0.559314     0.160487  1.64419e-05 -3.12123e-05 
        1000      0.57565     0.165162   1.7365e-05 -3.12104e-05 
        1000      0.59222     0.169902  1.83298e-05 -3.12086e-05 
        1000     0.609012     0.174705  1.93365e-05 -3.12069e-05 
        1000     0.626053     0.179577  2.03894e-05  -3.1205e-05 
        1000     0.643315     0.184511  2.14908e-05 -3.12033e-05 
        1000     0.660826     0.189513  2.26432e-05 -3.12016e-05 
        1000     0.678557     0.194577  2.38453e-05 -3.11999e-05 
        1000     0.696538     0.199709  2.51003e-05 -3.11982e-05 
        1000     0.714754     0.204906  2.64084e-05 -3.11965e-05 
        1000      0.73319     0.210163  2.77697e-05 -3.11948e-05 
        1000     0.751876     0.215489  2.91876e-05  -3.1193e-05 
        1000     0.770782     0.220874  3.06613e-05 -3.11912e-05 
        1000     0.789937     0.226327  3.21943e-05 -3.11893e-05 
        1000     0.809313     0.231839  3.37857e-05 -3.11873e-05 
        1000     0.828939     0.237418  3.54391e-05 -3.11853e-05 
        1000     0.848784     0.243056  3.71531e-05 -3.11832e-05 
        1000      0.86888      0.24876  3.89316e-05  -3.1181e-05 
        1000     0.889212     0.254527  4.07744e-05 -3.11787e-05 
        1000     0.909761      0.26035  4.26808e-05 -3.11764e-05 
        1000     0.930563     0.266239  4.46553e-05 -3.11739e-05 
        1000     0.951582     0.272184  4.66953e-05 -3.11715e-05 
        1000     0.972854     0.278195  4.88054e-05 -3.11689e-05 
        1000     0.994343      0.28426  5.09831e-05 -3.11663e-05 
        1000      1.01608     0.290389   5.3233e-05 -3.11636e-05 
        1000      1.03806     0.296577  5.55547e-05 -3.11608e-05 
        1000      1.06025     0.302819  5.79474e-05 -3.11579e-05 
        1000       1.0827     0.309122  6.04162e-05  -3.1155e-05 
        1000      1.10536     0.315478  6.29587e-05 -3.11519e-05 
        1000      1.12828     0.321895  6.55802e-05 -3.11488e-05 
        1000      1.15142     0.328363  6.82782e-05 -3.11456e-05 
        1000       1.1748      0.33489  7.10582e-05 -3.11422e-05 
        1000      1.19842     0.341472  7.39198e-05 -3.11387e-05 
        1000      1.22226     0.348102  7.68618e-05 -3.11352e-05 
        1000      1.24635      0.35479    7.989e-05 -3.11315e-05 
        1000      1.27066     0.361524  8.30005e-05 -3.11278e-05 
        1000      1.29522     0.368314  8.61992e-05 -3.11239e-05 
        1000         1.32     0.375149  8.94815e-05   -3.112e-05 
        1000      1.34503     0.382038  9.28528e-05  -3.1116e-05 
        1000      1.37028     0.388969  9.63082e-05 -3.11119e-05 
        1000      1.39578     0.395952  9.98536e-05 -3.11077e-05 
        1000      1.42152     0.402981  0.000103487 -3.11034e-05 
        1000      1.44747     0.410048  0.000107209 -3.10989e-05 
        1000      1.47368     0.417165  0.000111027  -3.1094e-05 
        1000       1.5001     0.424318  0.000114944 -3.10888e-05 
        1000      1.52677     0.431517  0.000118961 -3.10845e-05 
        1000      1.55367     0.438749  0.000123066 -3.10802e-05 
        1000      1.58081     0.446026  0.000127268 -3.10753e-05 
        1000       1.6082     0.453338  0.000131563 -3.10701e-05 
        1000      1.63579      0.46068  0.000135949 -3.10645e-05 
        1000      1.66364     0.468061  0.000140435 -3.10587e-05 
        1000      1.69171     0.475468  0.000145012 -3.10526e-05 
        1000      1.72003      0.48291   0.00014969 -3.10463e-05 
        1000      1.74857     0.490375   0.00015446 -3.10399e-05 
        1000      1.77736     0.497872  0.000159332 -3.10334e-05 
        1000      1.80636     0.505388  0.000164296 -3.10267e-05 
        1000      1.83563     0.512932  0.000169362 -3.10199e-05 
        1000      1.86512     0.520497  0.000174525  -3.1013e-05 
        1000      1.89484     0.528076  0.000179781  -3.1006e-05 
        1000       1.9248     0.535676  0.000185138 -3.09989e-05 
        1000      1.95498     0.543285  0.000190586 -3.09917e-05 
        1000      1.98542     0.550912  0.000196134 -3.09843e-05 
        1000      2.01607     0.558543  0.000201773 -3.09768e-05 
        1000      2.04698     0.566188  0.000207511 -3.09691e-05 
        1000      2.07812     0.573839  0.000213341 -3.09613e-05 
        1000      2.10947     0.581486  0.000219259 -3.09532e-05 
        1000      2.14109      0.58914  0.000225273 -3.09448e-05 
        1000      2.17291     0.596786   0.00023137 -3.09363e-05 
        1000      2.20499     0.604433   0.00023756 -3.09274e-05 
        1000      2.23728     0.612067  0.000243832 -3.09183e-05 
        1000      2.26984     0.619697  0.000250192 -3.09089e-05 
        1000      2.30263     0.627315  0.000256635 -3.08992e-05 
        1000      2.33562     0.634911  0.000263152 -3.08892e-05 
        1000      2.36888     0.642495  0.000269753 -3.08788e-05 
        1000      2.40235     0.650051  0.000276424 -3.08681e-05 
        1000      2.43608      0.65759  0.000283173 -3.08571e-05 
        1000      2.47002     0.665096  0.000289988 -3.08458e-05 
        1000      2.50421     0.672578  0.000296875 -3.08341e-05 
        1000      2.53862     0.680022  0.000303822 -3.08222e-05 
        1000      2.57329     0.687435  0.000310836 -3.08099e-05 
        1000      2.60819      0.69481  0.000317909 -3.07973e-05 
        1000       2.6433     0.702137  0.000325032 -3.07844e-05 
        1000      2.67868     0.709425  0.000332212 -3.07713e-05 
        1000      2.71426      0.71666  0.000339435 -3.07579e-05 
        1000       2.7501     0.723849  0.000346709 -3.07443e-05 
        1000      2.78615     0.730978  0.000354018 -3.07304e-05 
        1000      2.82247     0.738056   0.00036137 -3.07163e-05 
        1000      2.85902     0.745073  0.000368756 -3.07019e-05 
        1000      2.89577     0.752022  0.000376165 -3.06873e-05 
        1000      2.93279      0.75891  0.000383604 -3.06725e-05 
        1000      2.97002     0.765724  0.000391058 -3.06574e-05 
        1000       3.0075      0.77247  0.000398534 -3.06421e-05 
        1000       3.0452     0.779137  0.000406015 -3.06265e-05 
        1000      3.08316     0.785731  0.000413508 -3.06106e-05 
        1000      3.12135     0.792244  0.000421002 -3.05943e-05 
        1000      3.15975     0.798668  0.000428487 -3.05778e-05 
        1000      3.19842     0.805011  0.000435968 -3.05608e-05 
        1000      3.23728     0.811261  0.000443429 -3.05435e-05 
        1000      3.27642     0.817424  0.000450877 -3.05257e-05 
        1000      3.31576     0.823488  0.000458293 -3.05075e-05 
        1000      3.35536     0.829461  0.000465684 -3.04888e-05 
        1000      3.39517      0.83533  0.000473034 -3.04697e-05 
        1000      3.43525     0.841103  0.000480348 -3.04501e-05 
        1000      3.47555     0.846774  0.000487615 -3.04302e-05 
        1000      3.51607     0.852335  0.000494825   -3.041e-05 
        1000      3.55685     0.857794  0.000501984 -3.03896e-05 
        1000      3.59783      0.86314  0.000509077 -3.03693e-05 
        1000      3.63908      0.86838  0.000516112 -3.03494e-05 
        1000      3.68053     0.873505  0.000523074 -3.03301e-05 
        1000      3.72225     0.878521  0.000529974  -3.0312e-05 
        1000      3.76421     0.883422  0.000536781 -3.02918e-05 
        1000      3.80636     0.888202  0.000543464 -3.02649e-05 
        1000      3.84879     0.892871  0.000550073 -3.02384e-05 
        1000      3.89142      0.89742  0.000556592 -3.02121e-05 
        1000      3.93431     0.901855  0.000563025  -3.0186e-05 
        1000      3.97741     0.906168  0.000569356 -3.01601e-05 
        1000      4.02077     0.910367  0.000575589 -3.01342e-05 
        1000      4.06434     0.914443   0.00058171 -3.01085e-05 
        1000      4.10817     0.918404  0.000587724 -3.00827e-05 
        1000      4.15224     0.922246  0.000593622  -3.0057e-05 
        1000      4.19651     0.925966  0.000599395 -3.00312e-05 
        1000      4.24106     0.929571  0.000605049 -3.00053e-05 
        1000       4.2858     0.933055  0.000610572 -2.99792e-05 
        1000      4.33081     0.936425  0.000615969  -2.9953e-05 
        1000      4.37602     0.939676  0.000621231 -2.99266e-05 
        1000       4.4215     0.942814  0.000626362 -2.98999e-05 
        1000      4.46721     0.945838  0.000631357 -2.98729e-05 
        1000      4.51313     0.948748  0.000636211 -2.98457e-05 
        1000      4.55931     0.951548   0.00064093 -2.98181e-05 
        1000       4.6057     0.954236  0.000645505 -2.97902e-05 
        1000      4.65235     0.956819  0.000649944 -2.97619e-05 
        1000      4.69921     0.959293  0.000654238 -2.97332e-05 
        1000      4.74633     0.961665  0.000658396  -2.9704e-05 
        1000      4.79369     0.963935  0.000662413 -2.96744e-05 
        1000      4.84125     0.966102  0.000666286 -2.96444e-05 
        1000      4.88908     0.968174  0.000670024 -2.96139e-05 
        1000      4.93711     0.970148   0.00067362 -2.95829e-05 
        1000      4.98541      0.97203  0.000677082 -2.95513e-05 
        1000      5.03391      0.97382  0.000680406 -2.95193e-05 
        1000      5.08268     0.975522  0.000683598 -2.94868e-05 
        1000      5.13165     0.977138  0.000686656 -2.94537e-05 
        1000      5.18089     0.978671  0.000689585 -2.94201e-05 
        1000      5.23037     0.980123  0.000692386 -2.93859e-05 
        1000      5.28004     0.981496  0.000695059 -2.93512e-05 
        1000      5.32999     0.982794   0.00069761 -2.93159e-05 
        1000      5.38013     0.984018  0.000700039   -2.928e-05 
        1000      5.43055     0.985173  0.000702352 -2.92436e-05 
        1000      5.48116     0.986259  0.000704547 -2.92065e-05 
        1000      5.53204     0.987281  0.000706632 -2.91689e-05 
        1000      5.58317      0.98824  0.000708607 -2.91306e-05 
        1000      5.63448     0.989139  0.000710475 -2.90917e-05 
        1000      5.68607     0.989982  0.000712241 -2.90522e-05 
        1000      5.73786     0.990769  0.000713906  -2.9012e-05 
        1000      5.78992     0.991505  0.000715477 -2.89711e-05 
        1000      5.84218      0.99219  0.000716952 -2.89295e-05 
        1000      5.89471     0.992829   0.00071834 -2.88871e-05 
        1000      5.94748     0.993424  0.000719641  -2.8844e-05 
        1000      6.00044     0.993975  0.000720858 -2.88001e-05 
        1000      6.05367     0.994487  0.000721996 -2.87553e-05 
        1000       6.1071      0.99496  0.000723057 -2.87096e-05 
        1000      6.16081     0.995399  0.000724057 -2.86754e-05 
        1000      6.21471     0.995803  0.000724986 -2.86408e-05 
        1000      6.26889     0.996176   0.00072585 -2.86052e-05 
        1000      6.32326      0.99652  0.000726651 -2.85688e-05 
        1000       6.3779     0.996835  0.000727392 -2.85317e-05 
        1000      6.43279     0.997125  0.000728076  -2.8494e-05 
        1000      6.48786     0.997391  0.000728707 -2.84559e-05 
        1000      6.54321     0.997634  0.000729288 -2.84172e-05 
        1000      6.59876     0.997856  0.000729821 -2.83781e-05 
        1000      6.65458     0.998059   0.00073031 -2.83387e-05 
        1000      6.71059     0.998244  0.000730757  -2.8299e-05 
        1000      6.76689     0.998412  0.000731167  -2.8259e-05 
        1000      6.82341     0.998565   0.00073154 -2.82187e-05 
        1000      6.88013     0.998704   0.00073188 -2.81783e-05 
        1000      6.93713      0.99883  0.000732189 -2.81375e-05 
        1000      6.99432     0.998943   0.00073247 -2.80966e-05 
        1000      7.05178     0.999046  0.000732725 -2.80555e-05 
        1000      7.10944     0.999139  0.000732956 -2.80141e-05 
        1000      7.16738     0.999222  0.000733166 -2.79725e-05 
        1000      7.22551     0.999297  0.000733355 -2.79307e-05 
        1000      7.28391     0.999365  0.000733527 -2.78886e-05 
        1000      7.34256     0.999425  0.000733682 -2.78462e-05 
        1000      7.40139     0.999479  0.000733822 -2.78035e-05 
        1000       7.4605     0.999527  0.000733948 -2.77605e-05 
        1000       7.5198      0.99957  0.000734063 -2.77172e-05 
        1000      7.57939     0.999608  0.000734166 -2.76736e-05 
        1000      7.63916     0.999641  0.000734259 -2.76296e-05 
        1000      7.69921     0.999671  0.000734342 -2.75853e-05 
        1000       7.7595     0.999697  0.000734417 -2.75405e-05 
        1000      7.81998      0.99972  0.000734484 -2.74955e-05 
        1000      7.88073      0.99974  0.000734543 -2.74501e-05 
        1000      7.94168     0.999757  0.000734595 -2.74044e-05 
        1000      8.00291     0.999772  0.000734641 -2.73583e-05 
        1000      8.06432     0.999786   0.00073468  -2.7312e-05 
        1000      8.12602     0.999797  0.000734712 -2.72653e-05 
        1000      8.18796     0.999807  0.000734739 -2.72184e-05 
        1000      8.25008     0.999815   0.00073476 -2.71714e-05 
        1000      8.31248     0.999823  0.000734776 -2.71242e-05 
        1000      8.37507     0.999829  0.000734786 -2.70769e-05 
        1000      8.43794     0.999835  0.000734792 -2.70296e-05 
        1000        8.501      0.99984  0.000734794 -2.69823e-05 
        1000      8.56434     0.999845  0.000734792  -2.6935e-05 
        1000      8.62787     0.999849  0.000734788 -2.68879e-05 
        1000      8.69169     0.999853  0.000734783  -2.6841e-05 
        1000      8.75574     0.999857  0.000734779 -2.67944e-05 
        1000      8.81997      0.99986  0.000734778 -2.67481e-05 
        1000      8.88449     0.999863  0.000734783 -2.67021e-05 
        1000      8.94919     0.999865  0.000734797 -2.66565e-05 
        1000      9.01418     0.999867  0.000734823 -2.66112e-05 
        1000      9.07935     0.999868  0.000734868 -2.65664e-05 
        1000      9.14481     0.999867  0.000734894 -2.65195e-05 
        1000      9.21051     0.999869  0.000734842 -2.64679e-05 
        1000      9.27639      0.99987  0.000734806 -2.64174e-05 
        1000      9.34255     0.999871  0.000734784 -2.63677e-05 
        1000       9.4089     0.999872  0.000734771 -2.63187e-05 
        1000      9.47553     0.999873  0.000734766 -2.62703e-05 
        1000      9.54235     0.999873  0.000734767 -2.62223e-05 
        1000      9.60945     0.999874  0.000734772 -2.61746e-05 
        1000      9.67674     0.999874  0.000734779 -2.61272e-05 
        1000      9.74432     0.999875  0.000734787 -2.60798e-05 
        1000      9.81212     0.999875  0.000734796 -2.60325e-05 
        1000      9.88012     0.999875  0.000734804 -2.59852e-05 
        1000       9.9484     0.999876  0.000734811 -2.59378e-05 
        1000      10.0169     0.999876  0.000734817 -2.58903e-05 
        1000      10.0856     0.999876  0.000734821 -2.58426e-05 
        1000      10.1545     0.999876  0.000734824 -2.57947e-05 
        1000      10.2238     0.999877  0.000734824 -2.57465e-05 
        1000      10.2932     0.999877  0.000734823 -2.56981e-05 
        1000      10.3628     0.999877   0.00073482 -2.56495e-05 
        1000      10.4328     0.999877  0.000734816 -2.56005e-05 
        1000      10.5029     0.999878  0.000734811 -2.55513e-05 
        1000      10.5733     0.999878  0.000734804 -2.55018e-05 
        1000      10.6438     0.999878  0.000734796 -2.54521e-05 
        1000      10.7147     0.999879  0.000734788 -2.54021e-05 
        1000      10.7858     0.999879   0.00073478 -2.53518e-05 
        1000      10.8571     0.999879  0.000734771 -2.53014e-05 
        1000      10.9287      0.99988  0.000734763 -2.52507e-05 
        1000      11.0004      0.99988  0.000734755 -2.51999e-05 
        1000      11.0725      0.99988  0.000734747 -2.51489e-05 
        1000      11.1447     0.999881   0.00073474 -2.50978e-05 
        1000      11.2172     0.999881  0.000734734 -2.50464e-05 
        1000      11.2899     0.999881  0.000734728  -2.4995e-05 
        1000      11.3628     0.999882  0.000734723 -2.49434e-05 
        1000      11.4361     0.999882  0.000734719 -2.48918e-05 
        1000      11.5095     0.999882  0.000734715   -2.484e-05 
        1000      11.5831     0.999883  0.000734713 -2.47881e-05 
        1000       11.657     0.999883  0.000734711  -2.4736e-05 
        1000      11.7312     0.999883  0.000734709 -2.46838e-05 
        1000      11.8055     0.999884  0.000734708 -2.46315e-05 
        1000      11.8801     0.999884  0.000734708 -2.45789e-05 
        1000       11.955     0.999884  0.000734708 -2.45261e-05 
        1000        12.03     0.999885  0.000734708 -2.44731e-05 
        1000      12.1053     0.999885  0.000734708 -2.44197e-05 
        1000      12.1809     0.999885  0.000734709  -2.4366e-05 
        1000      12.2567     0.999886   0.00073471 -2.43118e-05 
        1000      12.3326     0.999886  0.000734711 -2.42572e-05 
        1000      12.4089     0.999886  0.000734714  -2.4202e-05 
        1000      12.4854     0.999887  0.000734716 -2.41463e-05 
        1000      12.5621     0.999887   0.00073472 -2.40899e-05 
        1000      12.6391     0.999887  0.000734725 -2.40327e-05 
        1000      12.7162     0.999887  0.000734732 -2.39748e-05 
        1000      12.7937     0.999887  0.000734741  -2.3916e-05 
        1000      12.8713     0.999887  0.000734753 -2.38564e-05 
        1000      12.9492     0.999886  0.000734767 -2.37968e-05 
        1000      13.0273     0.999887  0.000734758 -2.37633e-05 
        1000      13.1057     0.999888  0.000734751 -2.37259e-05 
        1000      13.1843     0.999889  0.000734745 -2.36852e-05 
        1000      13.2631     0.999889   0.00073474 -2.36416e-05 
        1000      13.3422      0.99989  0.000734735 -2.35954e-05 
        1000      13.4215      0.99989   0.00073473  -2.3547e-05 
        1000       13.501     0.999891  0.000734725 -2.34965e-05 
        1000      13.5807     0.999891  0.000734719 -2.34445e-05 
        1000      13.6608     0.999891  0.000734714 -2.33909e-05 
        1000       13.741     0.999892  0.000734708  -2.3336e-05 
        1000      13.8215     0.999892  0.000734702 -2.32801e-05 
        1000      13.9022     0.999892  0.000734698 -2.32232e-05 
        1000      13.9831     0.999892  0.000734694 -2.31655e-05 
        1000      14.0643     0.999893  0.000734693  -2.3107e-05 
        1000      14.1457     0.999893  0.000734694  -2.3048e-05 
        1000      14.2274     0.999893  0.000734698 -2.29884e-05 
        1000      14.3092     0.999893  0.000734707 -2.29285e-05 
        1000      14.3914     0.999894   0.00073472 -2.28684e-05 
        1000      14.4738     0.999894  0.000734737 -2.28082e-05 
        1000      14.5563     0.999894  0.000734759 -2.27482e-05 
        1000      14.6392     0.999895  0.000734785 -2.26885e-05 
        1000      14.7222     0.999895  0.000734813 -2.26295e-05 
        1000      14.8055     0.999895  0.000734842 -2.25715e-05 
        1000       14.889     0.999895  0.000734867  -2.2515e-05 
        1000      14.9728     0.999896  0.000734885 -2.24605e-05 
        1000      15.0568     0.999896  0.000734888 -2.24086e-05 
        1000       15.141     0.999896  0.000734869 -2.23602e-05 
        1000      15.2255     0.999897  0.000734816 -2.23162e-05 
        1000      15.3102     0.999898  0.000734715 -2.22776e-05 
        1000      15.3952     0.999898  0.000734686 -2.22197e-05 
        1000      15.4803     0.999898   0.00073477 -2.21393e-05 
        1000      15.5657     0.999897  0.000734827 -2.20655e-05 
        1000      15.6514     0.999897  0.000734864 -2.19975e-05 
        1000      15.7372     0.999898  0.000734886 -2.19342e-05 
        1000      15.8234     0.999898  0.000734899 -2.18748e-05 
        1000      15.9097     0.999899  0.000734905 -2.18185e-05 
        1000      15.9963     0.999899  0.000734909 -2.17645e-05 
        1000      16.0831       0.9999  0.000734912 -2.17121e-05 
        1000      16.1702     0.999901  0.000734916 -2.16605e-05 
        1000      16.2574     0.999901   0.00073492 -2.16091e-05 
        1000       16.345     0.999902  0.000734924  -2.1557e-05 
        1000      16.4328     0.999902  0.000734927 -2.15032e-05 
        1000      16.5207     0.999903  0.000734926  -2.1447e-05 
        1000       16.609     0.999903  0.000734918  -2.1387e-05 
        1000      16.6974     0.999903  0.000734896  -2.1322e-05 
        1000      16.7861     0.999903  0.000734856 -2.12505e-05 
        1000       16.875     0.999904  0.000734789 -2.11708e-05 
        1000      16.9642     0.999904  0.000734825 -2.11163e-05 
        1000      17.0537     0.999905  0.000734894 -2.10705e-05 
        1000      17.1433     0.999905  0.000734948 -2.10211e-05 
        1000      17.2332     0.999905  0.000734989 -2.09682e-05 
        1000      17.3232     0.999906  0.000735019 -2.09127e-05 
        1000      17.4136     0.999906  0.000735041 -2.08547e-05 
        1000      17.5041     0.999906  0.000735056 -2.07948e-05 
        1000       17.595     0.999907  0.000735067 -2.07334e-05 
        1000      17.6861     0.999907  0.000735073 -2.06708e-05 
        1000      17.7773     0.999907  0.000735076 -2.06076e-05 
        1000      17.8689     0.999908  0.000735078 -2.05438e-05 
        1000      17.9606     0.999908  0.000735078 -2.04799e-05 
        1000      18.0526     0.999908  0.000735079 -2.04161e-05 
        1000      18.1448     0.999909  0.000735079 -2.03527e-05 
        1000      18.2373     0.999909  0.000735081 -2.02897e-05 
        1000      18.3299     0.999909  0.000735083 -2.02274e-05 
        1000      18.4229      0.99991  0.000735087 -2.01657e-05 
        1000      18.5161      0.99991  0.000735092 -2.01049e-05 
        1000      18.6094     0.999911  0.000735098 -2.00449e-05 
        1000      18.7031     0.999911  0.000735107 -1.99857e-05 
        1000      18.7969     0.999911  0.000735117 -1.99273e-05 
        1000       18.891     0.999912  0.000735128 -1.98696e-05 
        1000      18.9853     0.999912  0.000735141 -1.98126e-05 
        1000      19.0799     0.999913  0.000735156 -1.97561e-05 
        1000      19.1748     0.999913  0.000735171 -1.97001e-05 
        1000      19.2698     0.999914  0.000735188 -1.96444e-05 
        1000      19.3651     0.999914  0.000735205 -1.95888e-05 
        1000      19.4606     0.999915  0.000735223 -1.95333e-05 
        1000      19.5563     0.999915  0.000735241 -1.94778e-05 
        1000      19.6523     0.999916  0.000735259 -1.94221e-05 
        1000      19.7485     0.999916  0.000735278  -1.9366e-05 
        1000      19.8449     0.999916  0.000735296 -1.93096e-05 
        1000      19.9417     0.999917  0.000735314 -1.92527e-05 
        1000      20.0386     0.999917  0.000735331 -1.91953e-05 
        1000      20.1357     0.999918  0.000735348 -1.91373e-05 
        1000      20.2331     0.999918  0.000735363 -1.90788e-05 
        1000      20.3307     0.999918  0.000735378 -1.90198e-05 
        1000      20.4286     0.999919  0.000735392 -1.89603e-05 
        1000      20.5267     0.999919  0.000735405 -1.89004e-05 
        1000       20.625     0.999919  0.000735417 -1.88402e-05 
        1000      20.7236      0.99992  0.000735429 -1.87797e-05 
        1000      20.8224      0.99992   0.00073544 -1.87192e-05 
        1000      20.9215      0.99992  0.000735451 -1.86588e-05 
        1000      21.0207     0.999921  0.000735462 -1.85985e-05 
        1000      21.1202     0.999921  0.000735473 -1.85384e-05 
        1000      21.2199     0.999922  0.000735484 -1.84786e-05 
        1000      21.3199     0.999922  0.000735497 -1.84192e-05 
        1000      21.4202     0.999922   0.00073551   -1.836e-05 
        1000      21.5206     0.999923  0.000735524 -1.83009e-05 
        1000      21.6213     0.999923   0.00073554 -1.82417e-05 
        1000      21.7222     0.999923  0.000735557  -1.8182e-05 
        1000      21.8234     0.999924  0.000735576 -1.81211e-05 
        1000      21.9247     0.999924  0.000735595 -1.80583e-05 
        1000      22.0264     0.999924  0.000735614 -1.79994e-05 
        1000      22.1282     0.999925  0.000735629 -1.79412e-05 
        1000      22.2303     0.999925  0.000735642 -1.78823e-05 
        1000      22.3327     0.999926  0.000735654 -1.78229e-05 
        1000      22.4352     0.999926  0.000735666 -1.77634e-05 
        1000       22.538     0.999927   0.00073568 -1.77039e-05 
        1000       22.641     0.999927  0.000735695 -1.76446e-05 
        1000      22.7443     0.999928  0.000735712 -1.75856e-05 
        1000      22.8477     0.999928   0.00073573 -1.75271e-05 
        1000      22.9515     0.999928  0.000735749 -1.74689e-05 
        1000      23.0555     0.999929   0.00073577 -1.74111e-05 
        1000      23.1597     0.999929  0.000735791 -1.73538e-05 
        1000      23.2642      0.99993  0.000735812 -1.72968e-05 
        1000      23.3688      0.99993  0.000735833 -1.72401e-05 
        1000      23.4737      0.99993  0.000735854 -1.71835e-05 
        1000      23.5788     0.999931  0.000735875 -1.71271e-05 
        1000      23.6843     0.999931  0.000735895 -1.70706e-05 
        1000      23.7899     0.999932  0.000735913  -1.7014e-05 
        1000      23.8957     0.999932  0.000735932 -1.69572e-05 
        1000      24.0018     0.999932  0.000735949 -1.69001e-05 
        1000      24.1081     0.999933  0.000735966 -1.68426e-05 
        1000      24.2147     0.999933  0.000735982 -1.67847e-05 
        1000      24.3214     0.999934  0.000735998 -1.67263e-05 
        1000      24.4285     0.999934  0.000736014 -1.66672e-05 
        1000      24.5357     0.999935   0.00073603 -1.66077e-05 
        1000      24.6432     0.999935  0.000736046 -1.65474e-05 
        1000       24.751     0.999936  0.000736064 -1.64866e-05 
        1000      24.8589     0.999936  0.000736082 -1.64252e-05 
        1000      24.9672     0.999937  0.000736102 -1.63633e-05 
        1000      25.0756     0.999937  0.000736123 -1.63009e-05 
        1000      25.1843     0.999938  0.000736146 -1.62382e-05 
        1000      25.2931     0.999938   0.00073617 -1.61752e-05 
        1000      25.4023     0.999939  0.000736196  -1.6112e-05 
        1000      25.5117     0.999939  0.000736224 -1.60488e-05 
        1000      25.6213      0.99994  0.000736253 -1.59859e-05 
        1000      25.7311      0.99994  0.000736283 -1.59232e-05 
        1000      25.8412     0.999941  0.000736314  -1.5861e-05 
        1000      25.9515     0.999941  0.000736345 -1.57995e-05 
        1000       26.062     0.999942  0.000736377 -1.57388e-05 
        1000      26.1729     0.999942  0.000736408 -1.56791e-05 
        1000      26.2838     0.999943  0.000736438 -1.56206e-05 
        1000      26.3951     0.999943  0.000736466 -1.55633e-05 
        1000      26.5066     0.999944  0.000736493 -1.55075e-05 
        1000      26.6183     0.999944  0.000736516 -1.54531e-05 
        1000      26.7303     0.999945  0.000736537 -1.54003e-05 
        1000      26.8425     0.999945  0.000736554  -1.5349e-05 
        1000      26.9549     0.999946  0.000736568 -1.52991e-05 
        1000      27.0675     0.999946  0.000736577 -1.52506e-05 
        1000      27.1805     0.999947  0.000736583 -1.52032e-05 
        1000      27.2937     0.999947  0.000736586 -1.51565e-05 
        1000       27.407     0.999948  0.000736586 -1.51104e-05 
        1000      27.5206     0.999948  0.000736584  -1.5064e-05 
        1000      27.6344     0.999949  0.000736581  -1.5017e-05 
        1000      27.7485     0.999949  0.000736579 -1.49684e-05 
        1000      27.8628      0.99995  0.000736579 -1.49173e-05 
        1000      27.9774      0.99995  0.000736584 -1.48625e-05 
        1000      28.0922     0.999951  0.000736595 -1.48028e-05 
        1000      28.2071     0.999951  0.000736617 -1.47367e-05 
        1000      28.3224     0.999952  0.000736652 -1.46623e-05 
        1000      28.4379     0.999953  0.000736704 -1.45777e-05 
        1000      28.5536     0.999953  0.000736776 -1.44806e-05 
        1000      28.6695     0.999954  0.000736873 -1.43684e-05 
        1000      28.7857     0.999954  0.000736998 -1.42382e-05 
        1000      28.9021     0.999955  0.000737088 -1.41496e-05 
        1000      29.0188     0.999956  0.000737061 -1.41717e-05 
        1000      29.1358     0.999956  0.000737045 -1.41837e-05 
        1000      29.2528     0.999957  0.000737038  -1.4186e-05 
        1000      29.3702     0.999957  0.000737037 -1.41791e-05 
        1000      29.4878     0.999958  0.000737039 -1.41632e-05 
        1000      29.6057     0.999959   0.00073704 -1.41383e-05 
        1000      29.7237     0.999959  0.000737035 -1.41043e-05 
        1000       29.842      0.99996  0.000737018 -1.40608e-05 
        1000      29.9606      0.99996  0.000736984 -1.40072e-05 
        1000      30.0793      0.99996  0.000736979 -1.39445e-05 
        1000      30.1984     0.999961  0.000737064 -1.38784e-05 
        1000      30.3176     0.999962  0.000737135 -1.38087e-05 
        1000      30.4371     0.999963  0.000737193 -1.37364e-05 
        1000      30.5567     0.999963  0.000737239 -1.36625e-05 
        1000      30.6767     0.999964  0.000737273 -1.35878e-05 
        1000      30.7969     0.999964  0.000737297 -1.35131e-05 
        1000      30.9173     0.999965  0.000737312  -1.3439e-05 
        1000       31.038     0.999965  0.000737316 -1.33659e-05 
        1000      31.1588     0.999966  0.000737312 -1.32943e-05 
        1000        31.28     0.999966  0.000737298 -1.32245e-05 
        1000      31.4013     0.999967  0.000737324 -1.31615e-05 
        1000      31.5229     0.999967  0.000737401 -1.31035e-05 
        1000      31.6447     0.999968   0.00073746 -1.30437e-05 
        1000      31.7668     0.999969  0.000737506 -1.29829e-05 
        1000      31.8892     0.999969  0.000737542 -1.29221e-05 
        1000      32.0116      0.99997   0.00073757 -1.28617e-05 
        1000      32.1344      0.99997  0.000737593 -1.28022e-05 
        1000      32.2574     0.999971  0.000737612  -1.2744e-05 
        1000      32.3807     0.999971  0.000737629 -1.26871e-05 
        1000      32.5041     0.999972  0.000737646 -1.26317e-05 
        1000      32.6278     0.999972  0.000737663 -1.25777e-05 
        1000      32.7518     0.999973  0.000737681 -1.25252e-05 
        1000      32.8759     0.999973    0.0007377 -1.24741e-05 
        1000      33.0004     0.999974   0.00073772 -1.24241e-05 
        1000       33.125     0.999974  0.000737741 -1.23752e-05 
        1000      33.2499     0.999975  0.000737764  -1.2327e-05 
        1000       33.375     0.999975  0.000737787 -1.22794e-05 
        1000      33.5004     0.999976  0.000737811 -1.22323e-05 
        1000      33.6259     0.999977  0.000737835 -1.21853e-05 
        1000      33.7518     0.999977  0.000737859 -1.21383e-05 
        1000      33.8779     0.999978  0.000737883 -1.20911e-05 
        1000      34.0041     0.999978  0.000737907 -1.20436e-05 
        1000      34.1307     0.999979   0.00073793 -1.19955e-05 
        1000      34.2574     0.999979  0.000737952 -1.19469e-05 
        1000      34.3844      0.99998  0.000737974 -1.18975e-05 
        1000      34.5116      0.99998  0.000737996 -1.18474e-05 
        1000      34.6391     0.999981  0.000738017 -1.17964e-05 
        1000      34.7669     0.999981  0.000738038 -1.17446e-05 
        1000      34.8947     0.999982   0.00073806 -1.16918e-05 
        1000       35.023     0.999982  0.000738082 -1.16382e-05 
        1000      35.1513     0.999983  0.000738106 -1.15838e-05 
        1000        35.28     0.999983  0.000738131 -1.15286e-05 
        1000      35.4088     0.999984  0.000738158 -1.14726e-05 
        1000       35.538     0.999985  0.000738187 -1.14159e-05 
        1000      35.6674     0.999985  0.000738218 -1.13586e-05 
        1000      35.7969     0.999986  0.000738251 -1.13008e-05 
        1000      35.9267     0.999986  0.000738286 -1.12425e-05 
        1000      36.0567     0.999987  0.000738324 -1.11839e-05 
        1000      36.1871     0.999987  0.000738362 -1.11249e-05 
        1000      36.3175     0.999988  0.000738402 -1.10657e-05 
        1000      36.4483     0.999988  0.000738441 -1.10063e-05 
        1000      36.5793     0.999989  0.000738479 -1.09469e-05 
        1000      36.7105     0.999989  0.000738515 -1.08874e-05 
        1000       36.842      0.99999  0.000738548 -1.08281e-05 
        1000      36.9737     0.999991  0.000738577  -1.0769e-05 
        1000      37.1057     0.999991    0.0007386 -1.07101e-05 
        1000      37.2378     0.999992  0.000738619 -1.06518e-05 
        1000      37.3702     0.999992  0.000738632 -1.05942e-05 
        1000      37.5028     0.999992  0.000738642 -1.05375e-05 
        1000      37.6357     0.999993  0.000738649  -1.0482e-05 
        1000      37.7689     0.999993  0.000738657 -1.04281e-05 
        1000      37.9021     0.999994  0.000738671 -1.03765e-05 
        1000      38.0358     0.999995  0.000738699 -1.03277e-05 
        1000      38.1695     0.999996  0.000738752 -1.02825e-05 
        1000      38.3036     0.999997  0.000738842 -1.02419e-05 
        1000      38.4378     0.999997  0.000738919 -1.01976e-05 
        1000      38.5724     0.999998  0.000738886 -1.01375e-05 
        1000      38.7071     0.999998  0.000738875  -1.0082e-05 
        1000      38.8421     0.999998  0.000738881 -1.00298e-05 
        1000      38.9774     0.999999    0.0007389 -9.98009e-06 
        1000      39.1128            1  0.000738927 -9.93208e-06 
        1000      39.2485            1   0.00073896 -9.88505e-06 
        1000      39.3844            1  0.000738996 -9.83856e-06 
        1000      39.5206            1  0.000739032 -9.79209e-06 
        1000      39.6569            1  0.000739068  -9.7454e-06 
        1000      39.7936            1  0.000739101  -9.6982e-06 
        1000      39.9305            1  0.000739132 -9.65036e-06 
        1000      40.0675            1  0.000739159 -9.60183e-06 
        1000      40.2049      1.00001  0.000739183 -9.55253e-06 
        1000      40.3424      1.00001  0.000739205 -9.50257e-06 
        1000      40.4803      1.00001  0.000739224 -9.45195e-06 
        1000      40.6183      1.00001  0.000739241 -9.40085e-06 
        1000      40.7566      1.00001  0.000739257 -9.34936e-06 
        1000      40.8951      1.00001  0.000739273 -9.29766e-06 
        1000      41.0338      1.00001  0.000739289 -9.24599e-06 
        1000      41.1728      1.00001  0.000739306 -9.19445e-06 
        1000       41.312      1.00001  0.000739324 -9.14331e-06 
        1000      41.4515      1.00001  0.000739344 -9.09265e-06 
        1000      41.5911      1.00001  0.000739367 -9.04272e-06 
        1000      41.7311      1.00001  0.000739393 -8.99357e-06 
        1000      41.8712      1.00001  0.000739421 -8.94538e-06 
        1000      42.0116      1.00001  0.000739451 -8.89813e-06 
        1000      42.1523      1.00001  0.000739484 -8.85187e-06 
        1000      42.2931      1.00002  0.000739519 -8.80658e-06 
        1000      42.4342      1.00002  0.000739556 -8.76206e-06 
        1000      42.5755      1.00002  0.000739594 -8.71817e-06 
        1000      42.7171      1.00002  0.000739633 -8.67454e-06 
        1000      42.8588      1.00002  0.000739674 -8.63083e-06 
        1000      43.0009      1.00002  0.000739715 -8.58644e-06 
        1000      43.1433      1.00002  0.000739758 -8.54074e-06 
        1000      43.2857      1.00002  0.000739803 -8.49294e-06 
        1000      43.4285      1.00002  0.000739852 -8.44199e-06 
        1000      43.5714      1.00002  0.000739908 -8.38679e-06 
        1000      43.7146      1.00002  0.000739951 -8.33628e-06 
        1000       43.858      1.00002  0.000739956 -8.30137e-06 
        1000      44.0018      1.00002  0.000739961 -8.26355e-06 
        1000      44.1457      1.00002  0.000739966 -8.22266e-06 
        1000      44.2898      1.00002  0.000739973 -8.17867e-06 
        1000      44.4342      1.00002  0.000739981 -8.13158e-06 
        1000      44.5788      1.00003  0.000739992  -8.0816e-06 
        1000      44.7237      1.00003  0.000740006 -8.02892e-06 
        1000      44.8687      1.00003  0.000740023 -7.97394e-06 
        1000      45.0141      1.00003  0.000740042 -7.91698e-06 
        1000      45.1596      1.00003  0.000740064  -7.8586e-06 
        1000      45.3054      1.00003  0.000740088 -7.79919e-06 
        1000      45.4515      1.00003  0.000740115 -7.73934e-06 
        1000      45.5977      1.00003  0.000740144 -7.67961e-06 
        1000      45.7443      1.00003  0.000740175 -7.62044e-06 
        1000      45.8909      1.00003  0.000740208  -7.5624e-06 
        1000       46.038      1.00003  0.000740243  -7.5058e-06 
        1000      46.1851      1.00003  0.000740278 -7.45107e-06 
        1000      46.3326      1.00003  0.000740315 -7.39834e-06 
        1000      46.4803      1.00003  0.000740352  -7.3477e-06 
        1000      46.6281      1.00003  0.000740389 -7.29907e-06 
        1000      46.7763      1.00003  0.000740424 -7.25202e-06 
        1000      46.9247      1.00003  0.000740455 -7.20602e-06 
        1000      47.0733      1.00003   0.00074048 -7.16005e-06 
        1000      47.2221      1.00003  0.000740494 -7.11292e-06 
        1000      47.3712      1.00004  0.000740493 -7.06286e-06 
        1000      47.5205      1.00004   0.00074047 -7.00777e-06 
        1000      47.6701      1.00004  0.000740445 -6.95293e-06 
        1000      47.8199      1.00004  0.000740517 -6.92454e-06 
        1000      47.9699      1.00004  0.000740569 -6.89228e-06 
        1000      48.1202      1.00004  0.000740608 -6.85685e-06 
        1000      48.2706      1.00004  0.000740636 -6.81897e-06 
        1000      48.4214      1.00004  0.000740658 -6.77912e-06 
        1000      48.5723      1.00004  0.000740675 -6.73782e-06 
        1000      48.7235      1.00004   0.00074069 -6.69539e-06 
        1000       48.875      1.00005  0.000740704 -6.65216e-06 
        1000      49.0266      1.00005  0.000740719 -6.60842e-06 
        1000      49.1786      1.00005  0.000740736 -6.56427e-06 
        1000      49.3307      1.00005  0.000740754 -6.51994e-06 
        1000      49.4831      1.00005  0.000740774 -6.47545e-06 
        1000      49.6356      1.00005  0.000740795 -6.43093e-06 
        1000      49.7885      1.00005  0.000740819 -6.38634e-06 
        1000      49.9416      1.00005  0.000740845 -6.34172e-06 
        1000      50.0949      1.00005  0.000740872 -6.29712e-06 
        1000      50.2485      1.00005  0.000740901 -6.25242e-06 
        1000      50.4022      1.00005   0.00074093 -6.20768e-06 
        1000      50.5563      1.00005   0.00074096 -6.16278e-06 
        1000      50.7105      1.00005  0.000740991 -6.11775e-06 
        1000       50.865      1.00005  0.000741021 -6.07248e-06 
        1000      51.0197      1.00005  0.000741051   -6.027e-06 
        1000      51.1747      1.00005  0.000741081 -5.98121e-06 
        1000      51.3299      1.00005   0.00074111 -5.93511e-06 
        1000      51.4853      1.00005  0.000741139 -5.88872e-06 
        1000       51.641      1.00006  0.000741166 -5.84195e-06 
        1000      51.7968      1.00006  0.000741193 -5.79488e-06 
        1000       51.953      1.00006  0.000741219 -5.74744e-06 
        1000      52.1093      1.00006  0.000741244 -5.69972e-06 
        1000       52.266      1.00006  0.000741268 -5.65166e-06 
        1000      52.4228      1.00006  0.000741292 -5.60334e-06 
        1000      52.5798      1.00006  0.000741315 -5.55484e-06 
        1000      52.7372      1.00006  0.000741337 -5.50613e-06 
        1000      52.8947      1.00006   0.00074136 -5.45733e-06 
        1000      53.0525      1.00006  0.000741381 -5.40843e-06 
        1000      53.2104      1.00006  0.000741403 -5.35957e-06 
        1000      53.3688      1.00006  0.000741424 -5.31073e-06 
        1000      53.5273      1.00006  0.000741445   -5.262e-06 
        1000      53.6859      1.00006  0.000741466 -5.21349e-06 
        1000      53.8449      1.00006  0.000741487 -5.16517e-06 
        1000      54.0041      1.00006  0.000741508 -5.11717e-06 
        1000      54.1635      1.00007  0.000741529 -5.06945e-06 
        1000      54.3231      1.00007  0.000741551 -5.02212e-06 
        1000      54.4831      1.00007  0.000741572 -4.97512e-06 
        1000      54.6431      1.00007  0.000741593 -4.92853e-06 
        1000      54.8035      1.00007  0.000741614 -4.88228e-06 
        1000      54.9642      1.00007  0.000741635 -4.83638e-06 
        1000      55.1249      1.00007  0.000741655 -4.79083e-06 
        1000      55.2861      1.00007  0.000741676 -4.74551e-06 
        1000      55.4473      1.00007  0.000741697 -4.70042e-06 
        1000      55.6089      1.00007  0.000741718 -4.65541e-06 
        1000      55.7706      1.00007  0.000741739 -4.61046e-06 
        1000      55.9327      1.00007   0.00074176 -4.56539e-06 
        1000      56.0949      1.00008  0.000741782  -4.5201e-06 
        1000      56.2574      1.00008  0.000741805  -4.4745e-06 
        1000      56.4201      1.00008  0.000741829  -4.4284e-06 
        1000       56.583      1.00008  0.000741854 -4.38172e-06 
        1000      56.7462      1.00008  0.000741881 -4.33425e-06 
        1000      56.9096      1.00008   0.00074191 -4.28595e-06 
        1000      57.0733      1.00008  0.000741942 -4.23663e-06 
        1000      57.2371      1.00008  0.000741976 -4.18628e-06 
        1000      57.4013      1.00008  0.000742014 -4.13475e-06 
        1000      57.5657      1.00008  0.000742054 -4.08209e-06 
        1000      57.7302      1.00008  0.000742098 -4.02835e-06 
        1000      57.8951      1.00008  0.000742144 -3.97355e-06 
        1000      58.0601      1.00009  0.000742193 -3.91796e-06 
        1000      58.2254      1.00009   0.00074219  -3.8757e-06 
        1000      58.3909      1.00009  0.000742173 -3.83654e-06 
        1000      58.5567      1.00009  0.000742163 -3.79492e-06 
        1000      58.7228      1.00009  0.000742161 -3.75098e-06 
        1000      58.8889      1.00009  0.000742167 -3.70492e-06 
        1000      59.0554      1.00009  0.000742181  -3.6569e-06 
        1000      59.2221      1.00009  0.000742204 -3.60731e-06 
        1000      59.3891      1.00009  0.000742234 -3.55643e-06 
        1000      59.5562      1.00009  0.000742271 -3.50479e-06 
        1000      59.7236      1.00009  0.000742311 -3.45284e-06 
        1000      59.8914      1.00009  0.000742352 -3.40124e-06 
        1000      60.0592      1.00009  0.000742389 -3.35074e-06 
        1000      60.2273      1.00009  0.000742416 -3.30209e-06 
        1000      60.3956      1.00009  0.000742425 -3.25631e-06 
        1000      60.5642      1.00009  0.000742407 -3.21441e-06 
        1000       60.733      1.00009  0.000742348 -3.17767e-06 
        1000      60.9021      1.00009  0.000742234 -3.14742e-06 
        1000      61.0713      1.00009  0.000742299 -3.10893e-06 
        1000      61.2409      1.00009  0.000742369 -3.06784e-06 
        1000      61.4107      1.00009  0.000742418   -3.026e-06 
        1000      61.5806      1.00009  0.000742452 -2.98354e-06 
        1000      61.7509       1.0001  0.000742477  -2.9405e-06 
        1000      61.9213       1.0001  0.000742495 -2.89699e-06 
        1000      62.0921       1.0001  0.000742511   -2.853e-06 
        1000      62.2629       1.0001  0.000742526  -2.8086e-06 
        1000      62.4342       1.0001  0.000742541 -2.76374e-06 
        1000      62.6056       1.0001  0.000742559 -2.71844e-06 
        1000      62.7772       1.0001  0.000742579 -2.67272e-06 
        1000      62.9491       1.0001  0.000742601 -2.62649e-06 
        1000      63.1212       1.0001  0.000742626 -2.57978e-06 
        1000      63.2936      1.00011  0.000742654 -2.53251e-06 
        1000      63.4661      1.00011  0.000742683 -2.48472e-06 
        1000      63.6389      1.00011  0.000742714  -2.4363e-06 
        1000       63.812      1.00011  0.000742745 -2.38729e-06 
        1000      63.9853      1.00011  0.000742777 -2.33772e-06 
        1000      64.1588      1.00011  0.000742807  -2.2875e-06 
        1000      64.3325      1.00011  0.000742837 -2.23673e-06 
        1000      64.5066      1.00011  0.000742866 -2.18537e-06 
        1000      64.6807      1.00011  0.000742892 -2.13352e-06 
        1000      64.8552      1.00011  0.000742916 -2.08117e-06 
        1000      65.0298      1.00011  0.000742937 -2.02848e-06 
        1000      65.2048      1.00011  0.000742956 -1.97545e-06 
        1000      65.3801      1.00011  0.000742972 -1.92225e-06 
        1000      65.5554      1.00011  0.000742986 -1.86905e-06 
        1000      65.7311      1.00011  0.000742998 -1.81592e-06 
        1000      65.9069      1.00011  0.000743009 -1.76311e-06 
        1000       66.083      1.00011  0.000743018 -1.71076e-06 
        1000      66.2593      1.00011  0.000743026 -1.65915e-06 
        1000      66.4359      1.00011  0.000743035 -1.60844e-06 
        1000      66.6128      1.00012  0.000743045 -1.55895e-06 
        1000      66.7898      1.00012  0.000743057 -1.51099e-06 
        1000      66.9671      1.00012  0.000743072  -1.4648e-06 
        1000      67.1445      1.00012  0.000743091 -1.42077e-06 
        1000      67.3223      1.00012  0.000743114 -1.37919e-06 
        1000      67.5002      1.00012  0.000743144 -1.34048e-06 
        1000      67.6785      1.00012  0.000743181 -1.30497e-06 
        1000      67.8569      1.00012  0.000743225 -1.27312e-06 
        1000      68.0356      1.00012  0.000743279 -1.24531e-06 
        1000      68.2146      1.00012  0.000743278 -1.18224e-06 
        1000      68.3937      1.00012  0.000743276 -1.11813e-06 
        1000      68.5732      1.00012  0.000743275 -1.05409e-06 
        1000      68.7527      1.00013  0.000743276 -9.90447e-07 
        1000      68.9326      1.00013  0.000743279  -9.2731e-07 
        1000      69.1127      1.00013  0.000743284 -8.64952e-07 
        1000      69.2931      1.00013  0.000743291 -8.03417e-07 
        1000      69.4737      1.00013  0.000743301 -7.42868e-07 
        1000      69.6544      1.00013  0.000743313 -6.83439e-07 
        1000      69.8355      1.00013  0.000743327 -6.25097e-07 
        1000      70.0167      1.00013  0.000743343 -5.67977e-07 
        1000      70.1983      1.00013   0.00074336 -5.12005e-07 
        1000      70.3799      1.00013  0.000743378 -4.57273e-07 
        1000       70.562      1.00013  0.000743396 -4.03681e-07 
        1000      70.7442      1.00013  0.000743415 -3.51244e-07 
        1000      70.9266      1.00013  0.000743434 -2.99964e-07 
        1000      71.1094      1.00013  0.000743453 -2.49708e-07 
        1000      71.2922      1.00013  0.000743471 -2.00498e-07 
        1000      71.4754      1.00014  0.000743489 -1.52186e-07 
        1000      71.6587      1.00014  0.000743507 -1.04775e-07 
        1000      71.8424      1.00014  0.000743525 -5.81052e-08 
        1000      72.0262      1.00014  0.000743542 -1.21575e-08 
        1000      72.2103      1.00014   0.00074356  3.32439e-08 
        1000      72.3947      1.00014  0.000743579  7.81782e-08 
        1000      72.5792      1.00014    0.0007436  1.22741e-07 
        1000      72.7641      1.00014  0.000743622  1.67153e-07 
        1000       72.949      1.00014  0.000743646  2.11518e-07 
        1000      73.1343      1.00013  0.000743673  2.56111e-07 
        1000      73.3198      1.00013  0.000743703  3.01103e-07 
        1000      73.5056      1.00013  0.000743735   3.4685e-07 
        1000      73.6916      1.00012   0.00074377   3.9366e-07 
        1000      73.8777      1.00011  0.000743806  4.41902e-07 
        1000      74.0642       1.0001  0.000743843  4.92137e-07 
        1000      74.2508      1.00009  0.000743877  5.44864e-07 
        1000      74.4378      1.00008  0.000743905  6.00855e-07 
        1000      74.6249      1.00006  0.000743923  6.60834e-07 
        1000      74.8123      1.00003  0.000743925  7.25855e-07 
        1000           75            1  0.000743903  7.97001e-07 
