Variables = x, y, u, v, p

Zone, I=800, F=POINT
          11            0    0.0942847   0.00523278 -0.000931215 
          11     0.000234    0.0943415    0.0052291 -0.000931183 
          11     0.000939    0.0945131   0.00521805 -0.000931088 
          11     0.002113    0.0947997   0.00519971 -0.000930929 
          11     0.003759    0.0952035   0.00517415 -0.000930709 
          11     0.005872    0.0957253   0.00514159 -0.000930429 
          11     0.008457    0.0963688   0.00510215  -0.00093009 
          11      0.01151    0.0971361   0.00505611 -0.000929696 
          11     0.015036    0.0980319   0.00500366 -0.000929248 
          11     0.019031    0.0990596   0.00494517 -0.000928751 
          11     0.023493     0.100223     0.004881 -0.000928207 
          11     0.028429     0.101529    0.0048114 -0.000927619 
          11     0.033831     0.102981   0.00473688 -0.000926993 
          11     0.039706     0.104588   0.00465774 -0.000926329 
          11     0.046047     0.106353   0.00457452 -0.000925634 
          11     0.052863     0.108285   0.00448751  -0.00092491 
          11      0.06015     0.110391   0.00439722 -0.000924161 
          11       0.0679     0.112675   0.00430417  -0.00092339 
          11     0.076126      0.11515   0.00420863   -0.0009226 
          11     0.084816     0.117818   0.00411115 -0.000921795 
          11     0.093982     0.120691   0.00401199 -0.000920977 
          11     0.103611     0.123775   0.00391165 -0.000920147 
          11     0.113718      0.12708   0.00381031 -0.000919308 
          11     0.124286      0.13061   0.00370843 -0.000918461 
          11     0.135333      0.13438   0.00360609 -0.000917606 
          11      0.14685     0.138394   0.00350362 -0.000916745 
          11     0.158827     0.142657   0.00340128 -0.000915877 
          11     0.171284     0.147185   0.00329905 -0.000915001 
          11     0.184201     0.151978   0.00319723 -0.000914119 
          11     0.197599     0.157053   0.00309576 -0.000913226 
          11     0.211455     0.162411   0.00299491 -0.000912324 
          11     0.225792     0.168067   0.00289459 -0.000911409 
          11       0.2406     0.174028   0.00279497 -0.000910479 
          11     0.255865     0.180296   0.00269623 -0.000909533 
          11     0.271613      0.18689   0.00259829 -0.000908569 
          11     0.287818     0.193807   0.00250144 -0.000907583 
          11     0.304506     0.201066   0.00240565 -0.000906569 
          11      0.32165     0.208664   0.00231123 -0.000905526 
          11     0.339278     0.216619   0.00221819 -0.000904449 
          11     0.357377     0.224931   0.00212678 -0.000903333 
          11      0.37593     0.233597   0.00203725 -0.000902174 
          11     0.394968     0.242635   0.00194962 -0.000900965 
          11     0.414461     0.252033   0.00186417 -0.000899702 
          11      0.43444     0.261805   0.00178094 -0.000898374 
          11     0.454872     0.271935   0.00170018 -0.000896975 
          11     0.475791     0.282435   0.00162187 -0.000895496 
          11     0.497163     0.293283   0.00154621 -0.000893928 
          11     0.519021     0.304489   0.00147314  -0.00089226 
          11      0.54135     0.316036   0.00140272  -0.00089048 
          11     0.564131     0.327903     0.001335 -0.000888579 
          11       0.5874     0.340097   0.00126983 -0.000886543 
          11     0.611121     0.352584   0.00120723  -0.00088436 
          11      0.63533     0.365368   0.00114703 -0.000882015 
          11      0.65999     0.378412    0.0010892 -0.000879497 
          11     0.685139     0.391721   0.00103354 -0.000876788 
          11     0.710759     0.405267  0.000979951 -0.000873875 
          11     0.736828     0.419021  0.000928353 -0.000870745 
          11     0.763387     0.432986  0.000878534 -0.000867378 
          11     0.790396     0.447123  0.000830448 -0.000863763 
          11     0.817896     0.461437  0.000783914 -0.000859879 
          11     0.845843     0.475886  0.000738913 -0.000855718 
          11     0.874283     0.490479  0.000695291 -0.000851256 
          11      0.90317     0.505174  0.000653063 -0.000846485 
          11     0.932551     0.519978  0.000612126 -0.000841381 
          11     0.962401     0.534862  0.000572501 -0.000835936 
          11     0.992697     0.549796  0.000534214 -0.000830138 
          11      1.02349     0.564788  0.000497207 -0.000823965 
          11      1.05472     0.579794  0.000461552 -0.000817412 
          11      1.08645      0.59482  0.000427205 -0.000810458 
          11      1.11863     0.609822  0.000394237   -0.0008031 
          11       1.1513     0.624804  0.000362609 -0.000795315 
          11      1.18444     0.639733  0.000332365   -0.0007871 
          11      1.21802     0.654575  0.000303538 -0.000778453 
          11      1.25211     0.669334  0.000276089 -0.000769353 
          11      1.28663     0.683961   0.00025006 -0.000759814 
          11      1.32165      0.69846  0.000225439 -0.000749801 
          11      1.35712     0.712781  0.000202245 -0.000739339 
          11      1.39308     0.726926  0.000180435 -0.000728409 
          11      1.42951     0.740859  0.000160017 -0.000717019 
          11      1.46638     0.754546  0.000140996 -0.000705182 
          11      1.50375     0.767986  0.000123323 -0.000692877 
          11      1.54156     0.781134  0.000106999 -0.000680133 
          11      1.57987      0.79399  9.19671e-05 -0.000666941 
          11      1.61863     0.806511  7.82146e-05 -0.000653329 
          11      1.65788     0.818698  6.56841e-05 -0.000639287 
          11      1.69757      0.83051  5.43571e-05 -0.000624853 
          11      1.73776     0.841951   4.4172e-05 -0.000610018 
          11      1.77842     0.852992  3.50906e-05 -0.000594811 
          11      1.81952     0.863612  2.70683e-05 -0.000579264 
          11      1.86113     0.873813  2.00374e-05 -0.000563373 
          11      1.90316     0.883569  1.39532e-05 -0.000547186 
          11      1.94571     0.892886  8.74845e-06 -0.000530701 
          11      1.98869     0.901742  4.37449e-06 -0.000513968 
          11      2.03217     0.910146  7.67673e-07 -0.000496985 
          11      2.07612     0.918089 -2.12359e-06 -0.000479794 
          11      2.12051     0.925566 -4.35259e-06 -0.000462433 
          11       2.1654     0.932589 -5.97811e-06 -0.000444905 
          11      2.21073     0.939153 -7.05535e-06 -0.000427267 
          11      2.25656     0.945274 -7.63992e-06 -0.000409518 
          11      2.30283     0.950951 -7.75985e-06 -0.000391704 
          11       2.3496     0.956205 -7.48054e-06 -0.000373836 
          11      2.39685     0.961044  -6.8343e-06 -0.000355949 
          11      2.44452     0.965478 -5.85573e-06 -0.000338087 
          11      2.49271     0.969531 -4.57463e-06 -0.000320245 
          11      2.54132     0.973213 -3.02698e-06 -0.000302475 
          11      2.59044     0.976549 -1.23535e-06 -0.000284773 
          11         2.64     0.979553   7.7901e-07 -0.000267191 
          11      2.69006     0.982248   3.0055e-06 -0.000249721 
          11      2.74056     0.984653  5.43033e-06 -0.000232412 
          11      2.79156      0.98679  8.04988e-06 -0.000215253 
          11      2.84304     0.988678  1.08574e-05 -0.000198277 
          11      2.89494     0.990337  1.38483e-05 -0.000181513 
          11      2.94735     0.991789  1.70279e-05 -0.000164948 
          11       3.0002      0.99305  2.03944e-05 -0.000148622 
          11      3.05355     0.994142  2.39587e-05 -0.000132522 
          11      3.10733      0.99508   2.7723e-05 -0.000116684 
          11      3.16163     0.995882  3.17008e-05 -0.000101094 
          11      3.21639     0.996563  3.58947e-05 -8.57736e-05 
          11      3.27158     0.997137  4.03057e-05 -7.07416e-05 
          11      3.32729     0.997619  4.49615e-05  -5.5981e-05 
          11      3.38342      0.99802  4.98465e-05 -4.15213e-05 
          11      3.44007     0.998351  5.49783e-05 -2.73436e-05 
          11      3.49714     0.998622  6.03541e-05 -1.34738e-05 
          11      3.55472     0.998843  6.59847e-05  1.06491e-07 
          11      3.61273     0.999021  7.18628e-05  1.33729e-05 
          11      3.67125     0.999163  7.79991e-05  2.63435e-05 
          11      3.73025     0.999276   8.4392e-05  3.90064e-05 
          11      3.78967     0.999363  9.10334e-05  5.13506e-05 
          11      3.84961      0.99943  9.79241e-05  6.33958e-05 
          11      3.90996     0.999481  0.000105057  7.51255e-05 
          11      3.97084     0.999519  0.000112432  8.65585e-05 
          11      4.03214     0.999546   0.00012003  9.76766e-05 
          11      4.09395     0.999565  0.000127857  0.000108498 
          11      4.15624     0.999577  0.000135898  0.000119016 
          11      4.21895     0.999584  0.000144139  0.000129224 
          11      4.28217     0.999587  0.000152583  0.000139141 
          11      4.34582     0.999587  0.000161207  0.000148755 
          11      4.40998     0.999585  0.000170014  0.000158085 
          11      4.47457     0.999581  0.000178978  0.000167119 
          11      4.53968     0.999577    0.0001881  0.000175873 
          11      4.60525     0.999571  0.000197364  0.000184345 
          11      4.67125     0.999565  0.000206758  0.000192533 
          11      4.73777     0.999559  0.000216281  0.000200449 
          11       4.8047     0.999552  0.000225912  0.000208087 
          11      4.87216     0.999546  0.000235655  0.000215465 
          11      4.94003      0.99954  0.000245482  0.000222574 
          11      5.00843     0.999533  0.000255399  0.000229429 
          11      5.07724     0.999527  0.000265382  0.000236023 
          11      5.14658     0.999521  0.000275439  0.000242373 
          11      5.21639     0.999515  0.000285556  0.000248475 
          11      5.28661      0.99951  0.000295716  0.000254332 
          11      5.35736     0.999505  0.000305926  0.000259958 
          11      5.42852     0.999499  0.000316153   0.00026535 
          11      5.50021     0.999495  0.000326425  0.000270517 
          11      5.57231      0.99949  0.000336708  0.000275457 
          11      5.64493     0.999485  0.000347014  0.000280183 
          11      5.71803     0.999481  0.000357328  0.000284696 
          11      5.79154     0.999477  0.000367637  0.000288997 
          11      5.86558     0.999473  0.000377949  0.000293098 
          11      5.94003      0.99947  0.000388242  0.000296997 
          11      6.01501     0.999466  0.000398529  0.000300705 
          11       6.0904     0.999463  0.000408793  0.000304221 
          11      6.16632      0.99946  0.000419033  0.000307555 
          11      6.24271     0.999457  0.000429255  0.000310708 
          11       6.3195     0.999454  0.000439439  0.000313681 
          11      6.39683     0.999452  0.000449594  0.000316484 
          11      6.47457     0.999449    0.0004597  0.000319118 
          11      6.55284     0.999447  0.000469773   0.00032159 
          11      6.63152     0.999445  0.000479792  0.000323902 
          11      6.71073     0.999443  0.000489772  0.000326061 
          11      6.79034     0.999442  0.000499693   0.00032807 
          11      6.87049      0.99944  0.000509569  0.000329934 
          11      6.95111     0.999438  0.000519387  0.000331657 
          11      7.03214     0.999437  0.000529138  0.000333239 
          11       7.1137     0.999436  0.000538835  0.000334688 
          11      7.19566     0.999435  0.000548462  0.000336006 
          11      7.27816     0.999434  0.000558032  0.000337198 
          11      7.36106     0.999433  0.000567531  0.000338268 
          11      7.44451     0.999433  0.000576974  0.000339225 
          11      7.52842     0.999432  0.000586346  0.000340058 
          11      7.61273     0.999432  0.000595636   0.00034078 
          11      7.69758     0.999431  0.000604855  0.000341396 
          11      7.78283     0.999431  0.000613998  0.000341908 
          11      7.86862     0.999431  0.000623089   0.00034232 
          11      7.95481     0.999431  0.000632078  0.000342623 
          11      8.04155     0.999431  0.000641002  0.000342836 
          11      8.12868     0.999431  0.000649882  0.000342967 
          11      8.21635     0.999432  0.000658662  0.000343002 
          11      8.30449     0.999432  0.000667344  0.000342947 
          11      8.39303     0.999432  0.000675936  0.000342808 
          11      8.48211     0.999433  0.000684464  0.000342588 
          11      8.57159     0.999434  0.000692919  0.000342292 
          11      8.66161     0.999434  0.000701317  0.000341921 
          11      8.75203     0.999435  0.000709638  0.000341481 
          11      8.84299     0.999436  0.000717887  0.000340971 
          11      8.93443     0.999437  0.000726051  0.000340394 
          11      9.02626     0.999438  0.000734118  0.000339752 
          11      9.11863     0.999439  0.000742098  0.000339044 
          11      9.21139      0.99944  0.000749984  0.000338275 
          11      9.30471     0.999441  0.000757796  0.000337443 
          11      9.39841     0.999442   0.00076553  0.000336553 
          11      9.49267     0.999443  0.000773205  0.000335608 
          11      9.58739     0.999445  0.000780808  0.000334618 
          11      9.68251     0.999446  0.000788308  0.000333594 
          11      9.77817     0.999448  0.000795779   0.00033251 
          11      9.87422     0.999449  0.000803151  0.000331388 
          11      9.97083     0.999451  0.000810439  0.000330224 
          11      10.0678     0.999452  0.000817638  0.000329021 
          11      10.1654     0.999454  0.000824763  0.000327775 
          11      10.2633     0.999455  0.000831805  0.000326489 
          11      10.3618     0.999457  0.000838783  0.000325165 
          11      10.4607     0.999459  0.000845694  0.000323804 
          11      10.5601     0.999461  0.000852532  0.000322409 
          11        10.66     0.999462  0.000859286  0.000320976 
          11      10.7603     0.999464  0.000865933  0.000319512 
          11      10.8611     0.999466  0.000872584  0.000318034 
          11      10.9623     0.999468  0.000879126  0.000316521 
          11      11.0641      0.99947  0.000885584  0.000314977 
          11      11.1663     0.999472  0.000891965  0.000313407 
          11       11.269     0.999474  0.000898274  0.000311816 
          11      11.3721     0.999476  0.000904527  0.000310202 
          11      11.4757     0.999478  0.000910715   0.00030857 
          11      11.5798      0.99948  0.000916844  0.000306916 
          11      11.6844     0.999482  0.000922901  0.000305246 
          11      11.7894     0.999484   0.00092889  0.000303556 
          11       11.895     0.999486  0.000934803  0.000301849 
          11      12.0009     0.999488  0.000940635  0.000300127 
          11      12.1073      0.99949  0.000946399   0.00029839 
          11      12.2142     0.999492  0.000952089   0.00029664 
          11      12.3216     0.999494  0.000957721  0.000294877 
          11      12.4294     0.999496  0.000963295  0.000293104 
          11      12.5378     0.999499  0.000968823  0.000291319 
          11      12.6465     0.999501  0.000974299  0.000289526 
          11      12.7558     0.999503  0.000979727  0.000287722 
          11      12.8656     0.999505  0.000985095  0.000285911 
          11      12.9757     0.999507  0.000990384  0.000284094 
          11      13.0864     0.999509  0.000995592  0.000282275 
          11      13.1975     0.999512   0.00100071   0.00028046 
          11      13.3092     0.999514   0.00100576  0.000278594 
          11      13.4212     0.999516   0.00101076  0.000276715 
          11      13.5338     0.999518   0.00101577  0.000274862 
          11      13.6468     0.999521   0.00102085  0.000273056 
          11      13.7603     0.999523   0.00102559  0.000271201 
          11      13.8743     0.999525   0.00103034  0.000269334 
          11      13.9886     0.999528    0.0010351  0.000267472 
          11      14.1036      0.99953   0.00103984  0.000265611 
          11      14.2189     0.999532   0.00104452  0.000263755 
          11      14.3348     0.999534   0.00104914  0.000261902 
          11       14.451     0.999536   0.00105368  0.000260054 
          11      14.5678     0.999539   0.00105816  0.000258208 
          11      14.6851     0.999541   0.00106257  0.000256361 
          11      14.8028     0.999543   0.00106692  0.000254485 
          11       14.921     0.999546   0.00107124  0.000252618 
          11      15.0396     0.999548   0.00107553  0.000250764 
          11      15.1588      0.99955   0.00107979  0.000248916 
          11      15.2783     0.999553   0.00108401  0.000247077 
          11      15.3984     0.999555   0.00108819   0.00024524 
          11       15.519     0.999557    0.0010923  0.000243407 
          11        15.64     0.999559   0.00109634  0.000241579 
          11      15.7615     0.999562   0.00110032  0.000239753 
          11      15.8834     0.999564   0.00110422  0.000237933 
          11      16.0058     0.999566   0.00110808  0.000236118 
          11      16.1286     0.999568   0.00111192  0.000234314 
          11       16.252      0.99957   0.00111577  0.000232518 
          11      16.3759     0.999573   0.00111962   0.00023073 
          11      16.5002     0.999575   0.00112342  0.000228943 
          11       16.625     0.999577   0.00112705  0.000227139 
          11      16.7501     0.999579   0.00113058  0.000225361 
          11      16.8759     0.999582   0.00113435  0.000223633 
          11       17.002     0.999584   0.00113797  0.000221876 
          11      17.1287     0.999586   0.00114149  0.000220106 
          11      17.2557     0.999588   0.00114493  0.000218338 
          11      17.3834     0.999591   0.00114833  0.000216582 
          11      17.5115     0.999593   0.00115168   0.00021485 
          11      17.6399     0.999595   0.00115499   0.00021314 
          11       17.769     0.999597   0.00115836  0.000211413 
          11      17.8984     0.999599   0.00116166  0.000209711 
          11      18.0284     0.999601   0.00116493  0.000208023 
          11      18.1587     0.999604   0.00116818  0.000206349 
          11      18.2896     0.999606   0.00117139  0.000204682 
          11       18.421     0.999608   0.00117457  0.000203024 
          11      18.5528      0.99961   0.00117769  0.000201376 
          11      18.6851     0.999612   0.00118077  0.000199733 
          11      18.8178     0.999614   0.00118379    0.0001981 
          11      18.9511     0.999616   0.00118677  0.000196473 
          11      19.0847     0.999619   0.00118971  0.000194853 
          11      19.2189     0.999621   0.00119262   0.00019324 
          11      19.3535     0.999623   0.00119552  0.000191637 
          11      19.4886     0.999625    0.0011984  0.000190042 
          11      19.6242     0.999627   0.00120126   0.00018846 
          11      19.7602     0.999629   0.00120409  0.000186892 
          11      19.8968     0.999631   0.00120687   0.00018534 
          11      20.0337     0.999633   0.00120959  0.000183805 
          11      20.1712     0.999635   0.00121227   0.00018228 
          11      20.3091     0.999637   0.00121499  0.000180757 
          11      20.4475     0.999639   0.00121777  0.000179234 
          11      20.5864     0.999641   0.00122026  0.000177767 
          11      20.7257     0.999643    0.0012229   0.00017628 
          11      20.8655     0.999645   0.00122551  0.000174789 
          11      21.0058     0.999647   0.00122805  0.000173304 
          11      21.1465     0.999649   0.00123051  0.000171829 
          11      21.2877     0.999651   0.00123293  0.000170368 
          11      21.4294     0.999653   0.00123535  0.000168919 
          11      21.5716     0.999655   0.00123777  0.000167486 
          11      21.7142     0.999657    0.0012402  0.000166069 
          11      21.8573     0.999658   0.00124264  0.000164666 
          11      22.0008      0.99966   0.00124506   0.00016328 
          11      22.1449     0.999662   0.00124744  0.000161909 
          11      22.2893     0.999664   0.00124976  0.000160552 
          11      22.4344     0.999666   0.00125203  0.000159204 
          11      22.5797     0.999668   0.00125424  0.000157865 
          11      22.7257      0.99967   0.00125641  0.000156528 
          11      22.8721     0.999672   0.00125857  0.000155194 
          11      23.0189     0.999674   0.00126072  0.000153864 
          11      23.1663     0.999675   0.00126288  0.000152547 
          11       23.314     0.999677   0.00126503  0.000151266 
          11      23.4623      0.99968   0.00126711  0.000150019 
          11       23.611     0.999681   0.00126919  0.000148761 
          11      23.7602     0.999682   0.00127127  0.000147461 
          11        23.91     0.999684   0.00127327  0.000146174 
          11        24.06     0.999686   0.00127531  0.000144939 
          11      24.2107     0.999688   0.00127736  0.000143727 
          11      24.3617      0.99969   0.00127937  0.000142527 
          11      24.5133     0.999691   0.00128134  0.000141331 
          11      24.6653     0.999693   0.00128327  0.000140141 
          11      24.8178     0.999695   0.00128516  0.000138954 
          11      24.9708     0.999696   0.00128703  0.000137777 
          11      25.1242     0.999698   0.00128887   0.00013661 
          11      25.2781       0.9997   0.00129071  0.000135455 
          11      25.4324     0.999702   0.00129254  0.000134314 
          11      25.5873     0.999704   0.00129436  0.000133184 
          11      25.7426     0.999705   0.00129618  0.000132066 
          11      25.8984     0.999707   0.00129799  0.000130956 
          11      26.0546     0.999708   0.00129977  0.000129856 
          11      26.2114      0.99971   0.00130154  0.000128764 
          11      26.3686     0.999711   0.00130326  0.000127681 
          11      26.5262     0.999713   0.00130494   0.00012661 
          11      26.6844     0.999715   0.00130657  0.000125549 
          11      26.8429     0.999717   0.00130816    0.0001245 
          11       27.002     0.999718   0.00130976  0.000123458 
          11      27.1615     0.999719    0.0013114  0.000122434 
          11      27.3216     0.999721   0.00131304  0.000121421 
          11      27.4821     0.999723   0.00131466   0.00012042 
          11       27.643     0.999724   0.00131626  0.000119428 
          11      27.8044     0.999726   0.00131783  0.000118446 
          11      27.9663     0.999728   0.00131937  0.000117474 
          11      28.1287     0.999729    0.0013209   0.00011651 
          11      28.2914     0.999731    0.0013224  0.000115558 
          11      28.4548     0.999732    0.0013239  0.000114615 
          11      28.6185     0.999734   0.00132538  0.000113685 
          11      28.7828     0.999735   0.00132686  0.000112765 
          11      28.9475     0.999737   0.00132832  0.000111857 
          11      29.1126     0.999738   0.00132977  0.000110962 
          11      29.2784     0.999739   0.00133121  0.000110078 
          11      29.4444     0.999741   0.00133264  0.000109205 
          11       29.611     0.999742   0.00133405  0.000108343 
          11       29.778     0.999744   0.00133543  0.000107491 
          11      29.9456     0.999745    0.0013368  0.000106648 
          11      30.1137     0.999747   0.00133814  0.000105812 
          11      30.2821     0.999748   0.00133946  0.000104984 
          11      30.4511      0.99975   0.00134076  0.000104162 
          11      30.6204     0.999752   0.00134205  0.000103344 
          11      30.7903     0.999753   0.00134332   0.00010253 
          11      30.9606     0.999755   0.00134459   0.00010172 
          11      31.1315     0.999756   0.00134585  0.000100913 
          11      31.3028     0.999757    0.0013471  0.000100108 
          11      31.4745     0.999758   0.00134835  9.93085e-05 
          11      31.6468     0.999759   0.00134959   9.8513e-05 
          11      31.8194      0.99976   0.00135079   9.7725e-05 
          11      31.9926     0.999761   0.00135199  9.69839e-05 
          11      32.1662     0.999763   0.00135321  9.62865e-05 
          11      32.3404     0.999764   0.00135441  9.55834e-05 
          11      32.5149     0.999766   0.00135559  9.48834e-05 
          11        32.69     0.999768   0.00135674  9.41908e-05 
          11      32.8655      0.99977   0.00135788  9.35091e-05 
          11      33.0414     0.999771   0.00135904  9.28374e-05 
          11       33.218     0.999773   0.00136029  9.21685e-05 
          11      33.3948     0.999773   0.00136151  9.15581e-05 
          11      33.5723     0.999773   0.00136256  9.09669e-05 
          11        33.75     0.999775   0.00136358  9.03446e-05 
          11      33.9284     0.999776   0.00136459  8.96948e-05 
          11      34.1073     0.999778   0.00136558  8.90199e-05 
          11      34.2865      0.99978   0.00136656    8.832e-05 
          11      34.4663     0.999781   0.00136753  8.75905e-05 
          11      34.6465     0.999782   0.00136854  8.68878e-05 
          11      34.8272     0.999784   0.00136977  8.63988e-05 
          11      35.0083     0.999785    0.0013709  8.58688e-05 
          11        35.19     0.999786   0.00137196  8.53121e-05 
          11      35.3721     0.999787   0.00137297  8.47408e-05 
          11      35.5546     0.999789   0.00137394  8.41641e-05 
          11      35.7377      0.99979   0.00137489  8.35875e-05 
          11      35.9211     0.999791    0.0013758   8.3016e-05 
          11      36.1052     0.999792   0.00137671  8.24518e-05 
          11      36.2895     0.999793   0.00137761  8.18972e-05 
          11      36.4745     0.999795   0.00137851  8.13522e-05 
          11      36.6598     0.999796   0.00137941   8.0818e-05 
          11      36.8457     0.999797   0.00138032  8.02934e-05 
          11      37.0321     0.999799   0.00138124  7.97787e-05 
          11      37.2188       0.9998   0.00138217  7.92737e-05 
          11      37.4062     0.999801   0.00138311  7.87775e-05 
          11      37.5938     0.999802   0.00138405  7.82903e-05 
          11      37.7821     0.999803   0.00138499  7.78113e-05 
          11      37.9707     0.999804   0.00138592  7.73412e-05 
          11      38.1599     0.999805   0.00138684  7.68792e-05 
          11      38.3496     0.999806   0.00138773  7.64258e-05 
          11      38.5396     0.999807    0.0013886  7.59812e-05 
          11      38.7302     0.999808   0.00138944  7.55447e-05 
          11      38.9211     0.999809   0.00139024  7.51169e-05 
          11      39.1127      0.99981   0.00139102  7.46966e-05 
          11      39.3046     0.999811   0.00139177   7.4284e-05 
          11      39.4971     0.999812   0.00139252  7.38775e-05 
          11      39.6899     0.999814   0.00139327  7.34768e-05 
          11      39.8833     0.999815   0.00139404  7.30802e-05 
          11      40.0772     0.999816   0.00139485  7.26867e-05 
          11      40.2714     0.999817    0.0013957  7.22956e-05 
          11      40.4663     0.999818   0.00139658  7.19058e-05 
          11      40.6615     0.999819   0.00139747  7.15179e-05 
          11      40.8573      0.99982   0.00139831  7.11326e-05 
          11      41.0534     0.999821   0.00139897  7.07535e-05 
          11      41.2501     0.999822   0.00139927  7.03852e-05 
          11      41.4473     0.999825   0.00140042  7.00794e-05 
          11      41.6448     0.999826   0.00140129  6.97821e-05 
          11      41.8429     0.999827   0.00140197  6.94857e-05 
          11      42.0414     0.999827   0.00140256  6.91881e-05 
          11      42.2405     0.999827   0.00140311   6.8888e-05 
          11      42.4399     0.999828   0.00140369  6.85861e-05 
          11      42.6399     0.999829    0.0014043  6.82828e-05 
          11      42.8404      0.99983   0.00140496    6.798e-05 
          11      43.0412     0.999831   0.00140565  6.76796e-05 
          11      43.2426     0.999833   0.00140638   6.7383e-05 
          11      43.4444     0.999834   0.00140712  6.70923e-05 
          11      43.6467     0.999835   0.00140786  6.68087e-05 
          11      43.8494     0.999836   0.00140859  6.65338e-05 
          11      44.0527     0.999837   0.00140931  6.62679e-05 
          11      44.2563     0.999838   0.00140999  6.60118e-05 
          11      44.4606     0.999839   0.00141064  6.57652e-05 
          11      44.6653     0.999839   0.00141126   6.5528e-05 
          11      44.8704      0.99984   0.00141185  6.52994e-05 
          11       45.076      0.99984   0.00141241  6.50783e-05 
          11       45.282     0.999841   0.00141295  6.48638e-05 
          11      45.4886     0.999842   0.00141349  6.46542e-05 
          11      45.6955     0.999843   0.00141402  6.44487e-05 
          11       45.903     0.999844   0.00141456  6.42457e-05 
          11      46.1111     0.999846   0.00141511  6.40445e-05 
          11      46.3194     0.999847   0.00141567  6.38445e-05 
          11      46.5283     0.999848   0.00141626  6.36452e-05 
          11      46.7376     0.999849   0.00141686  6.34471e-05 
          11      46.9475     0.999851   0.00141749  6.32505e-05 
          11      47.1577     0.999851   0.00141813  6.30569e-05 
          11      47.3685     0.999852   0.00141877  6.28679e-05 
          11      47.5798     0.999853   0.00141942  6.26855e-05 
          11      47.7914     0.999853   0.00142005  6.25125e-05 
          11      48.0037     0.999854   0.00142065  6.23512e-05 
          11      48.2162     0.999855    0.0014212  6.22042e-05 
          11      48.4294     0.999856    0.0014217  6.20736e-05 
          11      48.6429     0.999857    0.0014221  6.19608e-05 
          11       48.857     0.999857   0.00142239  6.18659e-05 
          11      49.0714     0.999857   0.00142253  6.17871e-05 
          11      49.2865     0.999856   0.00142271   6.1692e-05 
          11       49.502     0.999857   0.00142409   6.1463e-05 
          11      49.7179     0.999859   0.00142489  6.13352e-05 
          11      49.9343     0.999862   0.00142515  6.13274e-05 
          11      50.1511     0.999864   0.00142557  6.13018e-05 
          11      50.3685     0.999865   0.00142606  6.12221e-05 
          11      50.5862     0.999865   0.00142659  6.11097e-05 
          11      50.8046     0.999865   0.00142712  6.09811e-05 
          11      51.0234     0.999866   0.00142763  6.08492e-05 
          11      51.2425     0.999866   0.00142812  6.07234e-05 
          11      51.4623     0.999867   0.00142859  6.06098e-05 
          11      51.6824     0.999867   0.00142903  6.05124e-05 
          11      51.9031     0.999868   0.00142945  6.04331e-05 
          11      52.1241     0.999869   0.00142986  6.03724e-05 
          11      52.3457      0.99987   0.00143027  6.03294e-05 
          11      52.5676     0.999871   0.00143068  6.03025e-05 
          11      52.7902     0.999873    0.0014311  6.02893e-05 
          11      53.0133     0.999874   0.00143152  6.02875e-05 
          11      53.2366     0.999875   0.00143195  6.02942e-05 
          11      53.4606     0.999876   0.00143239  6.03068e-05 
          11      53.6849     0.999877   0.00143284  6.03231e-05 
          11      53.9099     0.999877    0.0014333  6.03408e-05 
          11      54.1351     0.999878   0.00143375  6.03583e-05 
          11       54.361     0.999879   0.00143421  6.03745e-05 
          11      54.5873      0.99988   0.00143466  6.03885e-05 
          11      54.8139      0.99988    0.0014351     6.04e-05 
          11      55.0412     0.999881   0.00143553  6.04093e-05 
          11      55.2688     0.999882   0.00143594  6.04169e-05 
          11       55.497     0.999883   0.00143635  6.04237e-05 
          11      55.7255     0.999883   0.00143674   6.0431e-05 
          11      55.9547     0.999884   0.00143712    6.044e-05 
          11      56.1844     0.999885   0.00143749  6.04523e-05 
          11      56.4143     0.999886   0.00143785  6.04693e-05 
          11      56.6449     0.999887   0.00143822  6.04923e-05 
          11      56.8757     0.999888   0.00143858  6.05225e-05 
          11      57.1072     0.999889   0.00143895  6.05609e-05 
          11       57.339     0.999889   0.00143933  6.06077e-05 
          11      57.5715      0.99989   0.00143972  6.06632e-05 
          11      57.8042     0.999891   0.00144011   6.0727e-05 
          11      58.0376     0.999891   0.00144052  6.07984e-05 
          11      58.2715     0.999892   0.00144092  6.08762e-05 
          11      58.5057     0.999892   0.00144132  6.09586e-05 
          11      58.7405     0.999893    0.0014417   6.1044e-05 
          11      58.9756     0.999893   0.00144207  6.11305e-05 
          11      59.2113     0.999894   0.00144239  6.12164e-05 
          11      59.4473     0.999895   0.00144268  6.13004e-05 
          11       59.684     0.999895   0.00144292   6.1382e-05 
          11      59.9212     0.999897   0.00144311  6.14621e-05 
          11      60.1586     0.999898   0.00144327   6.1543e-05 
          11      60.3967     0.999899   0.00144343  6.16299e-05 
          11      60.6351     0.999901   0.00144363  6.17306e-05 
          11      60.8741     0.999902   0.00144396  6.18573e-05 
          11      61.1135     0.999902   0.00144454  6.20267e-05 
          11      61.3534       0.9999   0.00144553  6.22621e-05 
          11      61.5939     0.999901   0.00144637  6.24545e-05 
          11      61.8346     0.999902   0.00144658  6.25826e-05 
          11       62.076     0.999904   0.00144662  6.27246e-05 
          11      62.3177     0.999904   0.00144649   6.2847e-05 
          11        62.56     0.999905   0.00144612  6.29122e-05 
          11      62.8026     0.999905   0.00144542  6.28765e-05 
          11      63.0459     0.999906    0.0014465  6.31317e-05 
          11      63.2894     0.999907   0.00144762  6.33984e-05 
          11      63.5336     0.999908   0.00144837  6.36068e-05 
          11      63.7783     0.999909   0.00144883  6.37736e-05 
          11      64.0233     0.999909   0.00144908  6.39148e-05 
          11      64.2689     0.999909   0.00144918  6.40459e-05 
          11      64.5148     0.999909   0.00144919  6.41808e-05 
          11      64.7613     0.999909   0.00144919  6.43325e-05 
          11      65.0082     0.999909   0.00144922  6.45125e-05 
          11      65.2557     0.999909   0.00144932  6.47309e-05 
          11      65.5036     0.999909   0.00144954  6.49665e-05 
          11      65.7519      0.99991   0.00144983  6.51206e-05 
          11      66.0008     0.999912   0.00145012  6.52833e-05 
          11        66.25     0.999913   0.00145042  6.54538e-05 
          11      66.4998     0.999914   0.00145072  6.56321e-05 
          11        66.75     0.999915   0.00145103  6.58178e-05 
          11      67.0007     0.999917   0.00145135   6.6011e-05 
          11      67.2518     0.999918   0.00145167  6.62112e-05 
          11      67.5035     0.999919   0.00145199  6.64186e-05 
          11      67.7557     0.999919    0.0014523  6.66328e-05 
          11      68.0082      0.99992   0.00145261  6.68535e-05 
          11      68.2614     0.999921   0.00145291   6.7081e-05 
          11      68.5148     0.999922   0.00145321  6.73146e-05 
          11      68.7688     0.999922   0.00145349  6.75546e-05 
          11      69.0232     0.999923   0.00145376  6.78001e-05 
          11      69.2782     0.999923   0.00145402  6.80514e-05 
          11      69.5337     0.999923   0.00145426  6.83079e-05 
          11      69.7895     0.999924   0.00145449  6.85691e-05 
          11      70.0459     0.999924   0.00145471   6.8835e-05 
          11      70.3026     0.999924   0.00145492  6.91047e-05 
          11        70.56     0.999925   0.00145512  6.93783e-05 
          11      70.8176     0.999925   0.00145531  6.96549e-05 
          11      71.0759     0.999926    0.0014555  6.99346e-05 
          11      71.3347     0.999926   0.00145568  7.02167e-05 
          11      71.5938     0.999927   0.00145586  7.05006e-05 
          11      71.8535     0.999928   0.00145603  7.07864e-05 
          11      72.1135     0.999928   0.00145621  7.10734e-05 
          11      72.3741     0.999929   0.00145638  7.13617e-05 
          11       72.635      0.99993   0.00145656  7.16507e-05 
          11      72.8967     0.999931   0.00145674  7.19407e-05 
          11      73.1585     0.999931   0.00145692  7.22311e-05 
          11      73.4211     0.999932    0.0014571  7.25225e-05 
          11      73.6841     0.999933   0.00145729  7.28147e-05 
          11      73.9473     0.999933   0.00145747  7.31077e-05 
          11      74.2113     0.999934   0.00145767  7.34021e-05 
          11      74.4755     0.999935   0.00145786   7.3698e-05 
          11      74.7404     0.999935   0.00145806  7.39961e-05 
          11      75.0056     0.999935   0.00145826  7.42966e-05 
          11      75.2714     0.999936   0.00145846  7.46005e-05 
          11      75.5377     0.999936   0.00145866  7.49081e-05 
          11      75.8043     0.999936   0.00145887    7.522e-05 
          11      76.0715     0.999937   0.00145909  7.55372e-05 
          11       76.339     0.999937    0.0014593  7.58599e-05 
          11      76.6072     0.999937   0.00145953  7.61892e-05 
          11      76.8756     0.999938   0.00145975   7.6525e-05 
          11      77.1448     0.999938   0.00145998  7.68683e-05 
          11      77.4141     0.999939   0.00146022  7.72186e-05 
          11      77.6842      0.99994   0.00146046  7.75765e-05 
          11      77.9547     0.999941   0.00146069  7.79411e-05 
          11      78.2255     0.999942   0.00146091  7.83115e-05 
          11       78.497     0.999944   0.00146111  7.86868e-05 
          11      78.7687     0.999945   0.00146127  7.90647e-05 
          11      79.0411     0.999946   0.00146139  7.94431e-05 
          11      79.3138     0.999946   0.00146141  7.98181e-05 
          11      79.5872     0.999945   0.00146132   8.0186e-05 
          11       79.861     0.999942   0.00146107  8.05412e-05 
          11      80.1351     0.999942   0.00146114  8.08665e-05 
          11      80.4098     0.999944   0.00146147  8.12241e-05 
          11      80.6849     0.999946   0.00146166  8.16273e-05 
          11      80.9606     0.999947   0.00146176  8.20609e-05 
          11      81.2365     0.999948   0.00146185  8.25114e-05 
          11      81.5132     0.999948   0.00146194   8.2969e-05 
          11      81.7903     0.999948   0.00146208  8.34254e-05 
          11      82.0676     0.999949   0.00146225  8.38743e-05 
          11      82.3457     0.999949   0.00146246  8.43122e-05 
          11       82.624     0.999949   0.00146271  8.47358e-05 
          11       82.903      0.99995   0.00146299  8.51445e-05 
          11      83.1822      0.99995   0.00146327  8.55375e-05 
          11      83.4622      0.99995   0.00146356  8.59161e-05 
          11      83.7424     0.999951   0.00146383  8.62813e-05 
          11      84.0232     0.999951   0.00146408  8.66357e-05 
          11      84.3046     0.999952   0.00146429  8.69816e-05 
          11      84.5862     0.999953   0.00146446  8.73213e-05 
          11      84.8685     0.999953   0.00146458  8.76583e-05 
          11       85.151     0.999954   0.00146466   8.7995e-05 
          11      85.4342     0.999954   0.00146469  8.83349e-05 
          11      85.7177     0.999955   0.00146469  8.86799e-05 
          11      86.0019     0.999955   0.00146465  8.90331e-05 
          11      86.2865     0.999956   0.00146459  8.93963e-05 
          11      86.5714     0.999956   0.00146451  8.97711e-05 
          11       86.857     0.999957   0.00146442  9.01596e-05 
          11      87.1428     0.999957   0.00146435   9.0562e-05 
          11      87.4293     0.999958   0.00146429  9.09798e-05 
          11      87.7161     0.999958   0.00146425  9.14126e-05 
          11      88.0035     0.999959   0.00146425  9.18611e-05 
          11      88.2914     0.999959   0.00146429  9.23245e-05 
          11      88.5796      0.99996   0.00146438  9.28018e-05 
          11      88.8685      0.99996   0.00146451  9.32931e-05 
          11      89.1576     0.999961   0.00146469  9.37967e-05 
          11      89.4474     0.999961    0.0014649  9.43124e-05 
          11      89.7374     0.999961   0.00146515  9.48388e-05 
          11      90.0282     0.999961   0.00146541  9.53761e-05 
          11      90.3192     0.999961   0.00146567  9.59232e-05 
          11      90.6109     0.999961   0.00146594  9.64575e-05 
          11       90.903     0.999962   0.00146632  9.68409e-05 
          11      91.1954     0.999964   0.00146667  9.72321e-05 
          11      91.4885     0.999965   0.00146697  9.76323e-05 
          11      91.7819     0.999967   0.00146719  9.80412e-05 
          11      92.0759     0.999968   0.00146732  9.84594e-05 
          11      92.3702     0.999969   0.00146736  9.88861e-05 
          11      92.6652      0.99997   0.00146729  9.93215e-05 
          11      92.9606      0.99997   0.00146713  9.97647e-05 
          11      93.2563     0.999971   0.00146689  0.000100215 
          11      93.5527     0.999971   0.00146659  0.000100673 
          11      93.8493     0.999971   0.00146626  0.000101136 
          11      94.1466     0.999971   0.00146593  0.000101606 
          11      94.4442     0.999971   0.00146564  0.000102081 
          11      94.7425     0.999971   0.00146543  0.000102561 
          11       95.041     0.999971   0.00146535  0.000103047 
          11      95.3402     0.999971   0.00146541  0.000103537 
          11      95.6399     0.999971   0.00146566  0.000104032 
          11      95.9398     0.999971   0.00146611  0.000104531 
          11      96.2404     0.999972   0.00146672  0.000105035 
          11      96.5412     0.999973   0.00146747  0.000105542 
          11      96.8428     0.999974   0.00146825  0.000106052 
          11      97.1446     0.999976   0.00146892  0.000106562 
          11      97.4471     0.999978   0.00146925  0.000107072 
          11      97.7501      0.99998   0.00146893  0.000107578 
          11      98.0533     0.999982   0.00146754  0.000108077 
          11      98.3572     0.999983   0.00146452  0.000108562 
          11      98.6613     0.999982   0.00146576  0.000109143 
          11      98.9662     0.999981   0.00146749  0.000109736 
          11      99.2712      0.99998   0.00146851  0.000110315 
          11       99.577      0.99998   0.00146901  0.000110882 
          11      99.8833      0.99998   0.00146913  0.000111439 
          11       100.19      0.99998   0.00146899  0.000111986 
          11      100.497      0.99998   0.00146869  0.000112525 
          11      100.804     0.999981    0.0014683  0.000113056 
          11      101.113     0.999981   0.00146788  0.000113584 
          11      101.421     0.999981   0.00146748  0.000114106 
          11       101.73     0.999982   0.00146713  0.000114627 
          11      102.039     0.999982   0.00146685  0.000115146 
          11      102.349     0.999983   0.00146665  0.000115665 
          11       102.66     0.999983   0.00146653  0.000116186 
          11      102.971     0.999984    0.0014665  0.000116708 
          11      103.282     0.999984   0.00146655  0.000117234 
          11      103.594     0.999984   0.00146667  0.000117764 
          11      103.906     0.999985   0.00146684  0.000118298 
          11      104.219     0.999985   0.00146706  0.000118838 
          11      104.532     0.999985    0.0014673  0.000119384 
          11      104.846     0.999985   0.00146757  0.000119936 
          11       105.16     0.999986   0.00146783  0.000120495 
          11      105.474     0.999986   0.00146809  0.000121061 
          11      105.789     0.999986   0.00146833  0.000121634 
          11      106.105     0.999986   0.00146854  0.000122213 
          11      106.421     0.999987   0.00146871  0.000122799 
          11      106.738     0.999987   0.00146884  0.000123392 
          11      107.055     0.999988   0.00146892  0.000123991 
          11      107.372     0.999988   0.00146896  0.000124595 
          11       107.69     0.999988   0.00146894  0.000125205 
          11      108.008     0.999989   0.00146888  0.000125818 
          11      108.327     0.999989   0.00146878  0.000126436 
          11      108.646      0.99999   0.00146863  0.000127056 
          11      108.966     0.999991   0.00146846  0.000127679 
          11      109.286     0.999991   0.00146825  0.000128302 
          11      109.607     0.999992   0.00146803  0.000128927 
          11      109.928     0.999992    0.0014678  0.000129551 
          11       110.25     0.999993   0.00146757  0.000130173 
          11      110.572     0.999993   0.00146734  0.000130793 
          11      110.895     0.999994   0.00146712   0.00013141 
          11      111.218     0.999994   0.00146692  0.000132023 
          11      111.541     0.999995   0.00146675  0.000132632 
          11      111.865     0.999995   0.00146662  0.000133236 
          11       112.19     0.999995   0.00146652  0.000133834 
          11      112.515     0.999996   0.00146646  0.000134425 
          11       112.84     0.999996   0.00146645  0.000135011 
          11      113.166     0.999997   0.00146648  0.000135589 
          11      113.492     0.999997   0.00146655  0.000136161 
          11      113.819     0.999997   0.00146667  0.000136725 
          11      114.147     0.999998   0.00146683  0.000137284 
          11      114.474     0.999998   0.00146703  0.000137836 
          11      114.803     0.999998   0.00146726  0.000138384 
          11      115.131     0.999999   0.00146751  0.000138927 
          11       115.46            1   0.00146779  0.000139467 
          11       115.79            1   0.00146809  0.000140005 
          11       116.12            1   0.00146839  0.000140542 
          11      116.451            1   0.00146869  0.000141081 
          11      116.782            1    0.0014688  0.000141905 
          11      117.113            1   0.00146879   0.00014273 
          11      117.446            1    0.0014687  0.000143513 
          11      117.778            1   0.00146852  0.000144257 
          11      118.111            1   0.00146826  0.000144966 
          11      118.444            1   0.00146793  0.000145645 
          11      118.778            1   0.00146755    0.0001463 
          11      119.112            1   0.00146713  0.000146935 
          11      119.447            1    0.0014667  0.000147558 
          11      119.783      1.00001   0.00146629  0.000148177 
          11      120.118      1.00001   0.00146593  0.000148798 
          11      120.455      1.00001   0.00146564  0.000149431 
          11      120.791      1.00001   0.00146544  0.000150085 
          11      121.128      1.00001   0.00146538  0.000150771 
          11      121.466      1.00001   0.00146546  0.000151498 
          11      121.804      1.00001    0.0014657  0.000152279 
          11      122.143      1.00001    0.0014661  0.000153124 
          11      122.482      1.00001   0.00146665  0.000154049 
          11      122.821      1.00001   0.00146733  0.000155064 
          11      123.161      1.00001   0.00146716  0.000155714 
          11      123.502      1.00002   0.00146601  0.000155828 
          11      123.843      1.00002   0.00146543  0.000156154 
          11      124.184      1.00002   0.00146535  0.000156607 
          11      124.526      1.00001    0.0014659  0.000157119 
          11      124.868      1.00001   0.00146519  0.000157777 
          11      125.211      1.00001   0.00146466  0.000158453 
          11      125.554      1.00001   0.00146453  0.000159118 
          11      125.898      1.00001   0.00146464  0.000159773 
          11      126.242      1.00001   0.00146488  0.000160421 
          11      126.587      1.00001   0.00146515  0.000161069 
          11      126.932      1.00001   0.00146538  0.000161726 
          11      127.278      1.00001   0.00146552  0.000162408 
          11      127.624      1.00001   0.00146547  0.000163195 
          11      127.971      1.00001   0.00146535  0.000164048 
          11      128.318      1.00001   0.00146528  0.000164864 
          11      128.665      1.00001   0.00146524  0.000165648 
          11      129.013      1.00002   0.00146521  0.000166405 
          11      129.361      1.00002   0.00146517   0.00016714 
          11       129.71      1.00002   0.00146513  0.000167858 
          11       130.06      1.00002   0.00146507  0.000168561 
          11       130.41      1.00002   0.00146499  0.000169255 
          11       130.76      1.00002   0.00146488  0.000169941 
          11      131.111      1.00002   0.00146476  0.000170622 
          11      131.462      1.00002   0.00146461  0.000171301 
          11      131.814      1.00002   0.00146446  0.000171979 
          11      132.166      1.00002   0.00146428  0.000172659 
          11      132.519      1.00002    0.0014641   0.00017334 
          11      132.872      1.00003   0.00146391  0.000174026 
          11      133.226      1.00003   0.00146372  0.000174715 
          11       133.58      1.00003   0.00146353   0.00017541 
          11      133.934      1.00002   0.00146334   0.00017611 
          11      134.289      1.00002   0.00146315  0.000176814 
          11      134.645      1.00002   0.00146297  0.000177525 
          11          135      1.00002    0.0014628  0.000178241 
          11      135.357      1.00002   0.00146263  0.000178963 
          11      135.714      1.00002   0.00146248  0.000179689 
          11      136.071      1.00002   0.00146233   0.00018042 
          11      136.429      1.00003   0.00146219  0.000181155 
          11      136.787      1.00003   0.00146205  0.000181893 
          11      137.146      1.00003   0.00146192  0.000182635 
          11      137.505      1.00003    0.0014618  0.000183378 
          11      137.865      1.00003   0.00146168  0.000184124 
          11      138.225      1.00003   0.00146157  0.000184871 
          11      138.586      1.00003   0.00146145  0.000185618 
          11      138.947      1.00003   0.00146134  0.000186366 
          11      139.309      1.00003   0.00146123  0.000187113 
          11      139.671      1.00003   0.00146112   0.00018786 
          11      140.033      1.00003     0.001461  0.000188605 
          11      140.397      1.00003   0.00146089   0.00018935 
          11       140.76      1.00003   0.00146077  0.000190092 
          11      141.124      1.00004   0.00146066  0.000190833 
          11      141.488      1.00004   0.00146054  0.000191572 
          11      141.853      1.00004   0.00146042  0.000192308 
          11      142.219      1.00004    0.0014603  0.000193043 
          11      142.584      1.00004   0.00146018  0.000193776 
          11      142.951      1.00004   0.00146006  0.000194507 
          11      143.317      1.00004   0.00145994  0.000195237 
          11      143.685      1.00004   0.00145983  0.000195965 
          11      144.052      1.00004   0.00145971  0.000196692 
          11      144.421      1.00004   0.00145959  0.000197417 
          11      144.789      1.00004   0.00145948  0.000198142 
          11      145.158      1.00004   0.00145936  0.000198866 
          11      145.528      1.00004   0.00145924  0.000199589 
          11      145.898      1.00004   0.00145912  0.000200311 
          11      146.269      1.00004   0.00145899  0.000201032 
          11       146.64      1.00004   0.00145885  0.000201751 
          11      147.011      1.00004    0.0014587  0.000202469 
          11      147.383      1.00005   0.00145854  0.000203183 
          11      147.755      1.00005   0.00145836  0.000203893 
          11      148.128      1.00005   0.00145817  0.000204598 
          11      148.502      1.00005   0.00145796  0.000205294 
          11      148.876      1.00004   0.00145773  0.000205981 
          11       149.25      1.00003   0.00145749  0.000206655 
          11      149.625      1.00002   0.00145725  0.000207313 
          11          150            1   0.00145702  0.000207951 
