Variables = x, y, u, v, p

Zone, I=800, F=POINT
          14            0     0.107295  -0.00987365  0.000116808 
          14     0.000234     0.107351  -0.00987083  0.000117168 
          14     0.000939     0.107519  -0.00986233  0.000118256 
          14     0.002113     0.107799  -0.00984823  0.000120066 
          14     0.003759     0.108194  -0.00982854  0.000122605 
          14     0.005872     0.108702  -0.00980341  0.000125864 
          14     0.008457     0.109328   -0.0097729  0.000129852 
          14      0.01151     0.110073  -0.00973718  0.000134563 
          14     0.015036     0.110939  -0.00969635  0.000140005 
          14     0.019031     0.111931  -0.00965064  0.000146172 
          14     0.023493     0.113049  -0.00960027  0.000153062 
          14     0.028429       0.1143  -0.00954536  0.000160685 
          14     0.033831     0.115687  -0.00948625  0.000169031 
          14     0.039706     0.117215  -0.00942311   0.00017811 
          14     0.046047     0.118888  -0.00935626  0.000187913 
          14     0.052863     0.120715   -0.0092859  0.000198453 
          14      0.06015     0.122699  -0.00921233  0.000209725 
          14       0.0679     0.124847  -0.00913593  0.000221717 
          14     0.076126     0.127168  -0.00905686  0.000234449 
          14     0.084816     0.129666  -0.00897552  0.000247903 
          14     0.093982     0.132353  -0.00889208  0.000262095 
          14     0.103611     0.135233  -0.00880693  0.000277005 
          14     0.113718      0.13832  -0.00872023  0.000292655 
          14     0.124286     0.141618  -0.00863236  0.000309015 
          14     0.135333     0.145141  -0.00854341   0.00032611 
          14      0.14685     0.148896  -0.00845369  0.000343922 
          14     0.158827     0.152891  -0.00836347   0.00036243 
          14     0.171284     0.157142  -0.00827277  0.000381657 
          14     0.184201     0.161652  -0.00818189  0.000401564 
          14     0.197599     0.166438  -0.00809082  0.000422171 
          14     0.211455     0.171504   -0.0079998   0.00044343 
          14     0.225792     0.176867  -0.00790877  0.000465362 
          14       0.2406     0.182533  -0.00781784  0.000487932 
          14     0.255865     0.188506  -0.00772713  0.000511099 
          14     0.271613     0.194806  -0.00763649  0.000534876 
          14     0.287818     0.201429  -0.00754606  0.000559197 
          14     0.304506     0.208395  -0.00745567   0.00058407 
          14      0.32165     0.215699  -0.00736543  0.000609419 
          14     0.339278     0.223358  -0.00727516  0.000635248 
          14     0.357377     0.231372  -0.00718487  0.000661494 
          14      0.37593     0.239737  -0.00709458  0.000688087 
          14     0.394968     0.248469  -0.00700408  0.000715021 
          14     0.414461     0.257557  -0.00691347  0.000742201 
          14      0.43444     0.267015  -0.00682253  0.000769612 
          14     0.454872     0.276826  -0.00673135  0.000797151 
          14     0.475791     0.287004  -0.00663972    0.0008248 
          14     0.497163     0.297528  -0.00654774  0.000852449 
          14     0.519021     0.308409   -0.0064552  0.000880075 
          14      0.54135     0.319632  -0.00636212   0.00090759 
          14     0.564131     0.331179  -0.00626854  0.000934904 
          14       0.5874     0.343058  -0.00617428  0.000961989 
          14     0.611121     0.355239  -0.00607946  0.000988736 
          14      0.63533     0.367726  -0.00598393   0.00101512 
          14      0.65999     0.380488  -0.00588786   0.00104103 
          14     0.685139     0.393527  -0.00579112   0.00106644 
          14     0.710759     0.406818  -0.00569384   0.00109128 
          14     0.736828     0.420332  -0.00559618   0.00111546 
          14     0.763387     0.434073  -0.00549804   0.00113897 
          14     0.790396     0.448002  -0.00539969   0.00116172 
          14     0.817896     0.462122  -0.00530107    0.0011837 
          14     0.845843     0.476391  -0.00520245   0.00120483 
          14     0.874283     0.490815  -0.00510377   0.00122512 
          14      0.90317     0.505352   -0.0050053    0.0012445 
          14     0.932551     0.520006  -0.00490695   0.00126296 
          14     0.962401     0.534748  -0.00480892   0.00128049 
          14     0.992697     0.549546  -0.00471133   0.00129703 
          14      1.02349     0.564407  -0.00461409   0.00131262 
          14      1.05472     0.579286   -0.0045174   0.00132721 
          14      1.08645     0.594189  -0.00442113   0.00134084 
          14      1.11863     0.609071  -0.00432547   0.00135347 
          14       1.1513     0.623936  -0.00423028   0.00136513 
          14      1.18444     0.638752  -0.00413563   0.00137582 
          14      1.21802     0.653485  -0.00404161   0.00138554 
          14      1.25211     0.668137  -0.00394805   0.00139433 
          14      1.28663     0.682661  -0.00385512   0.00140219 
          14      1.32165      0.69706  -0.00376265   0.00140914 
          14      1.35712     0.711286  -0.00367078    0.0014152 
          14      1.39308     0.725339  -0.00357937    0.0014204 
          14      1.42951     0.739185  -0.00348849   0.00142476 
          14      1.46638      0.75279  -0.00339822    0.0014283 
          14      1.50375     0.766152  -0.00330841   0.00143106 
          14      1.54156     0.779229  -0.00321921   0.00143305 
          14      1.57987     0.792017  -0.00313052   0.00143431 
          14      1.61863     0.804478  -0.00304248   0.00143487 
          14      1.65788      0.81661  -0.00295498   0.00143476 
          14      1.69757     0.828373  -0.00286819   0.00143399 
          14      1.73776     0.839771  -0.00278202   0.00143261 
          14      1.77842     0.850776  -0.00269657   0.00143065 
          14      1.81952     0.861365  -0.00261196   0.00142812 
          14      1.86113     0.871542   -0.0025281   0.00142507 
          14      1.90316      0.88128  -0.00244518   0.00142152 
          14      1.94571     0.890586  -0.00236312   0.00141749 
          14      1.98869     0.899436  -0.00228212   0.00141302 
          14      2.03217     0.907841  -0.00220211   0.00140814 
          14      2.07612      0.91579  -0.00212322   0.00140286 
          14      2.12051     0.923278  -0.00204556   0.00139722 
          14       2.1654     0.930318  -0.00196908   0.00139124 
          14      2.21073     0.936904  -0.00189396   0.00138495 
          14      2.25656     0.943051  -0.00182013   0.00137836 
          14      2.30283     0.948759  -0.00174776   0.00137151 
          14       2.3496     0.954047  -0.00167678    0.0013644 
          14      2.39685     0.958923   -0.0016073   0.00135707 
          14      2.44452     0.963397   -0.0015394   0.00134954 
          14      2.49271     0.967492  -0.00147301   0.00134182 
          14      2.54132     0.971218  -0.00140826   0.00133393 
          14      2.59044       0.9746  -0.00134507   0.00132589 
          14         2.64      0.97765  -0.00128354   0.00131771 
          14      2.69006     0.980394  -0.00122358    0.0013094 
          14      2.74056     0.982846  -0.00116529     0.001301 
          14      2.79156      0.98503  -0.00110855   0.00129249 
          14      2.84304     0.986966  -0.00105341    0.0012839 
          14      2.89494     0.988671 -0.000999893   0.00127524 
          14      2.94735     0.990169 -0.000947872   0.00126651 
          14       3.0002     0.991475 -0.000897409   0.00125774 
          14      3.05355      0.99261 -0.000848385   0.00124891 
          14      3.10733      0.99359 -0.000800838   0.00124006 
          14      3.16163     0.994433 -0.000754657   0.00123117 
          14      3.21639     0.995153 -0.000709829   0.00122226 
          14      3.27158     0.995764 -0.000666353   0.00121334 
          14      3.32729     0.996282 -0.000624111    0.0012044 
          14      3.38342     0.996717 -0.000583124   0.00119546 
          14      3.44007     0.997081 -0.000543279   0.00118651 
          14      3.49714     0.997384 -0.000504595   0.00117758 
          14      3.55472     0.997635 -0.000466969   0.00116864 
          14      3.61273     0.997842 -0.000430417   0.00115971 
          14      3.67125     0.998011  -0.00039484   0.00115079 
          14      3.73025      0.99815 -0.000360225   0.00114189 
          14      3.78967     0.998263  -0.00032656   0.00113301 
          14      3.84961     0.998355 -0.000293754   0.00112414 
          14      3.90996     0.998429 -0.000261828   0.00111529 
          14      3.97084     0.998489 -0.000230696   0.00110647 
          14      4.03214     0.998538 -0.000200382   0.00109767 
          14      4.09395     0.998578 -0.000170807    0.0010889 
          14      4.15624      0.99861 -0.000141946   0.00108015 
          14      4.21895     0.998637 -0.000113846   0.00107143 
          14      4.28217      0.99866  -8.6393e-05   0.00106274 
          14      4.34582     0.998679 -5.96159e-05    0.0010541 
          14      4.40998     0.998695 -3.34549e-05   0.00104547 
          14      4.47457      0.99871 -7.93378e-06   0.00103689 
          14      4.53968     0.998723  1.70079e-05   0.00102832 
          14      4.60525     0.998734   4.1369e-05    0.0010198 
          14      4.67125     0.998745  6.51503e-05   0.00101132 
          14      4.73777     0.998755  8.84073e-05   0.00100286 
          14       4.8047     0.998765   0.00011112  0.000994458 
          14      4.87216     0.998775  0.000133338  0.000986083 
          14      4.94003     0.998784  0.000155041  0.000977753 
          14      5.00843     0.998793  0.000176278  0.000969456 
          14      5.07724     0.998801  0.000197027  0.000961206 
          14      5.14658      0.99881  0.000217339  0.000952989 
          14      5.21639     0.998818   0.00023721  0.000944815 
          14      5.28661     0.998827  0.000256636   0.00093669 
          14      5.35736     0.998835  0.000275649  0.000928599 
          14      5.42852     0.998844  0.000294254  0.000920559 
          14      5.50021     0.998852  0.000312473  0.000912555 
          14      5.57231      0.99886  0.000330289  0.000904601 
          14      5.64493     0.998868  0.000347744  0.000896686 
          14      5.71803     0.998876  0.000364839  0.000888816 
          14      5.79154     0.998885   0.00038157  0.000880999 
          14      5.86558     0.998893  0.000397972  0.000873221 
          14      5.94003     0.998901  0.000414026  0.000865497 
          14      6.01501     0.998909  0.000429764  0.000857814 
          14       6.0904     0.998916  0.000445167  0.000850183 
          14      6.16632     0.998924   0.00046027  0.000842594 
          14      6.24271     0.998932   0.00047507  0.000835052 
          14       6.3195      0.99894  0.000489567  0.000827564 
          14      6.39683     0.998948  0.000503797  0.000820118 
          14      6.47457     0.998955  0.000517744  0.000812727 
          14      6.55284     0.998963  0.000531435  0.000805378 
          14      6.63152     0.998971   0.00054485  0.000798085 
          14      6.71073     0.998978  0.000558006  0.000790834 
          14      6.79034     0.998986  0.000570889  0.000783636 
          14      6.87049     0.998993  0.000583537  0.000776477 
          14      6.95111        0.999  0.000595945  0.000769367 
          14      7.03214     0.999008  0.000608136  0.000762318 
          14       7.1137     0.999015  0.000620113  0.000755324 
          14      7.19566     0.999022  0.000631826  0.000748379 
          14      7.27816     0.999029  0.000643379  0.000741474 
          14      7.36106     0.999037   0.00065471  0.000734624 
          14      7.44451     0.999044  0.000665826   0.00072782 
          14      7.52842     0.999051  0.000676727   0.00072107 
          14      7.61273     0.999058  0.000687409  0.000714367 
          14      7.69758     0.999065  0.000697915  0.000707714 
          14      7.78283     0.999072  0.000708243  0.000701119 
          14      7.86862     0.999078   0.00071841  0.000694569 
          14      7.95481     0.999085  0.000728395  0.000688073 
          14      8.04155     0.999092  0.000738205  0.000681619 
          14      8.12868     0.999099  0.000747825  0.000675221 
          14      8.21635     0.999105  0.000757275  0.000668869 
          14      8.30449     0.999112  0.000766559  0.000662569 
          14      8.39303     0.999119  0.000775688  0.000656326 
          14      8.48211     0.999125  0.000784688  0.000650129 
          14      8.57159     0.999132  0.000793547  0.000643985 
          14      8.66161     0.999138  0.000802266  0.000637883 
          14      8.75203     0.999144   0.00081081   0.00063183 
          14      8.84299     0.999151  0.000819178   0.00062582 
          14      8.93443     0.999157  0.000827401  0.000619866 
          14      9.02626     0.999163  0.000835632  0.000613992 
          14      9.11863     0.999169  0.000843515  0.000608108 
          14      9.21139     0.999175  0.000851359  0.000602301 
          14      9.30471     0.999182  0.000859125  0.000596549 
          14      9.39841     0.999188  0.000866769   0.00059085 
          14      9.49267     0.999194  0.000874284  0.000585191 
          14      9.58739       0.9992  0.000881658  0.000579574 
          14      9.68251     0.999205  0.000888891  0.000574004 
          14      9.77817     0.999211  0.000896009  0.000568471 
          14      9.87422     0.999217  0.000903017  0.000562987 
          14      9.97083     0.999223  0.000909918   0.00055756 
          14      10.0678     0.999229   0.00091673  0.000552181 
          14      10.1654     0.999234  0.000923456  0.000546844 
          14      10.2633      0.99924  0.000930079   0.00054156 
          14      10.3618     0.999246  0.000936602  0.000536322 
          14      10.4607     0.999251  0.000943018  0.000531132 
          14      10.5601     0.999257  0.000949322  0.000525993 
          14        10.66     0.999262  0.000955528  0.000520895 
          14      10.7603     0.999267  0.000961632  0.000515846 
          14      10.8611     0.999273  0.000967651  0.000510835 
          14      10.9623     0.999278   0.00097358   0.00050587 
          14      11.0641     0.999283  0.000979432  0.000500946 
          14      11.1663     0.999289  0.000985203  0.000496065 
          14       11.269     0.999294  0.000990885  0.000491231 
          14      11.3721     0.999299  0.000996485  0.000486435 
          14      11.4757     0.999304   0.00100199  0.000481678 
          14      11.5798     0.999309   0.00100743  0.000476977 
          14      11.6844     0.999314   0.00101279  0.000472318 
          14      11.7894     0.999319   0.00101807  0.000467694 
          14       11.895     0.999324   0.00102327  0.000463113 
          14      12.0009     0.999329   0.00102839  0.000458578 
          14      12.1073     0.999334   0.00103345  0.000454084 
          14      12.2142     0.999339   0.00103843  0.000449637 
          14      12.3216     0.999344   0.00104336  0.000445229 
          14      12.4294     0.999348   0.00104822  0.000440865 
          14      12.5378     0.999353     0.001053  0.000436536 
          14      12.6465     0.999358    0.0010577   0.00043225 
          14      12.7558     0.999362   0.00106234  0.000427998 
          14      12.8656     0.999367   0.00106691  0.000423784 
          14      12.9757     0.999372   0.00107141  0.000419611 
          14      13.0864     0.999376   0.00107587  0.000415474 
          14      13.1975     0.999381   0.00108028  0.000411382 
          14      13.3092     0.999385   0.00108464  0.000407331 
          14      13.4212     0.999389   0.00108894  0.000403331 
          14      13.5338     0.999394   0.00109315  0.000399378 
          14      13.6468     0.999398   0.00109733  0.000395436 
          14      13.7603     0.999403   0.00110145  0.000391519 
          14      13.8743     0.999407   0.00110545  0.000387644 
          14      13.9886     0.999411    0.0011094  0.000383817 
          14      14.1036     0.999415   0.00111341  0.000380041 
          14      14.2189     0.999419   0.00111729  0.000376299 
          14      14.3348     0.999423    0.0011211  0.000372567 
          14       14.451     0.999428   0.00112492  0.000368875 
          14      14.5678     0.999432    0.0011287  0.000365219 
          14      14.6851     0.999436   0.00113242  0.000361605 
          14      14.8028      0.99944   0.00113608  0.000358036 
          14       14.921     0.999444   0.00113968  0.000354502 
          14      15.0396     0.999448   0.00114322  0.000351003 
          14      15.1588     0.999452   0.00114667  0.000347525 
          14      15.2783     0.999455    0.0011501  0.000344089 
          14      15.3984     0.999459   0.00115352  0.000340685 
          14       15.519     0.999463   0.00115692  0.000337313 
          14        15.64     0.999467   0.00116028  0.000333975 
          14      15.7615      0.99947    0.0011636  0.000330665 
          14      15.8834     0.999474   0.00116687  0.000327389 
          14      16.0058     0.999478   0.00117008  0.000324141 
          14      16.1286     0.999481   0.00117324  0.000320928 
          14       16.252     0.999485   0.00117635  0.000317744 
          14      16.3759     0.999489   0.00117943  0.000314594 
          14      16.5002     0.999492   0.00118247  0.000311479 
          14       16.625     0.999496   0.00118549  0.000308395 
          14      16.7501     0.999499   0.00118848  0.000305347 
          14      16.8759     0.999503   0.00119145  0.000302328 
          14       17.002     0.999506   0.00119436  0.000299341 
          14      17.1287      0.99951   0.00119721  0.000296379 
          14      17.2557     0.999513   0.00120001   0.00029345 
          14      17.3834     0.999517   0.00120285  0.000290556 
          14      17.5115      0.99952   0.00120561  0.000287685 
          14      17.6399     0.999523   0.00120834  0.000284842 
          14       17.769     0.999526   0.00121106  0.000282023 
          14      17.8984      0.99953   0.00121374  0.000279234 
          14      18.0284     0.999533   0.00121639   0.00027647 
          14      18.1587     0.999536   0.00121898  0.000273734 
          14      18.2896     0.999539   0.00122153  0.000271023 
          14       18.421     0.999542   0.00122405   0.00026834 
          14      18.5528     0.999546   0.00122656  0.000265686 
          14      18.6851     0.999549   0.00122906  0.000263064 
          14      18.8178     0.999552   0.00123149   0.00026048 
          14      18.9511     0.999555   0.00123394  0.000257916 
          14      19.0847     0.999558   0.00123637  0.000255376 
          14      19.2189     0.999561   0.00123877  0.000252857 
          14      19.3535     0.999564   0.00124113  0.000250362 
          14      19.4886     0.999567   0.00124343  0.000247889 
          14      19.6242      0.99957    0.0012457  0.000245441 
          14      19.7602     0.999573   0.00124793  0.000243021 
          14      19.8968     0.999575   0.00125015  0.000240629 
          14      20.0337     0.999578   0.00125237  0.000238269 
          14      20.1712     0.999581   0.00125459  0.000235938 
          14      20.3091     0.999584    0.0012568  0.000233635 
          14      20.4475     0.999587   0.00125895  0.000231348 
          14      20.5864     0.999589   0.00126095  0.000229057 
          14      20.7257     0.999592   0.00126313  0.000226849 
          14      20.8655     0.999595   0.00126517  0.000224643 
          14      21.0058     0.999598   0.00126715  0.000222446 
          14      21.1465       0.9996   0.00126915  0.000220262 
          14      21.2877     0.999603   0.00127116  0.000218099 
          14      21.4294     0.999606   0.00127317  0.000215963 
          14      21.5716     0.999608   0.00127516  0.000213859 
          14      21.7142     0.999611    0.0012771  0.000211786 
          14      21.8573     0.999613     0.001279  0.000209736 
          14      22.0008     0.999616   0.00128087    0.0002077 
          14      22.1449     0.999618   0.00128276  0.000205666 
          14      22.2893     0.999621   0.00128466  0.000203641 
          14      22.4344     0.999623   0.00128651  0.000201654 
          14      22.5797     0.999626   0.00128822   0.00019973 
          14      22.7257     0.999628   0.00129008  0.000197759 
          14      22.8721     0.999631   0.00129183  0.000195844 
          14      23.0189     0.999633   0.00129353  0.000193965 
          14      23.1663     0.999636   0.00129521  0.000192107 
          14       23.314     0.999638   0.00129689  0.000190267 
          14      23.4623     0.999641   0.00129857  0.000188439 
          14       23.611     0.999643   0.00130025  0.000186625 
          14      23.7602     0.999645   0.00130193  0.000184825 
          14        23.91     0.999648    0.0013036  0.000183043 
          14        24.06      0.99965   0.00130524  0.000181282 
          14      24.2107     0.999652   0.00130685  0.000179543 
          14      24.3617     0.999654   0.00130843  0.000177828 
          14      24.5133     0.999656   0.00130998  0.000176136 
          14      24.6653     0.999659   0.00131151  0.000174468 
          14      24.8178     0.999661   0.00131301  0.000172822 
          14      24.9708     0.999663   0.00131451  0.000171195 
          14      25.1242     0.999665   0.00131599  0.000169587 
          14      25.2781     0.999667   0.00131749  0.000167993 
          14      25.4324      0.99967   0.00131898  0.000166413 
          14      25.5873     0.999672   0.00132048  0.000164844 
          14      25.7426     0.999674   0.00132197  0.000163288 
          14      25.8984     0.999676   0.00132344  0.000161742 
          14      26.0546     0.999678   0.00132486  0.000160212 
          14      26.2114      0.99968   0.00132622  0.000158697 
          14      26.3686     0.999682   0.00132752  0.000157202 
          14      26.5262     0.999684   0.00132877  0.000155733 
          14      26.6844     0.999686   0.00133002  0.000154287 
          14      26.8429     0.999688   0.00133137  0.000152866 
          14       27.002      0.99969   0.00133273  0.000151418 
          14      27.1615     0.999692   0.00133431  0.000149997 
          14      27.3216     0.999693   0.00133576  0.000148705 
          14      27.4821     0.999695   0.00133679  0.000147531 
          14       27.643     0.999698   0.00133788  0.000146183 
          14      27.8044       0.9997   0.00133908  0.000144703 
          14      27.9663     0.999702   0.00134038  0.000143301 
          14      28.1287     0.999704   0.00134171  0.000141956 
          14      28.2914     0.999706   0.00134301  0.000140656 
          14      28.4548     0.999707   0.00134427  0.000139388 
          14      28.6185     0.999709   0.00134548  0.000138146 
          14      28.7828     0.999711   0.00134666  0.000136922 
          14      28.9475     0.999713   0.00134781  0.000135714 
          14      29.1126     0.999714   0.00134894  0.000134519 
          14      29.2784     0.999716   0.00135007  0.000133335 
          14      29.4444     0.999718   0.00135119  0.000132162 
          14       29.611      0.99972   0.00135232  0.000130999 
          14       29.778     0.999722   0.00135344  0.000129846 
          14      29.9456     0.999724   0.00135456  0.000128703 
          14      30.1137     0.999725   0.00135567   0.00012757 
          14      30.2821     0.999727   0.00135677  0.000126448 
          14      30.4511     0.999729   0.00135784  0.000125337 
          14      30.6204     0.999731   0.00135889  0.000124238 
          14      30.7903     0.999732   0.00135992  0.000123149 
          14      30.9606     0.999734   0.00136093  0.000122074 
          14      31.1315     0.999736   0.00136192   0.00012101 
          14      31.3028     0.999737   0.00136291  0.000119959 
          14      31.4745     0.999738   0.00136389  0.000118924 
          14      31.6468      0.99974   0.00136487  0.000117902 
          14      31.8194     0.999741   0.00136586  0.000116897 
          14      31.9926     0.999743   0.00136685  0.000115908 
          14      32.1662     0.999744   0.00136785  0.000114936 
          14      32.3404     0.999746   0.00136884  0.000113981 
          14      32.5149     0.999747   0.00136981  0.000113042 
          14        32.69      0.99975   0.00137074  0.000112115 
          14      32.8655     0.999753   0.00137164  0.000111197 
          14      33.0414     0.999754   0.00137259  0.000110295 
          14       33.218     0.999755   0.00137357   0.00010941 
          14      33.3948     0.999756   0.00137448  0.000108534 
          14      33.5723     0.999757   0.00137535  0.000107667 
          14        33.75     0.999758   0.00137622  0.000106814 
          14      33.9284      0.99976   0.00137708  0.000105973 
          14      34.1073     0.999762   0.00137795  0.000105144 
          14      34.2865     0.999763   0.00137882  0.000104328 
          14      34.4663     0.999765    0.0013797  0.000103522 
          14      34.6465     0.999767   0.00138057  0.000102727 
          14      34.8272     0.999768   0.00138144  0.000101939 
          14      35.0083      0.99977   0.00138229  0.000101161 
          14        35.19     0.999771   0.00138312   0.00010039 
          14      35.3721     0.999772   0.00138394  9.96259e-05 
          14      35.5546     0.999774   0.00138473  9.88699e-05 
          14      35.7377     0.999775    0.0013855   9.8121e-05 
          14      35.9211     0.999777   0.00138626   9.7381e-05 
          14      36.1052     0.999778     0.001387  9.66499e-05 
          14      36.2895     0.999779   0.00138773  9.59296e-05 
          14      36.4745     0.999781   0.00138846  9.52204e-05 
          14      36.6598     0.999782   0.00138919  9.45243e-05 
          14      36.8457     0.999784   0.00138993  9.38411e-05 
          14      37.0321     0.999785   0.00139069  9.31717e-05 
          14      37.2188     0.999786   0.00139146  9.25167e-05 
          14      37.4062     0.999788   0.00139225   9.1874e-05 
          14      37.5938     0.999789   0.00139305  9.12428e-05 
          14      37.7821      0.99979   0.00139385   9.0619e-05 
          14      37.9707     0.999791   0.00139464  8.99991e-05 
          14      38.1599     0.999792    0.0013954  8.93757e-05 
          14      38.3496     0.999794   0.00139609  8.87414e-05 
          14      38.5396     0.999795   0.00139669  8.80861e-05 
          14      38.7302     0.999796    0.0013972  8.74175e-05 
          14      38.9211     0.999797   0.00139804  8.69264e-05 
          14      39.1127     0.999798   0.00139876  8.64085e-05 
          14      39.3046       0.9998   0.00139941  8.58727e-05 
          14      39.4971     0.999801   0.00140001  8.53256e-05 
          14      39.6899     0.999803   0.00140058  8.47746e-05 
          14      39.8833     0.999804   0.00140117  8.42244e-05 
          14      40.0772     0.999805    0.0014018  8.36805e-05 
          14      40.2714     0.999806   0.00140248  8.31472e-05 
          14      40.4663     0.999807   0.00140321  8.26269e-05 
          14      40.6615     0.999808   0.00140399  8.21226e-05 
          14      40.8573     0.999809   0.00140475  8.16354e-05 
          14      41.0534      0.99981   0.00140539   8.1167e-05 
          14      41.2501     0.999812   0.00140574  8.07174e-05 
          14      41.4473     0.999815   0.00140625  8.02585e-05 
          14      41.6448     0.999816    0.0014073   7.9773e-05 
          14      41.8429     0.999816   0.00140798  7.93086e-05 
          14      42.0414     0.999817   0.00140846  7.88664e-05 
          14      42.2405     0.999818   0.00140886   7.8445e-05 
          14      42.4399     0.999819   0.00140925  7.80434e-05 
          14      42.6399      0.99982   0.00140968  7.76585e-05 
          14      42.8404     0.999821   0.00141017  7.72871e-05 
          14      43.0412     0.999822   0.00141072   7.6925e-05 
          14      43.2426     0.999824   0.00141132  7.65665e-05 
          14      43.4444     0.999825   0.00141195  7.62067e-05 
          14      43.6467     0.999826   0.00141261  7.58387e-05 
          14      43.8494     0.999827   0.00141328   7.5457e-05 
          14      44.0527     0.999828   0.00141394  7.50545e-05 
          14      44.2563     0.999829   0.00141457  7.46261e-05 
          14      44.4606      0.99983   0.00141518  7.41655e-05 
          14      44.6653     0.999831   0.00141561  7.38111e-05 
          14      44.8704     0.999832   0.00141591  7.35864e-05 
          14       45.076     0.999832   0.00141627  7.33277e-05 
          14       45.282     0.999833   0.00141668  7.30459e-05 
          14      45.4886     0.999834   0.00141713  7.27489e-05 
          14      45.6955     0.999835   0.00141761  7.24441e-05 
          14       45.903     0.999836   0.00141812  7.21364e-05 
          14      46.1111     0.999837   0.00141865  7.18301e-05 
          14      46.3194     0.999839    0.0014192  7.15285e-05 
          14      46.5283      0.99984   0.00141975  7.12331e-05 
          14      46.7376     0.999842    0.0014203  7.09457e-05 
          14      46.9475     0.999843   0.00142084  7.06667e-05 
          14      47.1577     0.999844   0.00142136   7.0397e-05 
          14      47.3685     0.999845   0.00142185  7.01364e-05 
          14      47.5798     0.999846    0.0014223  6.98851e-05 
          14      47.7914     0.999847   0.00142272  6.96437e-05 
          14      48.0037     0.999848   0.00142311  6.94118e-05 
          14      48.2162     0.999848   0.00142348  6.91901e-05 
          14      48.4294     0.999849   0.00142384  6.89786e-05 
          14      48.6429     0.999849   0.00142422  6.87776e-05 
          14       48.857      0.99985   0.00142462  6.85865e-05 
          14      49.0714      0.99985   0.00142509  6.84049e-05 
          14      49.2865     0.999851   0.00142561  6.82303e-05 
          14       49.502     0.999853    0.0014262  6.80595e-05 
          14      49.7179     0.999854   0.00142682  6.78869e-05 
          14      49.9343     0.999856   0.00142742  6.77033e-05 
          14      50.1511     0.999857   0.00142789  6.74966e-05 
          14      50.3685     0.999858   0.00142805  6.72488e-05 
          14      50.5862     0.999858   0.00142763  6.69365e-05 
          14      50.8046     0.999859   0.00142853  6.68537e-05 
          14      51.0234      0.99986   0.00142934  6.68008e-05 
          14      51.2425     0.999861   0.00142982  6.67242e-05 
          14      51.4623     0.999862   0.00143011  6.66281e-05 
          14      51.6824     0.999863    0.0014303  6.65172e-05 
          14      51.9031     0.999864   0.00143047  6.63955e-05 
          14      52.1241     0.999864   0.00143066  6.62672e-05 
          14      52.3457     0.999865   0.00143092  6.61359e-05 
          14      52.5676     0.999866   0.00143124  6.60053e-05 
          14      52.7902     0.999866   0.00143163  6.58784e-05 
          14      53.0133     0.999867   0.00143209  6.57582e-05 
          14      53.2366     0.999868   0.00143259   6.5647e-05 
          14      53.4606     0.999869   0.00143312  6.55466e-05 
          14      53.6849      0.99987   0.00143365  6.54585e-05 
          14      53.9099     0.999872   0.00143416  6.53831e-05 
          14      54.1351     0.999873   0.00143463  6.53207e-05 
          14       54.361     0.999874   0.00143505  6.52708e-05 
          14      54.5873     0.999875   0.00143541  6.52323e-05 
          14      54.8139     0.999876   0.00143571  6.52035e-05 
          14      55.0412     0.999877   0.00143596  6.51823e-05 
          14      55.2688     0.999878   0.00143615  6.51663e-05 
          14       55.497     0.999879   0.00143632  6.51528e-05 
          14      55.7255      0.99988   0.00143647   6.5139e-05 
          14      55.9547      0.99988   0.00143663  6.51225e-05 
          14      56.1844     0.999881   0.00143684  6.51016e-05 
          14      56.4143     0.999881    0.0014371  6.50753e-05 
          14      56.6449     0.999882   0.00143743   6.5044e-05 
          14      56.8757     0.999882   0.00143785  6.50102e-05 
          14      57.1072     0.999883   0.00143834  6.49788e-05 
          14       57.339     0.999884   0.00143888  6.49581e-05 
          14      57.5715     0.999885   0.00143942  6.49602e-05 
          14      57.8042     0.999886   0.00143989  6.50024e-05 
          14      58.0376     0.999886   0.00144017  6.51079e-05 
          14      58.2715     0.999886   0.00144013  6.53071e-05 
          14      58.5057     0.999887   0.00144058  6.53091e-05 
          14      58.7405     0.999889   0.00144114  6.52564e-05 
          14      58.9756     0.999891   0.00144156  6.52317e-05 
          14      59.2113     0.999892   0.00144188  6.52306e-05 
          14      59.4473     0.999893   0.00144211  6.52494e-05 
          14       59.684     0.999894   0.00144229  6.52851e-05 
          14      59.9212     0.999894   0.00144243  6.53353e-05 
          14      60.1586     0.999895   0.00144257  6.53982e-05 
          14      60.3967     0.999896   0.00144271  6.54726e-05 
          14      60.6351     0.999896   0.00144288  6.55578e-05 
          14      60.8741     0.999896    0.0014431  6.56533e-05 
          14      61.1135     0.999897   0.00144338  6.57585e-05 
          14      61.3534     0.999897   0.00144371  6.58731e-05 
          14      61.5939     0.999897   0.00144411  6.59961e-05 
          14      61.8346     0.999898   0.00144454  6.61258e-05 
          14       62.076     0.999898   0.00144499  6.62597e-05 
          14      62.3177     0.999899    0.0014454  6.63936e-05 
          14        62.56       0.9999   0.00144571  6.65217e-05 
          14      62.8026     0.999901   0.00144582  6.66356e-05 
          14      63.0459     0.999902   0.00144562  6.67241e-05 
          14      63.2894     0.999904   0.00144527  6.67919e-05 
          14      63.5336     0.999904   0.00144573  6.69195e-05 
          14      63.7783     0.999904   0.00144616  6.70617e-05 
          14      64.0233     0.999904   0.00144654  6.72128e-05 
          14      64.2689     0.999905   0.00144688  6.73685e-05 
          14      64.5148     0.999905   0.00144717  6.75251e-05 
          14      64.7613     0.999906   0.00144742  6.76806e-05 
          14      65.0082     0.999907   0.00144764  6.78334e-05 
          14      65.2557     0.999908   0.00144783  6.79828e-05 
          14      65.5036     0.999909     0.001448  6.81288e-05 
          14      65.7519      0.99991   0.00144816  6.82717e-05 
          14      66.0008     0.999911   0.00144831  6.84126e-05 
          14        66.25     0.999912   0.00144847  6.85525e-05 
          14      66.4998     0.999913   0.00144863  6.86929e-05 
          14        66.75     0.999913   0.00144881  6.88354e-05 
          14      67.0007     0.999914     0.001449  6.89816e-05 
          14      67.2518     0.999915   0.00144921  6.91329e-05 
          14      67.5035     0.999916   0.00144943  6.92912e-05 
          14      67.7557     0.999916   0.00144967  6.94575e-05 
          14      68.0082     0.999917   0.00144992  6.96327e-05 
          14      68.2614     0.999917   0.00145018  6.98181e-05 
          14      68.5148     0.999918   0.00145044  7.00137e-05 
          14      68.7688     0.999918   0.00145071  7.02198e-05 
          14      69.0232     0.999919   0.00145098  7.04357e-05 
          14      69.2782     0.999919   0.00145125   7.0661e-05 
          14      69.5337      0.99992   0.00145151   7.0894e-05 
          14      69.7895      0.99992   0.00145176  7.11326e-05 
          14      70.0459      0.99992   0.00145199  7.13747e-05 
          14      70.3026     0.999921    0.0014522  7.16167e-05 
          14        70.56     0.999922   0.00145239  7.18554e-05 
          14      70.8176     0.999922   0.00145254  7.20861e-05 
          14      71.0759     0.999923   0.00145267   7.2304e-05 
          14      71.3347     0.999924   0.00145275  7.25033e-05 
          14      71.5938     0.999924   0.00145277  7.26776e-05 
          14      71.8535     0.999925   0.00145274  7.28201e-05 
          14      72.1135     0.999926   0.00145263   7.2923e-05 
          14      72.3741     0.999927   0.00145242  7.29781e-05 
          14       72.635     0.999928   0.00145248  7.31839e-05 
          14      72.8967     0.999929   0.00145285  7.35555e-05 
          14      73.1585      0.99993   0.00145325   7.3936e-05 
          14      73.4211     0.999931   0.00145366  7.43216e-05 
          14      73.6841     0.999931   0.00145407  7.47079e-05 
          14      73.9473     0.999932   0.00145448  7.50909e-05 
          14      74.2113     0.999933   0.00145486  7.54679e-05 
          14      74.4755     0.999933   0.00145522  7.58353e-05 
          14      74.7404     0.999934   0.00145554  7.61914e-05 
          14      75.0056     0.999934   0.00145583  7.65337e-05 
          14      75.2714     0.999935   0.00145606  7.68613e-05 
          14      75.5377     0.999935   0.00145625  7.71733e-05 
          14      75.8043     0.999935   0.00145639  7.74692e-05 
          14      76.0715     0.999935   0.00145648    7.775e-05 
          14       76.339     0.999936   0.00145652  7.80164e-05 
          14      76.6072     0.999936   0.00145652  7.82706e-05 
          14      76.8756     0.999936   0.00145649  7.85147e-05 
          14      77.1448     0.999936   0.00145644  7.87524e-05 
          14      77.4141     0.999937   0.00145637  7.89871e-05 
          14      77.6842     0.999938   0.00145631  7.92239e-05 
          14      77.9547     0.999939   0.00145627  7.94678e-05 
          14      78.2255      0.99994   0.00145625  7.97247e-05 
          14       78.497     0.999941   0.00145628  8.00016e-05 
          14      78.7687     0.999942   0.00145638  8.03053e-05 
          14      79.0411     0.999943   0.00145656  8.06441e-05 
          14      79.3138     0.999944   0.00145683  8.10259e-05 
          14      79.5872     0.999944    0.0014572  8.14602e-05 
          14       79.861     0.999943   0.00145767  8.19558e-05 
          14      80.1351      0.99994   0.00145825  8.25219e-05 
          14      80.4098     0.999942   0.00145842   8.2474e-05 
          14      80.6849     0.999945   0.00145832  8.24632e-05 
          14      80.9606     0.999947   0.00145815  8.26203e-05 
          14      81.2365     0.999948   0.00145796  8.29052e-05 
          14      81.5132     0.999948   0.00145781  8.32839e-05 
          14      81.7903     0.999949   0.00145773  8.37268e-05 
          14      82.0676     0.999949   0.00145772  8.42091e-05 
          14      82.3457     0.999949   0.00145779  8.47115e-05 
          14       82.624     0.999949   0.00145794   8.5217e-05 
          14       82.903     0.999948   0.00145816  8.57139e-05 
          14      83.1822     0.999949   0.00145843  8.61922e-05 
          14      83.4622     0.999949   0.00145873  8.66463e-05 
          14      83.7424     0.999949   0.00145906  8.70718e-05 
          14      84.0232     0.999949   0.00145939   8.7468e-05 
          14      84.3046      0.99995   0.00145972  8.78352e-05 
          14      84.5862     0.999951   0.00146004  8.81753e-05 
          14      84.8685     0.999952   0.00146034  8.84929e-05 
          14       85.151     0.999953   0.00146061  8.87927e-05 
          14      85.4342     0.999954   0.00146087  8.90812e-05 
          14      85.7177     0.999956    0.0014611  8.93652e-05 
          14      86.0019     0.999956    0.0014609  8.97979e-05 
          14      86.2865     0.999957   0.00146058  9.02632e-05 
          14      86.5714     0.999957   0.00146028   9.0715e-05 
          14       86.857     0.999958   0.00146001  9.11578e-05 
          14      87.1428     0.999958   0.00145978  9.15941e-05 
          14      87.4293     0.999958   0.00145961  9.20273e-05 
          14      87.7161     0.999958   0.00145948  9.24592e-05 
          14      88.0035     0.999959   0.00145943  9.28922e-05 
          14      88.2914     0.999959   0.00145944  9.33274e-05 
          14      88.5796     0.999959   0.00145951  9.37656e-05 
          14      88.8685     0.999959   0.00145966  9.42081e-05 
          14      89.1576     0.999959   0.00145987  9.46546e-05 
          14      89.4474      0.99996   0.00146013  9.51059e-05 
          14      89.7374      0.99996   0.00146044  9.55612e-05 
          14      90.0282     0.999961   0.00146078  9.60208e-05 
          14      90.3192     0.999961   0.00146114  9.64835e-05 
          14      90.6109     0.999962   0.00146149  9.69496e-05 
          14       90.903     0.999962   0.00146183   9.7418e-05 
          14      91.1954     0.999963   0.00146213  9.78876e-05 
          14      91.4885     0.999964   0.00146239  9.83587e-05 
          14      91.7819     0.999965   0.00146257  9.88299e-05 
          14      92.0759     0.999966   0.00146268  9.93015e-05 
          14      92.3702     0.999966   0.00146271  9.97725e-05 
          14      92.6652     0.999967   0.00146265  0.000100243 
          14      92.9606     0.999968    0.0014625  0.000100714 
          14      93.2563     0.999968   0.00146228  0.000101183 
          14      93.5527     0.999968     0.001462  0.000101653 
          14      93.8493     0.999969   0.00146168  0.000102123 
          14      94.1466     0.999969   0.00146135  0.000102595 
          14      94.4442     0.999969   0.00146104  0.000103068 
          14      94.7425     0.999969   0.00146079  0.000103543 
          14       95.041      0.99997   0.00146063  0.000104022 
          14      95.3402      0.99997   0.00146061  0.000104504 
          14      95.6399      0.99997   0.00146073  0.000104991 
          14      95.9398     0.999971   0.00146103  0.000105481 
          14      96.2404     0.999972    0.0014615  0.000105975 
          14      96.5412     0.999973    0.0014621  0.000106472 
          14      96.8428     0.999975   0.00146276  0.000106969 
          14      97.1446     0.999976   0.00146337  0.000107464 
          14      97.4471     0.999978   0.00146375  0.000107953 
          14      97.7501      0.99998   0.00146363  0.000108429 
          14      98.0533     0.999982   0.00146265  0.000108884 
          14      98.3572     0.999982   0.00146034  0.000109309 
          14      98.6613     0.999982   0.00145902  0.000109737 
          14      98.9662     0.999981   0.00146124   0.00011023 
          14      99.2712      0.99998   0.00146266  0.000110729 
          14       99.577      0.99998   0.00146346  0.000111235 
          14      99.8833      0.99998   0.00146381  0.000111744 
          14       100.19      0.99998   0.00146384  0.000112257 
          14      100.497      0.99998   0.00146365  0.000112772 
          14      100.804      0.99998   0.00146334  0.000113289 
          14      101.113      0.99998   0.00146297  0.000113807 
          14      101.421     0.999981   0.00146258  0.000114326 
          14       101.73     0.999981   0.00146223  0.000114847 
          14      102.039     0.999981   0.00146193  0.000115367 
          14      102.349     0.999982   0.00146171   0.00011589 
          14       102.66     0.999982   0.00146156  0.000116413 
          14      102.971     0.999983   0.00146149  0.000116937 
          14      103.282     0.999983    0.0014615  0.000117463 
          14      103.594     0.999983   0.00146158   0.00011799 
          14      103.906     0.999984   0.00146172   0.00011852 
          14      104.219     0.999984    0.0014619  0.000119052 
          14      104.532     0.999984   0.00146212  0.000119587 
          14      104.846     0.999985   0.00146235  0.000120124 
          14       105.16     0.999985   0.00146259  0.000120665 
          14      105.474     0.999985   0.00146283   0.00012121 
          14      105.789     0.999986   0.00146305  0.000121757 
          14      106.105     0.999986   0.00146324  0.000122309 
          14      106.421     0.999987    0.0014634  0.000122865 
          14      106.738     0.999987   0.00146352  0.000123425 
          14      107.055     0.999987   0.00146359  0.000123989 
          14      107.372     0.999988   0.00146362  0.000124557 
          14       107.69     0.999988    0.0014636  0.000125129 
          14      108.008     0.999989   0.00146354  0.000125705 
          14      108.327     0.999989   0.00146343  0.000126285 
          14      108.646      0.99999   0.00146329  0.000126868 
          14      108.966      0.99999   0.00146312  0.000127455 
          14      109.286     0.999991   0.00146292  0.000128045 
          14      109.607     0.999991    0.0014627  0.000128638 
          14      109.928     0.999992   0.00146248  0.000129233 
          14       110.25     0.999992   0.00146225   0.00012983 
          14      110.572     0.999993   0.00146203   0.00013043 
          14      110.895     0.999993   0.00146182  0.000131031 
          14      111.218     0.999994   0.00146163  0.000131633 
          14      111.541     0.999995   0.00146147  0.000132236 
          14      111.865     0.999995   0.00146134   0.00013284 
          14       112.19     0.999996   0.00146125  0.000133443 
          14      112.515     0.999996   0.00146119  0.000134047 
          14       112.84     0.999997   0.00146118   0.00013465 
          14      113.166     0.999998    0.0014612  0.000135253 
          14      113.492     0.999998   0.00146126  0.000135855 
          14      113.819     0.999999   0.00146136  0.000136455 
          14      114.147     0.999999   0.00146149  0.000137056 
          14      114.474            1   0.00146164  0.000137654 
          14      114.803            1   0.00146181  0.000138253 
          14      115.131            1   0.00146199   0.00013885 
          14       115.46            1   0.00146218  0.000139447 
          14       115.79            1   0.00146235  0.000140043 
          14       116.12            1    0.0014625  0.000140639 
          14      116.451            1   0.00146263  0.000141236 
          14      116.782            1   0.00146272  0.000141833 
          14      117.113            1   0.00146276  0.000142431 
          14      117.446            1   0.00146275  0.000143031 
          14      117.778            1   0.00146269  0.000143634 
          14      118.111            1   0.00146256  0.000144239 
          14      118.444            1   0.00146237  0.000144848 
          14      118.778            1   0.00146212  0.000145461 
          14      119.112            1   0.00146182  0.000146078 
          14      119.447            1   0.00146147  0.000146702 
          14      119.783      1.00001   0.00146109  0.000147331 
          14      120.118      1.00001   0.00146069  0.000147966 
          14      120.455      1.00001   0.00146028  0.000148608 
          14      120.791      1.00001   0.00145991  0.000149256 
          14      121.128      1.00001   0.00145959  0.000149912 
          14      121.466      1.00001   0.00145935  0.000150573 
          14      121.804      1.00001   0.00145923  0.000151241 
          14      122.143      1.00001   0.00145927  0.000151913 
          14      122.482      1.00002    0.0014595   0.00015259 
          14      122.821      1.00001   0.00146051  0.000152969 
          14      123.161      1.00001   0.00146129  0.000153526 
          14      123.502      1.00001   0.00146188  0.000154287 
          14      123.843      1.00001   0.00146229  0.000155276 
          14      124.184      1.00001   0.00146149  0.000156247 
          14      124.526      1.00001   0.00146031  0.000157123 
          14      124.868      1.00001   0.00145966  0.000158065 
          14      125.211      1.00001   0.00145948  0.000159075 
          14      125.554      1.00001   0.00145945  0.000159956 
          14      125.898      1.00001   0.00145893  0.000160293 
          14      126.242      1.00001   0.00145862  0.000160686 
          14      126.587      1.00001   0.00145847  0.000161131 
          14      126.932      1.00001   0.00145843  0.000161621 
          14      127.278      1.00001   0.00145846  0.000162152 
          14      127.624      1.00002   0.00145853   0.00016272 
          14      127.971      1.00002   0.00145862  0.000163318 
          14      128.318      1.00002   0.00145871  0.000163945 
          14      128.665      1.00002   0.00145878  0.000164595 
          14      129.013      1.00002   0.00145884  0.000165266 
          14      129.361      1.00002   0.00145887  0.000165953 
          14       129.71      1.00002   0.00145888  0.000166656 
          14       130.06      1.00002   0.00145885  0.000167369 
          14       130.41      1.00002    0.0014588  0.000168093 
          14       130.76      1.00002   0.00145872  0.000168823 
          14      131.111      1.00002   0.00145861  0.000169557 
          14      131.462      1.00002   0.00145849  0.000170296 
          14      131.814      1.00002   0.00145835  0.000171035 
          14      132.166      1.00002   0.00145819  0.000171775 
          14      132.519      1.00002   0.00145803  0.000172513 
          14      132.872      1.00002   0.00145786  0.000173251 
          14      133.226      1.00002   0.00145769  0.000173985 
          14       133.58      1.00002   0.00145752  0.000174715 
          14      133.934      1.00002   0.00145735  0.000175442 
          14      134.289      1.00002   0.00145718  0.000176163 
          14      134.645      1.00002   0.00145702   0.00017688 
          14          135      1.00002   0.00145686  0.000177592 
          14      135.357      1.00002   0.00145671    0.0001783 
          14      135.714      1.00002   0.00145656  0.000179002 
          14      136.071      1.00003   0.00145642    0.0001797 
          14      136.429      1.00003   0.00145628  0.000180394 
          14      136.787      1.00003   0.00145614  0.000181083 
          14      137.146      1.00003   0.00145601   0.00018177 
          14      137.505      1.00003   0.00145588  0.000182453 
          14      137.865      1.00003   0.00145575  0.000183134 
          14      138.225      1.00003   0.00145562  0.000183813 
          14      138.586      1.00003   0.00145549  0.000184492 
          14      138.947      1.00003   0.00145536  0.000185171 
          14      139.309      1.00003   0.00145523  0.000185851 
          14      139.671      1.00003   0.00145509  0.000186532 
          14      140.033      1.00004   0.00145496  0.000187216 
          14      140.397      1.00004   0.00145483  0.000187903 
          14       140.76      1.00004   0.00145469  0.000188594 
          14      141.124      1.00004   0.00145456  0.000189291 
          14      141.488      1.00004   0.00145443  0.000189994 
          14      141.853      1.00004    0.0014543  0.000190703 
          14      142.219      1.00004   0.00145418   0.00019142 
          14      142.584      1.00004   0.00145406  0.000192145 
          14      142.951      1.00004   0.00145394  0.000192879 
          14      143.317      1.00004   0.00145383  0.000193622 
          14      143.685      1.00004   0.00145372  0.000194375 
          14      144.052      1.00004   0.00145362  0.000195137 
          14      144.421      1.00004   0.00145352  0.000195911 
          14      144.789      1.00004   0.00145342  0.000196694 
          14      145.158      1.00004   0.00145332  0.000197487 
          14      145.528      1.00004   0.00145321  0.000198289 
          14      145.898      1.00004    0.0014531    0.0001991 
          14      146.269      1.00004   0.00145298  0.000199919 
          14       146.64      1.00004   0.00145285  0.000200744 
          14      147.011      1.00005    0.0014527  0.000201576 
          14      147.383      1.00005   0.00145253   0.00020241 
          14      147.755      1.00005   0.00145234  0.000203245 
          14      148.128      1.00005   0.00145213  0.000204079 
          14      148.502      1.00005   0.00145189  0.000204908 
          14      148.876      1.00005   0.00145163   0.00020573 
          14       149.25      1.00004   0.00145135  0.000206539 
          14      149.625      1.00002   0.00145107  0.000207333 
          14          150            1   0.00145079  0.000208104 
