Variables = x, y, u, v, p

Zone, I=800, F=POINT
          20            0           -0           -0     -19.5171 
          20     0.000234 -2.84364e-06 -2.04167e-10     -19.5171 
          20     0.000939 -1.08822e-05 -7.38714e-10     -19.5171 
          20     0.002113 -2.26386e-05 -1.35084e-09     -19.5171 
          20     0.003759 -3.61248e-05 -1.59444e-09     -19.5171 
          20     0.005872  -4.9238e-05 -7.97658e-10     -19.5171 
          20     0.008457 -6.04242e-05  1.95557e-09     -19.5171 
          20      0.01151 -6.89547e-05  7.80997e-09     -19.5171 
          20     0.015036 -7.51634e-05  1.81125e-08     -19.5171 
          20     0.019031 -8.02345e-05  3.42859e-08     -19.5171 
          20     0.023493 -8.57756e-05  5.77163e-08     -19.5171 
          20     0.028429 -9.31825e-05  8.96753e-08     -19.5171 
          20     0.033831 -0.000103003  1.31062e-07     -19.5171 
          20     0.039706  -0.00011468  1.82549e-07     -19.5171 
          20     0.046047 -0.000126754  2.44414e-07     -19.5171 
          20     0.052863 -0.000137812  3.16971e-07     -19.5171 
          20      0.06015 -0.000147702  4.00516e-07     -19.5171 
          20       0.0679 -0.000158271  4.95517e-07     -19.5171 
          20     0.076126 -0.000171559  6.02663e-07     -19.5171 
          20     0.084816 -0.000183015  7.20928e-07     -19.5171 
          20     0.093982 -0.000194208  8.47874e-07     -19.5171 
          20     0.103611 -0.000205376  9.82904e-07     -19.5171 
          20     0.113718 -0.000216322  1.12476e-06     -19.5171 
          20     0.124286 -0.000226852  1.27136e-06     -19.5171 
          20     0.135333 -0.000236854  1.42079e-06     -19.5171 
          20      0.14685 -0.000246228  1.57053e-06     -19.5171 
          20     0.158827 -0.000254909  1.71793e-06     -19.5171 
          20     0.171284 -0.000262872   1.8607e-06     -19.5171 
          20     0.184201 -0.000270062  1.99615e-06     -19.5171 
          20     0.197599 -0.000276438  2.12215e-06     -19.5171 
          20     0.211455 -0.000281922  2.23619e-06     -19.5171 
          20     0.225792 -0.000286471  2.33598e-06     -19.5171 
          20       0.2406 -0.000290107  2.41822e-06     -19.5171 
          20     0.255865 -0.000292934  2.48084e-06     -19.5171 
          20     0.271613 -0.000294826  2.52443e-06     -19.5171 
          20     0.287818 -0.000295895  2.54452e-06     -19.5171 
          20     0.304506 -0.000296186  2.53967e-06     -19.5171 
          20      0.32165 -0.000295756  2.50781e-06     -19.5171 
          20     0.339278 -0.000294684  2.44622e-06      -19.517 
          20     0.357377 -0.000293065  2.35128e-06      -19.517 
          20      0.37593 -0.000291012  2.21849e-06      -19.517 
          20     0.394968 -0.000288636  2.04461e-06      -19.517 
          20     0.414461 -0.000286063  1.82491e-06      -19.517 
          20      0.43444  -0.00028341  1.55374e-06      -19.517 
          20     0.454872 -0.000280799  1.22609e-06      -19.517 
          20     0.475791 -0.000278333  8.36119e-07      -19.517 
          20     0.497163 -0.000276105  3.79551e-07      -19.517 
          20     0.519021 -0.000274182 -1.48485e-07      -19.517 
          20      0.54135 -0.000272607  -7.5083e-07      -19.517 
          20     0.564131 -0.000271395 -1.42867e-06      -19.517 
          20       0.5874 -0.000270524 -2.18323e-06      -19.517 
          20     0.611121 -0.000269943 -3.01164e-06      -19.517 
          20      0.63533 -0.000269569  -3.9115e-06      -19.517 
          20      0.65999 -0.000269298 -4.87588e-06      -19.517 
          20     0.685139 -0.000269016   -5.899e-06      -19.517 
          20     0.710759 -0.000268616 -6.97176e-06     -19.5169 
          20     0.736828 -0.000267995 -8.08283e-06     -19.5169 
          20     0.763387 -0.000267033 -9.22638e-06     -19.5169 
          20     0.790396 -0.000265654 -1.03931e-05     -19.5169 
          20     0.817896 -0.000263796 -1.15767e-05     -19.5169 
          20     0.845843 -0.000261422 -1.27674e-05     -19.5169 
          20     0.874283   -0.0002585 -1.39602e-05     -19.5169 
          20      0.90317 -0.000255027 -1.51473e-05     -19.5169 
          20     0.932551 -0.000251003 -1.63265e-05     -19.5169 
          20     0.962401 -0.000246448 -1.74939e-05     -19.5168 
          20     0.992697 -0.000241399 -1.86467e-05     -19.5168 
          20      1.02349 -0.000235881 -1.97841e-05     -19.5168 
          20      1.05472 -0.000229937 -2.09042e-05     -19.5168 
          20      1.08645 -0.000223592 -2.20077e-05     -19.5168 
          20      1.11863 -0.000216889 -2.30896e-05     -19.5168 
          20       1.1513 -0.000209843 -2.41448e-05     -19.5167 
          20      1.18444  -0.00020251 -2.51765e-05     -19.5167 
          20      1.21802 -0.000194908 -2.61836e-05     -19.5167 
          20      1.25211 -0.000187044 -2.71621e-05     -19.5167 
          20      1.28663 -0.000178973 -2.81141e-05     -19.5167 
          20      1.32165 -0.000170711 -2.90409e-05     -19.5166 
          20      1.35712 -0.000162294 -2.99385e-05     -19.5166 
          20      1.39308 -0.000153727 -3.08055e-05     -19.5166 
          20      1.42951 -0.000145037 -3.16392e-05     -19.5166 
          20      1.46638 -0.000136258 -3.24383e-05     -19.5165 
          20      1.50375 -0.000127403 -3.32049e-05     -19.5165 
          20      1.54156  -0.00011852 -3.39385e-05     -19.5165 
          20      1.57987 -0.000109625 -3.46386e-05     -19.5165 
          20      1.61863 -0.000100757 -3.52995e-05     -19.5164 
          20      1.65788 -9.19368e-05 -3.59257e-05     -19.5164 
          20      1.69757 -8.32082e-05 -3.65127e-05     -19.5164 
          20      1.73776  -7.4598e-05  -3.7063e-05     -19.5163 
          20      1.77842 -6.61366e-05 -3.75764e-05     -19.5163 
          20      1.81952  -5.7889e-05  -3.8049e-05     -19.5163 
          20      1.86113 -4.98834e-05 -3.84852e-05     -19.5162 
          20      1.90316 -4.21635e-05 -3.88863e-05     -19.5162 
          20      1.94571 -3.47504e-05 -3.92534e-05     -19.5161 
          20      1.98869 -2.76903e-05 -3.95853e-05     -19.5161 
          20      2.03217 -2.10031e-05 -3.98818e-05     -19.5161 
          20      2.07612 -1.47267e-05 -4.01409e-05      -19.516 
          20      2.12051 -8.88962e-06 -4.03612e-05      -19.516 
          20       2.1654 -3.47742e-06 -4.05445e-05     -19.5159 
          20      2.21073  1.49438e-06 -4.06912e-05     -19.5159 
          20      2.25656  6.03191e-06 -4.08028e-05     -19.5158 
          20      2.30283  1.01319e-05 -4.08808e-05     -19.5158 
          20       2.3496  1.38114e-05 -4.09261e-05     -19.5157 
          20      2.39685  1.70866e-05  -4.0937e-05     -19.5157 
          20      2.44452   1.9987e-05 -4.09074e-05     -19.5156 
          20      2.49271  2.25532e-05 -4.08357e-05     -19.5156 
          20      2.54132  2.47654e-05 -4.07538e-05     -19.5155 
          20      2.59044  2.66831e-05 -4.06239e-05     -19.5155 
          20         2.64  2.83273e-05 -4.04578e-05     -19.5154 
          20      2.69006  2.97275e-05 -4.02601e-05     -19.5154 
          20      2.74056  3.09125e-05 -4.00301e-05     -19.5153 
          20      2.79156  3.19146e-05 -3.97735e-05     -19.5152 
          20      2.84304   3.2747e-05 -3.94741e-05     -19.5152 
          20      2.89494  3.34348e-05 -3.91308e-05     -19.5151 
          20      2.94735  3.39996e-05 -3.87432e-05     -19.5151 
          20       3.0002  3.44552e-05 -3.83114e-05      -19.515 
          20      3.05355  3.48117e-05 -3.78328e-05     -19.5149 
          20      3.10733  3.50726e-05 -3.73059e-05     -19.5149 
          20      3.16163  3.52393e-05 -3.67276e-05     -19.5148 
          20      3.21639    3.531e-05 -3.60976e-05     -19.5147 
          20      3.27158  3.52841e-05  -3.5419e-05     -19.5147 
          20      3.32729  3.51642e-05 -3.46996e-05     -19.5146 
          20      3.38342  3.49606e-05 -3.39591e-05     -19.5145 
          20      3.44007  3.46255e-05 -3.31513e-05     -19.5144 
          20      3.49714  3.42195e-05 -3.23391e-05     -19.5144 
          20      3.55472    3.372e-05 -3.15124e-05     -19.5143 
          20      3.61273  3.31196e-05 -3.06684e-05     -19.5142 
          20      3.67125  3.24286e-05 -2.98147e-05     -19.5141 
          20      3.73025  3.16666e-05 -2.89654e-05      -19.514 
          20      3.78967  3.08527e-05 -2.81328e-05     -19.5139 
          20      3.84961  2.99968e-05 -2.73215e-05     -19.5139 
          20      3.90996  2.91014e-05 -2.65317e-05     -19.5138 
          20      3.97084  2.81572e-05 -2.57557e-05     -19.5137 
          20      4.03214  2.71538e-05 -2.49896e-05     -19.5136 
          20      4.09395  2.60855e-05  -2.4238e-05     -19.5135 
          20      4.15624  2.49725e-05 -2.35343e-05     -19.5134 
          20      4.21895  2.39772e-05 -2.29133e-05     -19.5133 
          20      4.28217  2.29681e-05 -2.22756e-05     -19.5132 
          20      4.34582  2.18273e-05 -2.15747e-05     -19.5131 
          20      4.40998  2.07104e-05 -2.09922e-05     -19.5131 
          20      4.47457  1.95987e-05 -2.04443e-05      -19.513 
          20      4.53968  1.84817e-05 -1.98916e-05     -19.5129 
          20      4.60525  1.73595e-05 -1.93275e-05     -19.5128 
          20      4.67125  1.62375e-05 -1.87634e-05     -19.5127 
          20      4.73777  1.51208e-05 -1.82158e-05     -19.5126 
          20       4.8047  1.40177e-05 -1.77004e-05     -19.5125 
          20      4.87216  1.29315e-05  -1.7222e-05     -19.5123 
          20      4.94003  1.18657e-05 -1.67755e-05     -19.5122 
          20      5.00843  1.08173e-05 -1.63432e-05     -19.5121 
          20      5.07724  9.78371e-06 -1.59043e-05      -19.512 
          20      5.14658  8.75767e-06 -1.54422e-05     -19.5119 
          20      5.21639   7.7359e-06 -1.49641e-05     -19.5118 
          20      5.28661  6.72051e-06 -1.45237e-05     -19.5117 
          20      5.35736  5.72209e-06  -1.4251e-05     -19.5116 
          20      5.42852  4.87572e-06 -1.39213e-05     -19.5115 
          20      5.50021  3.97106e-06 -1.34052e-05     -19.5114 
          20      5.57231  2.96165e-06 -1.29525e-05     -19.5113 
          20      5.64493  2.01735e-06  -1.2638e-05     -19.5111 
          20      5.71803  1.13226e-06 -1.23916e-05      -19.511 
          20      5.79154  2.58011e-07 -1.21172e-05     -19.5109 
          20      5.86558 -6.05637e-07 -1.18159e-05     -19.5108 
          20      5.94003 -1.45297e-06 -1.14988e-05     -19.5107 
          20      6.01501 -2.28056e-06 -1.11797e-05     -19.5105 
          20       6.0904 -3.08389e-06  -1.0872e-05     -19.5104 
          20      6.16632 -3.86408e-06 -1.05828e-05     -19.5103 
          20      6.24271 -4.62379e-06 -1.03127e-05     -19.5102 
          20       6.3195  -5.3688e-06 -1.00552e-05     -19.5101 
          20      6.39683 -6.10827e-06  -9.7973e-06     -19.5099 
          20      6.47457 -6.84773e-06 -9.52541e-06     -19.5098 
          20      6.55284 -7.58976e-06 -9.23035e-06     -19.5097 
          20      6.63152 -8.32364e-06 -8.91864e-06     -19.5095 
          20      6.71073 -9.02262e-06 -8.62344e-06     -19.5094 
          20      6.79034 -9.63028e-06 -8.42273e-06     -19.5093 
          20      6.87049 -1.03654e-05 -8.04967e-06     -19.5092 
          20      6.95111  -1.1102e-05 -7.73502e-06      -19.509 
          20      7.03214 -1.18143e-05 -7.45965e-06     -19.5089 
          20       7.1137 -1.25074e-05 -7.18135e-06     -19.5088 
          20      7.19566 -1.31804e-05 -6.88421e-06     -19.5086 
          20      7.27816 -1.38283e-05 -6.57477e-06     -19.5085 
          20      7.36106 -1.44315e-05 -6.28009e-06     -19.5084 
          20      7.44451 -1.51257e-05 -5.94338e-06     -19.5082 
          20      7.52842 -1.58078e-05 -5.65258e-06     -19.5081 
          20      7.61273 -1.64062e-05 -5.42962e-06     -19.5079 
          20      7.69758 -1.69428e-05 -5.23224e-06     -19.5078 
          20      7.78283 -1.74457e-05 -5.01779e-06     -19.5077 
          20      7.86862 -1.79475e-05 -4.75585e-06     -19.5075 
          20      7.95481 -1.84742e-05 -4.44568e-06     -19.5074 
          20      8.04155 -1.90401e-05 -4.13237e-06     -19.5072 
          20      8.12868 -1.96334e-05  -3.9285e-06     -19.5071 
          20      8.21635 -2.01093e-05 -3.69523e-06     -19.5069 
          20      8.30449  -2.0507e-05 -3.41642e-06     -19.5068 
          20      8.39303 -2.09205e-05 -3.22956e-06     -19.5067 
          20      8.48211 -2.13426e-05 -3.06289e-06     -19.5065 
          20      8.57159 -2.17662e-05  -2.8797e-06     -19.5064 
          20      8.66161 -2.21879e-05 -2.66825e-06     -19.5062 
          20      8.75203 -2.26054e-05 -2.43469e-06     -19.5061 
          20      8.84299 -2.30209e-05  -2.1943e-06     -19.5059 
          20      8.93443 -2.34374e-05 -1.96633e-06     -19.5058 
          20      9.02626   -2.386e-05   -1.768e-06     -19.5056 
          20      9.11863 -2.42952e-05 -1.60997e-06     -19.5055 
          20      9.21139 -2.47472e-05 -1.49471e-06     -19.5053 
          20      9.30471 -2.52185e-05 -1.41449e-06     -19.5052 
          20      9.39841 -2.57046e-05 -1.35284e-06      -19.505 
          20      9.49267 -2.61934e-05 -1.28676e-06     -19.5049 
          20      9.58739 -2.66589e-05 -1.19206e-06     -19.5047 
          20      9.68251 -2.70576e-05 -1.05061e-06     -19.5045 
          20      9.77817 -2.73243e-05 -8.60024e-07     -19.5044 
          20      9.87422 -2.76033e-05 -8.47188e-07     -19.5042 
          20      9.97083 -2.80016e-05 -9.41152e-07     -19.5041 
          20      10.0678 -2.83731e-05 -7.92422e-07     -19.5039 
          20      10.1654 -2.88178e-05 -7.99186e-07     -19.5037 
          20      10.2633 -2.91633e-05 -8.90099e-07     -19.5036 
          20      10.3618 -2.94351e-05 -9.57465e-07     -19.5034 
          20      10.4607 -2.96725e-05 -1.00227e-06     -19.5033 
          20      10.5601 -2.98993e-05 -1.03011e-06     -19.5031 
          20        10.66 -3.01264e-05 -1.04978e-06     -19.5029 
          20      10.7603 -3.05528e-05 -9.44779e-07     -19.5028 
          20      10.8611 -3.10422e-05 -8.47604e-07     -19.5026 
          20      10.9623 -3.15033e-05 -8.03018e-07     -19.5024 
          20      11.0641 -3.19318e-05  -7.9328e-07     -19.5023 
          20      11.1663 -3.23234e-05 -8.03443e-07     -19.5021 
          20       11.269 -3.26745e-05 -8.21803e-07     -19.5019 
          20      11.3721 -3.29843e-05 -8.40409e-07     -19.5018 
          20      11.4757 -3.32521e-05  -8.5509e-07     -19.5016 
          20      11.5798 -3.34803e-05 -8.65393e-07     -19.5014 
          20      11.6844 -3.36721e-05  -8.7401e-07     -19.5013 
          20      11.7894 -3.38332e-05 -8.86027e-07     -19.5011 
          20       11.895 -3.39705e-05 -9.07666e-07     -19.5009 
          20      12.0009 -3.40921e-05 -9.44649e-07     -19.5007 
          20      12.1073 -3.42068e-05 -1.00026e-06     -19.5006 
          20      12.2142 -3.43233e-05 -1.07258e-06     -19.5004 
          20      12.3216 -3.44498e-05 -1.15174e-06     -19.5002 
          20      12.4294  -3.4592e-05 -1.21593e-06        -19.5 
          20      12.5378 -3.46277e-05 -1.22319e-06     -19.4998 
          20      12.6465 -3.46699e-05 -1.22657e-06     -19.4997 
          20      12.7558 -3.47449e-05 -1.23836e-06     -19.4995 
          20      12.8656 -3.48373e-05 -1.25894e-06     -19.4993 
          20      12.9757 -3.49374e-05 -1.28745e-06     -19.4991 
          20      13.0864 -3.50411e-05 -1.32117e-06     -19.4989 
          20      13.1975 -3.51476e-05 -1.35481e-06     -19.4988 
          20      13.3092 -3.52591e-05  -1.3803e-06     -19.4986 
          20      13.4212 -3.53788e-05 -1.38649e-06     -19.4984 
          20      13.5338 -3.55105e-05 -1.35939e-06     -19.4982 
          20      13.6468 -3.56561e-05 -1.28239e-06      -19.498 
          20      13.7603 -3.58436e-05 -1.15557e-06     -19.4978 
          20      13.8743 -3.60651e-05 -1.02533e-06     -19.4976 
          20      13.9886 -3.63024e-05 -9.05222e-07     -19.4974 
          20      14.1036 -3.65428e-05 -8.00513e-07     -19.4973 
          20      14.2189 -3.67755e-05 -7.09682e-07     -19.4971 
          20      14.3348  -3.6993e-05 -6.25289e-07     -19.4969 
          20       14.451 -3.71885e-05 -5.38565e-07     -19.4967 
          20      14.5678 -3.73562e-05 -4.45483e-07     -19.4965 
          20      14.6851 -3.74878e-05 -3.56745e-07     -19.4963 
          20      14.8028 -3.75699e-05 -3.10113e-07     -19.4961 
          20       14.921 -3.74736e-05 -2.46684e-07     -19.4959 
          20      15.0396 -3.73935e-05  -2.6708e-07     -19.4957 
          20      15.1588 -3.73923e-05  -3.1745e-07     -19.4955 
          20      15.2783 -3.74269e-05 -3.16567e-07     -19.4953 
          20      15.3984 -3.74584e-05 -2.59649e-07     -19.4951 
          20       15.519 -3.74478e-05 -2.08122e-07     -19.4949 
          20        15.64  -3.7352e-05 -2.81458e-07     -19.4947 
          20      15.7615 -3.75174e-05 -2.88668e-07     -19.4945 
          20      15.8834 -3.77062e-05 -2.76014e-07     -19.4943 
          20      16.0058 -3.78526e-05 -2.72432e-07     -19.4941 
          20      16.1286 -3.79523e-05 -2.71192e-07     -19.4938 
          20       16.252 -3.80102e-05  -2.6476e-07     -19.4936 
          20      16.3759 -3.80374e-05 -2.47012e-07     -19.4934 
          20      16.5002 -3.80495e-05 -2.14788e-07     -19.4932 
          20       16.625 -3.80639e-05 -1.68548e-07      -19.493 
          20      16.7501 -3.80969e-05 -1.12543e-07     -19.4928 
          20      16.8759 -3.81613e-05 -5.36253e-08     -19.4926 
          20       17.002 -3.82629e-05  2.69982e-10     -19.4923 
          20      17.1287  -3.8397e-05  4.33402e-08     -19.4921 
          20      17.2557 -3.85448e-05  7.55456e-08     -19.4919 
          20      17.3834 -3.86696e-05  1.08007e-07     -19.4917 
          20      17.5115 -3.87121e-05  1.69193e-07     -19.4915 
          20      17.6399 -3.86234e-05  1.48198e-07     -19.4912 
          20       17.769 -3.86192e-05 -9.01808e-08      -19.491 
          20      17.8984 -3.86975e-05 -1.97119e-07     -19.4908 
          20      18.0284 -3.88183e-05  -2.2453e-07     -19.4905 
          20      18.1587 -3.89508e-05 -2.08005e-07     -19.4903 
          20      18.2896 -3.90724e-05 -1.70173e-07     -19.4901 
          20       18.421  -3.9167e-05  -1.2436e-07     -19.4899 
          20      18.5528 -3.92243e-05 -7.89421e-08     -19.4896 
          20      18.6851 -3.92395e-05 -4.22692e-08     -19.4894 
          20      18.8178 -3.92127e-05 -2.87128e-08     -19.4891 
          20      18.9511 -3.91487e-05 -6.50994e-08     -19.4889 
          20      19.0847 -3.90584e-05 -1.98142e-07     -19.4887 
          20      19.2189 -3.89588e-05 -5.03187e-07     -19.4884 
          20      19.3535 -3.90646e-05 -3.75602e-07     -19.4882 
          20      19.4886 -3.90868e-05 -3.30975e-07     -19.4879 
          20      19.6242  -3.9046e-05 -3.54993e-07     -19.4877 
          20      19.7602 -3.89665e-05 -4.26863e-07     -19.4874 
          20      19.8968 -3.88716e-05 -5.28093e-07     -19.4872 
          20      20.0337 -3.87826e-05 -6.42276e-07     -19.4869 
          20      20.1712 -3.87166e-05 -7.56001e-07     -19.4867 
          20      20.3091 -3.86852e-05 -8.58578e-07     -19.4864 
          20      20.4475 -3.86923e-05 -9.43218e-07     -19.4862 
          20      20.5864 -3.87316e-05 -1.00704e-06     -19.4859 
          20      20.7257 -3.87841e-05 -1.05207e-06     -19.4857 
          20      20.8655 -3.88156e-05 -1.08607e-06     -19.4854 
          20      21.0058 -3.87726e-05 -1.12325e-06     -19.4851 
          20      21.1465 -3.85794e-05 -1.18549e-06     -19.4849 
          20      21.2877 -3.81348e-05 -1.30322e-06     -19.4846 
          20      21.4294 -3.86044e-05 -1.23982e-06     -19.4844 
          20      21.5716 -3.89635e-05 -1.22008e-06     -19.4841 
          20      21.7142 -3.91801e-05 -1.23935e-06     -19.4838 
          20      21.8573 -3.92891e-05 -1.28198e-06     -19.4835 
          20      22.0008 -3.93197e-05 -1.33632e-06     -19.4833 
          20      22.1449 -3.92966e-05 -1.39435e-06      -19.483 
          20      22.2893 -3.92397e-05 -1.45076e-06     -19.4827 
          20      22.4344 -3.91649e-05 -1.50285e-06     -19.4824 
          20      22.5797 -3.90843e-05 -1.54956e-06     -19.4822 
          20      22.7257 -3.90069e-05 -1.59143e-06     -19.4819 
          20      22.8721 -3.89387e-05 -1.62979e-06     -19.4816 
          20      23.0189 -3.88832e-05 -1.66657e-06     -19.4813 
          20      23.1663 -3.88418e-05 -1.70394e-06      -19.481 
          20       23.314 -3.88142e-05 -1.74387e-06     -19.4807 
          20      23.4623 -3.87987e-05 -1.78806e-06     -19.4804 
          20       23.611 -3.87927e-05 -1.83749e-06     -19.4801 
          20      23.7602 -3.87928e-05 -1.89261e-06     -19.4798 
          20        23.91 -3.87954e-05 -1.95294e-06     -19.4795 
          20        24.06 -3.87969e-05 -2.01718e-06     -19.4793 
          20      24.2107  -3.8794e-05 -2.08346e-06     -19.4789 
          20      24.3617 -3.87841e-05 -2.14914e-06     -19.4786 
          20      24.5133 -3.87654e-05 -2.21141e-06     -19.4783 
          20      24.6653 -3.87372e-05 -2.26723e-06      -19.478 
          20      24.8178 -3.87002e-05 -2.31413e-06     -19.4777 
          20      24.9708 -3.86568e-05 -2.35039e-06     -19.4774 
          20      25.1242 -3.86108e-05 -2.37584e-06     -19.4771 
          20      25.2781  -3.8568e-05  -2.3926e-06     -19.4768 
          20      25.4324 -3.85364e-05 -2.40582e-06     -19.4765 
          20      25.5873 -3.85255e-05 -2.42476e-06     -19.4761 
          20      25.7426 -3.85475e-05 -2.46377e-06     -19.4758 
          20      25.8984 -3.86161e-05 -2.54372e-06     -19.4755 
          20      26.0546 -3.87472e-05 -2.69305e-06     -19.4752 
          20      26.2114  -3.8983e-05 -2.87999e-06     -19.4749 
          20      26.3686 -3.92057e-05 -2.95798e-06     -19.4745 
          20      26.5262 -3.92226e-05 -3.12684e-06     -19.4742 
          20      26.6844 -3.90118e-05 -3.40827e-06     -19.4739 
          20      26.8429 -3.91459e-05  -2.9517e-06     -19.4735 
          20       27.002 -3.91689e-05 -2.74138e-06     -19.4732 
          20      27.1615 -3.90893e-05  -2.7531e-06     -19.4728 
          20      27.3216 -3.89438e-05 -2.92609e-06     -19.4725 
          20      27.4821 -3.87781e-05 -3.12168e-06     -19.4722 
          20       27.643 -3.86672e-05  -3.1404e-06     -19.4718 
          20      27.8044 -3.86029e-05 -3.17775e-06     -19.4715 
          20      27.9663 -3.85691e-05 -3.22505e-06     -19.4711 
          20      28.1287 -3.85522e-05 -3.27561e-06     -19.4708 
          20      28.2914 -3.85421e-05 -3.32424e-06     -19.4704 
          20      28.4548 -3.85311e-05 -3.36729e-06       -19.47 
          20      28.6185 -3.85139e-05 -3.40212e-06     -19.4697 
          20      28.7828 -3.84875e-05 -3.42715e-06     -19.4693 
          20      28.9475  -3.8451e-05 -3.44152e-06      -19.469 
          20      29.1126 -3.84049e-05 -3.44499e-06     -19.4686 
          20      29.2784 -3.83511e-05 -3.43779e-06     -19.4682 
          20      29.4444 -3.82929e-05 -3.42057e-06     -19.4678 
          20       29.611 -3.82339e-05 -3.39419e-06     -19.4675 
          20       29.778 -3.81785e-05 -3.35986e-06     -19.4671 
          20      29.9456 -3.81308e-05 -3.31893e-06     -19.4667 
          20      30.1137 -3.80949e-05  -3.2731e-06     -19.4663 
          20      30.2821 -3.80741e-05 -3.22441e-06      -19.466 
          20      30.4511 -3.80705e-05 -3.17521e-06     -19.4656 
          20      30.6204 -3.80848e-05 -3.12861e-06     -19.4652 
          20      30.7903 -3.81158e-05 -3.08829e-06     -19.4648 
          20      30.9606 -3.81599e-05 -3.05912e-06     -19.4644 
          20      31.1315 -3.82105e-05 -3.04713e-06      -19.464 
          20      31.3028 -3.82577e-05 -3.06007e-06     -19.4636 
          20      31.4745  -3.8288e-05 -3.10763e-06     -19.4632 
          20      31.6468 -3.82831e-05 -3.20211e-06     -19.4628 
          20      31.8194 -3.82201e-05 -3.35853e-06     -19.4624 
          20      31.9926 -3.80704e-05 -3.59592e-06      -19.462 
          20      32.1662 -3.77996e-05 -3.93684e-06     -19.4616 
          20      32.3404 -3.73662e-05  -4.4097e-06     -19.4612 
          20      32.5149 -3.76313e-05 -3.96596e-06     -19.4608 
          20        32.69 -3.78034e-05  -3.6276e-06     -19.4603 
          20      32.8655 -3.78482e-05 -3.45287e-06     -19.4599 
          20      33.0414 -3.78199e-05 -3.38799e-06     -19.4595 
          20       33.218 -3.77602e-05 -3.39026e-06     -19.4591 
          20      33.3948    -3.77e-05 -3.42723e-06     -19.4586 
          20      33.5723 -3.76596e-05  -3.4755e-06     -19.4582 
          20        33.75 -3.76499e-05 -3.51953e-06     -19.4578 
          20      33.9284 -3.76731e-05 -3.55078e-06     -19.4573 
          20      34.1073 -3.77239e-05 -3.56649e-06     -19.4569 
          20      34.2865 -3.77907e-05 -3.56872e-06     -19.4565 
          20      34.4663 -3.78565e-05  -3.5633e-06      -19.456 
          20      34.6465 -3.79002e-05  -3.5588e-06     -19.4556 
          20      34.8272  -3.7898e-05 -3.56553e-06     -19.4551 
          20      35.0083 -3.78249e-05 -3.59453e-06     -19.4547 
          20        35.19 -3.76556e-05 -3.65669e-06     -19.4542 
          20      35.3721 -3.73669e-05 -3.76169e-06     -19.4538 
          20      35.5546 -3.72927e-05 -3.96843e-06     -19.4533 
          20      35.7377 -3.73416e-05 -4.18962e-06     -19.4529 
          20      35.9211 -3.73513e-05 -4.37882e-06     -19.4524 
          20      36.1052 -3.73277e-05  -4.5318e-06     -19.4519 
          20      36.2895  -3.7277e-05 -4.64588e-06     -19.4515 
          20      36.4745 -3.72057e-05 -4.72087e-06      -19.451 
          20      36.6598 -3.71206e-05 -4.75823e-06     -19.4505 
          20      36.8457  -3.7028e-05 -4.76147e-06       -19.45 
          20      37.0321 -3.69343e-05 -4.73566e-06     -19.4496 
          20      37.2188 -3.68456e-05 -4.68739e-06     -19.4491 
          20      37.4062 -3.67676e-05 -4.62428e-06     -19.4486 
          20      37.5938 -3.67054e-05  -4.5549e-06     -19.4481 
          20      37.7821 -3.66642e-05 -4.48799e-06     -19.4476 
          20      37.9707 -3.66484e-05  -4.4324e-06     -19.4471 
          20      38.1599 -3.66626e-05 -4.39612e-06     -19.4466 
          20      38.3496 -3.67112e-05 -4.38599e-06     -19.4461 
          20      38.5396 -3.67984e-05  -4.4068e-06     -19.4456 
          20      38.7302 -3.69293e-05 -4.46061e-06     -19.4451 
          20      38.9211 -3.71089e-05 -4.54575e-06     -19.4446 
          20      39.1127 -3.72247e-05 -4.56426e-06     -19.4441 
          20      39.3046 -3.70468e-05 -4.43379e-06     -19.4436 
          20      39.4971 -3.69207e-05 -4.43407e-06     -19.4431 
          20      39.6899 -3.68455e-05 -4.51368e-06     -19.4426 
          20      39.8833 -3.68164e-05 -4.63291e-06     -19.4421 
          20      40.0772 -3.68259e-05 -4.76194e-06     -19.4415 
          20      40.2714  -3.6864e-05 -4.87937e-06      -19.441 
          20      40.4663 -3.69196e-05 -4.97118e-06     -19.4405 
          20      40.6615 -3.69803e-05 -5.02883e-06       -19.44 
          20      40.8573 -3.70337e-05 -5.04872e-06     -19.4394 
          20      41.0534  -3.7068e-05 -5.03084e-06     -19.4389 
          20      41.2501 -3.70727e-05 -4.97814e-06     -19.4383 
          20      41.4473 -3.70395e-05 -4.89592e-06     -19.4378 
          20      41.6448 -3.69629e-05 -4.79149e-06     -19.4373 
          20      41.8429 -3.68412e-05 -4.67353e-06     -19.4367 
          20      42.0414 -3.66773e-05 -4.55276e-06     -19.4362 
          20      42.2405 -3.64793e-05 -4.44135e-06     -19.4356 
          20      42.4399 -3.62621e-05 -4.35411e-06     -19.4351 
          20      42.6399  -3.6047e-05 -4.30848e-06     -19.4345 
          20      42.8404 -3.58642e-05 -4.32601e-06     -19.4339 
          20      43.0412 -3.57525e-05 -4.43309e-06     -19.4334 
          20      43.2426 -3.58947e-05 -4.55666e-06     -19.4328 
          20      43.4444 -3.62009e-05 -4.57729e-06     -19.4323 
          20      43.6467 -3.64413e-05 -4.59523e-06     -19.4317 
          20      43.8494 -3.66245e-05 -4.61389e-06     -19.4311 
          20      44.0527 -3.67588e-05 -4.63568e-06     -19.4305 
          20      44.2563 -3.68511e-05 -4.66205e-06       -19.43 
          20      44.4606 -3.69079e-05  -4.6937e-06     -19.4294 
          20      44.6653  -3.6935e-05 -4.73065e-06     -19.4288 
          20      44.8704 -3.69372e-05 -4.77233e-06     -19.4282 
          20       45.076 -3.69189e-05 -4.81787e-06     -19.4276 
          20       45.282 -3.68841e-05 -4.86593e-06      -19.427 
          20      45.4886  -3.6836e-05 -4.91511e-06     -19.4264 
          20      45.6955 -3.67774e-05 -4.96373e-06     -19.4258 
          20       45.903 -3.67108e-05 -5.01024e-06     -19.4252 
          20      46.1111  -3.6638e-05 -5.05302e-06     -19.4246 
          20      46.3194  -3.6561e-05 -5.09053e-06      -19.424 
          20      46.5283 -3.64809e-05 -5.12155e-06     -19.4234 
          20      46.7376 -3.63991e-05 -5.14493e-06     -19.4228 
          20      46.9475 -3.63163e-05 -5.15988e-06     -19.4222 
          20      47.1577 -3.62334e-05 -5.16583e-06     -19.4216 
          20      47.3685  -3.6151e-05 -5.16254e-06      -19.421 
          20      47.5798 -3.60695e-05 -5.15008e-06     -19.4203 
          20      47.7914 -3.59895e-05 -5.12883e-06     -19.4197 
          20      48.0037 -3.59112e-05  -5.0994e-06     -19.4191 
          20      48.2162 -3.58353e-05  -5.0627e-06     -19.4185 
          20      48.4294 -3.57619e-05 -5.01975e-06     -19.4178 
          20      48.6429 -3.56916e-05  -4.9718e-06     -19.4172 
          20       48.857 -3.56247e-05 -4.92002e-06     -19.4166 
          20      49.0714  -3.5562e-05 -4.86565e-06     -19.4159 
          20      49.2865 -3.55039e-05  -4.8096e-06     -19.4153 
          20       49.502 -3.54511e-05 -4.75263e-06     -19.4146 
          20      49.7179 -3.54046e-05 -4.69501e-06      -19.414 
          20      49.9343 -3.53651e-05 -4.63626e-06     -19.4133 
          20      50.1511 -3.53337e-05 -4.57525e-06     -19.4127 
          20      50.3685 -3.53115e-05 -4.50965e-06      -19.412 
          20      50.5862 -3.52995e-05 -4.43605e-06     -19.4114 
          20      50.8046 -3.52989e-05 -4.34928e-06     -19.4107 
          20      51.0234 -3.53111e-05 -4.24255e-06       -19.41 
          20      51.2425 -3.53373e-05 -4.10703e-06     -19.4094 
          20      51.4623 -3.53787e-05 -3.93111e-06     -19.4087 
          20      51.6824 -3.54365e-05 -3.70091e-06      -19.408 
          20      51.9031 -3.55119e-05  -3.3987e-06     -19.4074 
          20      52.1241 -3.55565e-05 -3.15403e-06     -19.4067 
          20      52.3457 -3.56974e-05 -3.72664e-06      -19.406 
          20      52.5676  -3.5869e-05 -4.46443e-06     -19.4053 
          20      52.7902  -3.5771e-05 -4.85232e-06     -19.4047 
          20      53.0133  -3.5657e-05 -5.13384e-06      -19.404 
          20      53.2366 -3.55334e-05 -5.32416e-06     -19.4033 
          20      53.4606 -3.54049e-05  -5.4377e-06     -19.4026 
          20      53.6849 -3.52762e-05 -5.48721e-06     -19.4019 
          20      53.9099 -3.51506e-05 -5.48457e-06     -19.4012 
          20      54.1351 -3.50313e-05 -5.44049e-06     -19.4005 
          20       54.361 -3.49204e-05 -5.36454e-06     -19.3998 
          20      54.5873 -3.48198e-05 -5.26539e-06     -19.3991 
          20      54.8139 -3.47308e-05 -5.15077e-06     -19.3984 
          20      55.0412  -3.4654e-05 -5.02721e-06     -19.3977 
          20      55.2688   -3.459e-05 -4.90067e-06      -19.397 
          20       55.497 -3.45385e-05 -4.77589e-06     -19.3963 
          20      55.7255 -3.44995e-05 -4.65716e-06     -19.3956 
          20      55.9547 -3.44723e-05 -4.54762e-06     -19.3948 
          20      56.1844 -3.44561e-05 -4.44996e-06     -19.3941 
          20      56.4143 -3.44499e-05 -4.36614e-06     -19.3934 
          20      56.6449 -3.44526e-05  -4.2973e-06     -19.3927 
          20      56.8757 -3.44629e-05 -4.24422e-06     -19.3919 
          20      57.1072 -3.44797e-05 -4.20694e-06     -19.3912 
          20       57.339 -3.45015e-05 -4.18516e-06     -19.3905 
          20      57.5715  -3.4527e-05 -4.17806e-06     -19.3898 
          20      57.8042 -3.45548e-05 -4.18446e-06      -19.389 
          20      58.0376 -3.45838e-05 -4.20286e-06     -19.3883 
          20      58.2715 -3.46127e-05 -4.23146e-06     -19.3875 
          20      58.5057 -3.46403e-05 -4.26823e-06     -19.3868 
          20      58.7405 -3.46657e-05 -4.31105e-06     -19.3861 
          20      58.9756 -3.46878e-05  -4.3576e-06     -19.3853 
          20      59.2113 -3.47061e-05 -4.40563e-06     -19.3846 
          20      59.4473 -3.47196e-05 -4.45277e-06     -19.3838 
          20       59.684 -3.47279e-05 -4.49691e-06     -19.3831 
          20      59.9212 -3.47307e-05 -4.53593e-06     -19.3823 
          20      60.1586 -3.47274e-05 -4.56797e-06     -19.3815 
          20      60.3967 -3.47179e-05 -4.59151e-06     -19.3808 
          20      60.6351 -3.47021e-05  -4.6053e-06       -19.38 
          20      60.8741 -3.46798e-05 -4.60854e-06     -19.3793 
          20      61.1135 -3.46511e-05 -4.60091e-06     -19.3785 
          20      61.3534 -3.46157e-05 -4.58262e-06     -19.3777 
          20      61.5939 -3.45736e-05 -4.55455e-06      -19.377 
          20      61.8346 -3.45247e-05 -4.51828e-06     -19.3762 
          20       62.076 -3.44684e-05 -4.47608e-06     -19.3754 
          20      62.3177 -3.44044e-05 -4.43122e-06     -19.3746 
          20        62.56 -3.43317e-05 -4.38773e-06     -19.3739 
          20      62.8026 -3.42494e-05 -4.35079e-06     -19.3731 
          20      63.0459 -3.41558e-05 -4.32654e-06     -19.3723 
          20      63.2894  -3.4049e-05 -4.32238e-06     -19.3715 
          20      63.5336 -3.39263e-05 -4.34691e-06     -19.3707 
          20      63.7783 -3.37846e-05 -4.41009e-06       -19.37 
          20      64.0233 -3.36319e-05 -4.51823e-06     -19.3692 
          20      64.2689 -3.37292e-05 -4.54424e-06     -19.3684 
          20      64.5148 -3.37987e-05 -4.57585e-06     -19.3676 
          20      64.7613 -3.38442e-05 -4.61149e-06     -19.3668 
          20      65.0082 -3.38694e-05 -4.64963e-06      -19.366 
          20      65.2557 -3.38775e-05 -4.68899e-06     -19.3652 
          20      65.5036 -3.38714e-05 -4.72837e-06     -19.3644 
          20      65.7519 -3.38538e-05 -4.76667e-06     -19.3636 
          20      66.0008 -3.38271e-05 -4.80304e-06     -19.3628 
          20        66.25 -3.37935e-05 -4.83662e-06      -19.362 
          20      66.4998 -3.37548e-05 -4.86679e-06     -19.3612 
          20        66.75 -3.37127e-05 -4.89296e-06     -19.3604 
          20      67.0007 -3.36686e-05 -4.91471e-06     -19.3596 
          20      67.2518 -3.36239e-05 -4.93169e-06     -19.3588 
          20      67.5035 -3.35793e-05 -4.94367e-06      -19.358 
          20      67.7557  -3.3536e-05 -4.95053e-06     -19.3571 
          20      68.0082 -3.34944e-05 -4.95221e-06     -19.3563 
          20      68.2614 -3.34551e-05 -4.94877e-06     -19.3555 
          20      68.5148 -3.34185e-05 -4.94035e-06     -19.3547 
          20      68.7688 -3.33848e-05 -4.92715e-06     -19.3539 
          20      69.0232  -3.3354e-05 -4.90949e-06     -19.3531 
          20      69.2782  -3.3326e-05 -4.88771e-06     -19.3522 
          20      69.5337 -3.33009e-05 -4.86224e-06     -19.3514 
          20      69.7895 -3.32783e-05 -4.83362e-06     -19.3506 
          20      70.0459 -3.32579e-05 -4.80235e-06     -19.3498 
          20      70.3026 -3.32393e-05 -4.76911e-06     -19.3489 
          20        70.56 -3.32221e-05 -4.73451e-06     -19.3481 
          20      70.8176 -3.32056e-05 -4.69932e-06     -19.3473 
          20      71.0759 -3.31894e-05 -4.66425e-06     -19.3465 
          20      71.3347 -3.31729e-05 -4.63014e-06     -19.3456 
          20      71.5938 -3.31553e-05 -4.59786e-06     -19.3448 
          20      71.8535 -3.31361e-05 -4.56826e-06      -19.344 
          20      72.1135 -3.31145e-05 -4.54229e-06     -19.3431 
          20      72.3741 -3.30899e-05 -4.52088e-06     -19.3423 
          20       72.635 -3.30615e-05 -4.50503e-06     -19.3414 
          20      72.8967 -3.30287e-05 -4.49573e-06     -19.3406 
          20      73.1585 -3.29909e-05 -4.49404e-06     -19.3398 
          20      73.4211 -3.29473e-05 -4.50102e-06     -19.3389 
          20      73.6841 -3.28973e-05 -4.51775e-06     -19.3381 
          20      73.9473 -3.28404e-05 -4.54531e-06     -19.3372 
          20      74.2113 -3.27758e-05 -4.58488e-06     -19.3364 
          20      74.4755 -3.27032e-05 -4.63753e-06     -19.3356 
          20      74.7404 -3.26219e-05 -4.70452e-06     -19.3347 
          20      75.0056 -3.25316e-05 -4.78693e-06     -19.3339 
          20      75.2714 -3.24315e-05 -4.88609e-06      -19.333 
          20      75.5377 -3.23939e-05 -4.91217e-06     -19.3322 
          20      75.8043 -3.24455e-05  -4.8269e-06     -19.3313 
          20      76.0715  -3.2485e-05 -4.75429e-06     -19.3305 
          20       76.339  -3.2513e-05 -4.69133e-06     -19.3296 
          20      76.6072 -3.25302e-05 -4.63506e-06     -19.3288 
          20      76.8756 -3.25366e-05 -4.58298e-06     -19.3279 
          20      77.1448 -3.25323e-05 -4.53275e-06     -19.3271 
          20      77.4141 -3.25176e-05 -4.48254e-06     -19.3262 
          20      77.6842 -3.24923e-05 -4.43072e-06     -19.3254 
          20      77.9547 -3.24571e-05  -4.3762e-06     -19.3245 
          20      78.2255 -3.24124e-05 -4.31833e-06     -19.3237 
          20       78.497 -3.23595e-05 -4.25679e-06     -19.3228 
          20      78.7687 -3.23002e-05 -4.19194e-06     -19.3219 
          20      79.0411 -3.22371e-05 -4.12445e-06     -19.3211 
          20      79.3138 -3.21738e-05 -4.05576e-06     -19.3202 
          20      79.5872  -3.2115e-05 -3.98768e-06     -19.3194 
          20       79.861 -3.20698e-05 -3.92293e-06     -19.3185 
          20      80.1351 -3.20919e-05 -3.87821e-06     -19.3177 
          20      80.4098 -3.21092e-05 -3.85816e-06     -19.3168 
          20      80.6849 -3.21226e-05 -3.85897e-06      -19.316 
          20      80.9606 -3.21327e-05 -3.87688e-06     -19.3151 
          20      81.2365 -3.21399e-05 -3.90814e-06     -19.3142 
          20      81.5132  -3.2144e-05 -3.94911e-06     -19.3134 
          20      81.7903 -3.21448e-05 -3.99608e-06     -19.3125 
          20      82.0676 -3.21415e-05  -4.0453e-06     -19.3117 
          20      82.3457 -3.21331e-05 -4.09311e-06     -19.3108 
          20       82.624 -3.21185e-05 -4.13565e-06     -19.3099 
          20       82.903  -3.2096e-05 -4.16909e-06     -19.3091 
          20      83.1822 -3.20639e-05 -4.18939e-06     -19.3082 
          20      83.4622 -3.20199e-05 -4.19245e-06     -19.3074 
          20      83.7424  -3.1962e-05 -4.17398e-06     -19.3065 
          20      84.0232 -3.18872e-05  -4.1295e-06     -19.3056 
          20      84.3046 -3.17998e-05 -4.06363e-06     -19.3048 
          20      84.5862 -3.17606e-05 -4.05844e-06     -19.3039 
          20      84.8685 -3.17213e-05  -4.0529e-06     -19.3031 
          20       85.151 -3.16815e-05 -4.04743e-06     -19.3022 
          20      85.4342 -3.16411e-05 -4.04236e-06     -19.3014 
          20      85.7177 -3.16001e-05 -4.03796e-06     -19.3005 
          20      86.0019 -3.15584e-05 -4.03443e-06     -19.2996 
          20      86.2865 -3.15162e-05 -4.03192e-06     -19.2988 
          20      86.5714 -3.14738e-05 -4.03054e-06     -19.2979 
          20       86.857 -3.14313e-05 -4.03035e-06     -19.2971 
          20      87.1428 -3.13892e-05 -4.03135e-06     -19.2962 
          20      87.4293 -3.13477e-05 -4.03353e-06     -19.2954 
          20      87.7161 -3.13071e-05 -4.03684e-06     -19.2945 
          20      88.0035 -3.12678e-05 -4.04121e-06     -19.2937 
          20      88.2914 -3.12301e-05 -4.04653e-06     -19.2928 
          20      88.5796 -3.11944e-05 -4.05269e-06      -19.292 
          20      88.8685 -3.11608e-05 -4.05957e-06     -19.2911 
          20      89.1576 -3.11297e-05 -4.06701e-06     -19.2903 
          20      89.4474 -3.11011e-05 -4.07488e-06     -19.2894 
          20      89.7374 -3.10751e-05 -4.08301e-06     -19.2886 
          20      90.0282 -3.10519e-05 -4.09127e-06     -19.2877 
          20      90.3192 -3.10314e-05 -4.09948e-06     -19.2869 
          20      90.6109 -3.10134e-05  -4.1075e-06      -19.286 
          20       90.903 -3.09979e-05 -4.11519e-06     -19.2852 
          20      91.1954 -3.09846e-05  -4.1224e-06     -19.2844 
          20      91.4885 -3.09732e-05   -4.129e-06     -19.2835 
          20      91.7819 -3.09633e-05 -4.13486e-06     -19.2827 
          20      92.0759 -3.09545e-05 -4.13987e-06     -19.2818 
          20      92.3702 -3.09463e-05  -4.1439e-06      -19.281 
          20      92.6652 -3.09381e-05 -4.14688e-06     -19.2802 
          20      92.9606 -3.09294e-05 -4.14869e-06     -19.2793 
          20      93.2563 -3.09196e-05 -4.14926e-06     -19.2785 
          20      93.5527  -3.0908e-05  -4.1485e-06     -19.2777 
          20      93.8493 -3.08939e-05 -4.14632e-06     -19.2768 
          20      94.1466 -3.08769e-05 -4.14265e-06      -19.276 
          20      94.4442 -3.08563e-05 -4.13742e-06     -19.2752 
          20      94.7425 -3.08315e-05 -4.13051e-06     -19.2743 
          20       95.041 -3.08022e-05 -4.12186e-06     -19.2735 
          20      95.3402  -3.0768e-05 -4.11132e-06     -19.2727 
          20      95.6399 -3.07286e-05 -4.09878e-06     -19.2719 
          20      95.9398  -3.0684e-05  -4.0841e-06      -19.271 
          20      96.2404 -3.06344e-05 -4.06705e-06     -19.2702 
          20      96.5412   -3.058e-05 -4.04746e-06     -19.2694 
          20      96.8428 -3.05215e-05 -4.02501e-06     -19.2686 
          20      97.1446 -3.04599e-05 -3.99944e-06     -19.2678 
          20      97.4471 -3.03962e-05 -3.97031e-06     -19.2669 
          20      97.7501 -3.03322e-05 -3.93721e-06     -19.2661 
          20      98.0533   -3.027e-05 -3.89964e-06     -19.2653 
          20      98.3572  -3.0212e-05 -3.85692e-06     -19.2645 
          20      98.6613 -3.01614e-05  -3.8084e-06     -19.2637 
          20      98.9662 -3.02023e-05 -3.77262e-06     -19.2629 
          20      99.2712 -3.02928e-05 -3.75634e-06     -19.2621 
          20       99.577 -3.03451e-05 -3.74211e-06     -19.2613 
          20      99.8833 -3.03662e-05 -3.72938e-06     -19.2605 
          20       100.19 -3.03625e-05 -3.71767e-06     -19.2597 
          20      100.497 -3.03396e-05 -3.70652e-06     -19.2589 
          20      100.804 -3.03023e-05 -3.69562e-06     -19.2581 
          20      101.113 -3.02549e-05 -3.68464e-06     -19.2574 
          20      101.421 -3.02012e-05 -3.67339e-06     -19.2566 
          20       101.73 -3.01443e-05 -3.66167e-06     -19.2558 
          20      102.039 -3.00868e-05 -3.64937e-06      -19.255 
          20      102.349 -3.00307e-05 -3.63638e-06     -19.2542 
          20       102.66  -2.9978e-05 -3.62268e-06     -19.2534 
          20      102.971 -2.99298e-05 -3.60825e-06     -19.2526 
          20      103.282  -2.9887e-05  -3.5931e-06     -19.2518 
          20      103.594 -2.98503e-05 -3.57728e-06     -19.2511 
          20      103.906   -2.982e-05 -3.56084e-06     -19.2503 
          20      104.219 -2.97962e-05 -3.54387e-06     -19.2495 
          20      104.532 -2.97785e-05 -3.52643e-06     -19.2487 
          20      104.846 -2.97667e-05 -3.50865e-06      -19.248 
          20       105.16 -2.97601e-05 -3.49064e-06     -19.2472 
          20      105.474 -2.97581e-05 -3.47247e-06     -19.2464 
          20      105.789 -2.97598e-05 -3.45429e-06     -19.2457 
          20      106.105 -2.97644e-05 -3.43616e-06     -19.2449 
          20      106.421 -2.97708e-05 -3.41823e-06     -19.2442 
          20      106.738 -2.97782e-05 -3.40056e-06     -19.2434 
          20      107.055 -2.97854e-05 -3.38324e-06     -19.2426 
          20      107.372 -2.97915e-05 -3.36636e-06     -19.2419 
          20       107.69 -2.97956e-05 -3.34998e-06     -19.2412 
          20      108.008 -2.97968e-05 -3.33416e-06     -19.2404 
          20      108.327 -2.97942e-05 -3.31893e-06     -19.2397 
          20      108.646 -2.97872e-05 -3.30435e-06     -19.2389 
          20      108.966 -2.97751e-05  -3.2904e-06     -19.2382 
          20      109.286 -2.97575e-05 -3.27714e-06     -19.2375 
          20      109.607 -2.97339e-05 -3.26452e-06     -19.2367 
          20      109.928 -2.97043e-05 -3.25257e-06      -19.236 
          20       110.25 -2.96684e-05 -3.24128e-06     -19.2353 
          20      110.572 -2.96265e-05 -3.23061e-06     -19.2345 
          20      110.895 -2.95787e-05 -3.22057e-06     -19.2338 
          20      111.218 -2.95256e-05 -3.21113e-06     -19.2331 
          20      111.541 -2.94677e-05 -3.20229e-06     -19.2324 
          20      111.865 -2.94058e-05 -3.19404e-06     -19.2317 
          20       112.19 -2.93409e-05 -3.18641e-06      -19.231 
          20      112.515  -2.9274e-05 -3.17944e-06     -19.2303 
          20       112.84 -2.92064e-05 -3.17317e-06     -19.2296 
          20      113.166 -2.91396e-05 -3.16773e-06     -19.2289 
          20      113.492  -2.9075e-05 -3.16322e-06     -19.2282 
          20      113.819 -2.90142e-05 -3.15983e-06     -19.2275 
          20      114.147 -2.90169e-05 -3.09238e-06     -19.2268 
          20      114.474 -2.90235e-05 -3.01571e-06     -19.2262 
          20      114.803 -2.90222e-05 -2.94422e-06     -19.2255 
          20      115.131 -2.90153e-05 -2.87808e-06     -19.2249 
          20       115.46 -2.90047e-05 -2.81744e-06     -19.2242 
          20       115.79 -2.89923e-05 -2.76225e-06     -19.2236 
          20       116.12 -2.89796e-05 -2.71259e-06      -19.223 
          20      116.451 -2.89681e-05 -2.66835e-06     -19.2224 
          20      116.782 -2.89588e-05 -2.62952e-06     -19.2217 
          20      117.113 -2.89527e-05 -2.59591e-06     -19.2211 
          20      117.446 -2.89505e-05 -2.56738e-06     -19.2205 
          20      117.778 -2.89526e-05 -2.54373e-06     -19.2199 
          20      118.111 -2.89593e-05 -2.52464e-06     -19.2193 
          20      118.444 -2.89703e-05 -2.50985e-06     -19.2187 
          20      118.778 -2.89855e-05 -2.49896e-06     -19.2182 
          20      119.112 -2.90039e-05 -2.49156e-06     -19.2176 
          20      119.447 -2.90247e-05 -2.48717e-06      -19.217 
          20      119.783 -2.90464e-05 -2.48528e-06     -19.2164 
          20      120.118 -2.90673e-05  -2.4853e-06     -19.2158 
          20      120.455 -2.90852e-05 -2.48659e-06     -19.2152 
          20      120.791 -2.90976e-05 -2.48845e-06     -19.2146 
          20      121.128 -2.91013e-05 -2.49012e-06     -19.2141 
          20      121.466  -2.9093e-05 -2.49078e-06     -19.2135 
          20      121.804 -2.90686e-05 -2.48953e-06     -19.2129 
          20      122.143 -2.90236e-05 -2.48542e-06     -19.2123 
          20      122.482 -2.89526e-05 -2.47741e-06     -19.2117 
          20      122.821 -2.88501e-05 -2.46442e-06     -19.2111 
          20      123.161 -2.87097e-05 -2.44527e-06     -19.2105 
          20      123.502  -2.8524e-05  -2.4187e-06     -19.2099 
          20      123.843 -2.82855e-05 -2.38341e-06     -19.2092 
          20      124.184 -2.85207e-05 -2.32244e-06     -19.2086 
          20      124.526  -2.9207e-05 -2.24522e-06     -19.2079 
          20      124.868 -2.96216e-05 -2.17685e-06     -19.2072 
          20      125.211 -2.98165e-05 -2.11642e-06     -19.2066 
          20      125.554 -2.98384e-05 -2.06307e-06     -19.2059 
          20      125.898 -2.97281e-05 -2.01593e-06     -19.2053 
          20      126.242 -2.95219e-05 -1.97435e-06     -19.2047 
          20      126.587 -2.92504e-05 -1.93763e-06     -19.2042 
          20      126.932 -2.89406e-05 -1.90525e-06     -19.2036 
          20      127.278 -2.86143e-05 -1.87666e-06     -19.2031 
          20      127.624 -2.82905e-05 -1.85142e-06     -19.2026 
          20      127.971 -2.79846e-05 -1.82916e-06     -19.2021 
          20      128.318 -2.77078e-05 -1.80946e-06     -19.2016 
          20      128.665 -2.74696e-05 -1.79203e-06     -19.2011 
          20      129.013  -2.7276e-05 -1.77653e-06     -19.2007 
          20      129.361 -2.71312e-05 -1.76269e-06     -19.2003 
          20       129.71 -2.70369e-05 -1.75022e-06     -19.1999 
          20       130.06 -2.69932e-05 -1.73883e-06     -19.1995 
          20       130.41 -2.69983e-05 -1.72822e-06     -19.1991 
          20       130.76 -2.70492e-05 -1.71808e-06     -19.1987 
          20      131.111 -2.71413e-05 -1.70808e-06     -19.1984 
          20      131.462 -2.72695e-05 -1.69783e-06      -19.198 
          20      131.814 -2.74272e-05 -1.68691e-06     -19.1977 
          20      132.166 -2.76075e-05 -1.67482e-06     -19.1974 
          20      132.519 -2.78024e-05 -1.66103e-06      -19.197 
          20      132.872 -2.80041e-05 -1.64489e-06     -19.1967 
          20      133.226 -2.82037e-05  -1.6257e-06     -19.1964 
          20       133.58 -2.83921e-05 -1.60266e-06     -19.1961 
          20      133.934 -2.85603e-05 -1.57482e-06     -19.1958 
          20      134.289 -2.87726e-05 -1.49654e-06     -19.1954 
          20      134.645 -2.90083e-05 -1.40737e-06      -19.195 
          20          135 -2.92257e-05 -1.32804e-06     -19.1947 
          20      135.357 -2.94103e-05 -1.25793e-06     -19.1943 
          20      135.714 -2.95494e-05  -1.1966e-06     -19.1939 
          20      136.071 -2.96335e-05 -1.14341e-06     -19.1936 
          20      136.429 -2.96553e-05 -1.09785e-06     -19.1932 
          20      136.787 -2.96105e-05 -1.05935e-06     -19.1928 
          20      137.146 -2.94975e-05 -1.02728e-06     -19.1925 
          20      137.505 -2.93176e-05 -1.00105e-06     -19.1922 
          20      137.865 -2.90747e-05 -9.80002e-07     -19.1918 
          20      138.225 -2.87757e-05 -9.63528e-07     -19.1915 
          20      138.586 -2.84292e-05 -9.50949e-07     -19.1911 
          20      138.947 -2.80469e-05 -9.41615e-07     -19.1908 
          20      139.309 -2.76424e-05 -9.34864e-07     -19.1905 
          20      139.671 -2.72303e-05 -9.30012e-07     -19.1901 
          20      140.033 -2.68277e-05 -9.26396e-07     -19.1898 
          20      140.397 -2.64512e-05 -9.23346e-07     -19.1895 
          20       140.76 -2.61195e-05 -9.20211e-07     -19.1892 
          20      141.124 -2.58496e-05 -9.16343e-07     -19.1888 
          20      141.488 -2.56591e-05 -9.11125e-07     -19.1885 
          20      141.853 -2.55638e-05 -9.03969e-07     -19.1882 
          20      142.219 -2.55773e-05 -8.94305e-07     -19.1879 
          20      142.584 -2.57106e-05 -8.81632e-07     -19.1876 
          20      142.951 -2.59711e-05 -8.65461e-07     -19.1873 
          20      143.317 -2.63612e-05 -8.45411e-07      -19.187 
          20      143.685 -2.68787e-05 -8.21109e-07     -19.1867 
          20      144.052 -2.75133e-05  -7.9233e-07     -19.1864 
          20      144.421 -2.82489e-05 -7.58855e-07     -19.1861 
          20      144.789 -2.90589e-05 -7.20631e-07     -19.1858 
          20      145.158 -2.99063e-05 -6.77732e-07     -19.1855 
          20      145.528 -3.07447e-05 -6.30251e-07     -19.1853 
          20      145.898  -3.1512e-05 -5.78567e-07      -19.185 
          20      146.269 -3.21341e-05 -5.23047e-07     -19.1848 
          20       146.64 -3.25188e-05 -4.64402e-07     -19.1845 
          20      147.011 -3.25576e-05  -4.0334e-07     -19.1843 
          20      147.383 -3.21215e-05 -3.40909e-07     -19.1841 
          20      147.755 -3.10616e-05 -2.78378e-07     -19.1839 
          20      148.128 -2.92032e-05 -2.17099e-07     -19.1838 
          20      148.502 -2.63508e-05 -1.58875e-07     -19.1836 
          20      148.876 -2.22741e-05 -1.05591e-07     -19.1835 
          20       149.25 -1.67246e-05 -5.95999e-08     -19.1834 
          20      149.625 -9.40586e-06 -2.34148e-08     -19.1834 
          20          150            0            0     -19.1834 
