Variables = x, y, u, v, p

Zone, I=800, F=POINT
         950            0           -0           -0     -3.50508 
         950     0.000234 -2.51077e-06  4.11022e-11     -3.50508 
         950     0.000939  -9.4127e-06  6.75752e-10     -3.50508 
         950     0.002113 -1.88802e-05  3.42909e-09     -3.50508 
         950     0.003759 -2.84837e-05  1.08391e-08     -3.50508 
         950     0.005872 -3.57925e-05  2.63778e-08     -3.50508 
         950     0.008457 -3.91603e-05  5.45073e-08     -3.50508 
         950      0.01151 -3.81437e-05  1.00493e-07     -3.50508 
         950     0.015036 -3.36653e-05  1.70544e-07     -3.50508 
         950     0.019031 -2.77058e-05  2.71467e-07     -3.50508 
         950     0.023493 -2.25968e-05  4.10709e-07     -3.50508 
         950     0.028429 -2.01227e-05  5.96592e-07     -3.50508 
         950     0.033831 -2.07977e-05  8.37367e-07     -3.50508 
         950     0.039706  -2.3649e-05  1.14224e-06     -3.50508 
         950     0.046047 -2.68838e-05  1.51995e-06     -3.50508 
         950     0.052863 -2.94375e-05  1.98029e-06     -3.50508 
         950      0.06015 -3.27259e-05  2.53224e-06     -3.50508 
         950       0.0679 -4.08202e-05  3.18417e-06     -3.50508 
         950     0.076126 -5.54201e-05  3.94589e-06     -3.50508 
         950     0.084816 -6.41519e-05  4.82459e-06     -3.50508 
         950     0.093982 -8.12051e-05  5.82926e-06     -3.50508 
         950     0.103611 -9.94945e-05  6.96552e-06     -3.50508 
         950     0.113718 -0.000119673  8.24149e-06     -3.50508 
         950     0.124286 -0.000142111  9.66043e-06     -3.50508 
         950     0.135333  -0.00016701  1.12292e-05     -3.50508 
         950      0.14685 -0.000194291  1.29502e-05     -3.50508 
         950     0.158827 -0.000223695  1.48241e-05     -3.50508 
         950     0.171284 -0.000254949  1.68554e-05     -3.50508 
         950     0.184201 -0.000287683   1.9041e-05     -3.50508 
         950     0.197599 -0.000321719  2.13836e-05     -3.50508 
         950     0.211455 -0.000356876  2.38773e-05     -3.50508 
         950     0.225792 -0.000393097  2.65233e-05     -3.50508 
         950       0.2406 -0.000429935  2.93159e-05     -3.50508 
         950     0.255865 -0.000466591  3.22478e-05     -3.50508 
         950     0.271613 -0.000503513  3.53187e-05     -3.50508 
         950     0.287818 -0.000540033  3.85174e-05     -3.50508 
         950     0.304506 -0.000575956  4.18426e-05     -3.50508 
         950      0.32165 -0.000610979  4.52821e-05     -3.50508 
         950     0.339278 -0.000644933  4.88342e-05     -3.50508 
         950     0.357377 -0.000677581  5.24894e-05     -3.50508 
         950      0.37593  -0.00070871   5.6237e-05     -3.50508 
         950     0.394968 -0.000738211  6.00763e-05     -3.50508 
         950     0.414461 -0.000765905  6.39946e-05     -3.50508 
         950      0.43444 -0.000791732  6.79918e-05     -3.50508 
         950     0.454872 -0.000815572  7.20553e-05     -3.50508 
         950     0.475791 -0.000837417  7.61867e-05     -3.50508 
         950     0.497163 -0.000857207  8.03744e-05     -3.50508 
         950     0.519021 -0.000874972  8.46209e-05     -3.50508 
         950      0.54135 -0.000890714  8.89197e-05     -3.50508 
         950     0.564131 -0.000904452  9.32648e-05     -3.50508 
         950       0.5874 -0.000916245  9.76612e-05     -3.50508 
         950     0.611121 -0.000926117  0.000102102     -3.50508 
         950      0.63533 -0.000934168  0.000106593     -3.50508 
         950      0.65999 -0.000940426  0.000111125     -3.50508 
         950     0.685139 -0.000944968  0.000115706     -3.50508 
         950     0.710759 -0.000947853  0.000120336     -3.50508 
         950     0.736828 -0.000949134  0.000125012     -3.50508 
         950     0.763387 -0.000948861  0.000129746     -3.50508 
         950     0.790396 -0.000947076  0.000134532     -3.50508 
         950     0.817896  -0.00094381   0.00013938     -3.50508 
         950     0.845843 -0.000939097  0.000144286     -3.50508 
         950     0.874283 -0.000932953   0.00014926     -3.50508 
         950      0.90317 -0.000925408  0.000154297     -3.50508 
         950     0.932551 -0.000916468  0.000159407     -3.50508 
         950     0.962401 -0.000906159  0.000164588     -3.50508 
         950     0.992697 -0.000894512  0.000169838     -3.50508 
         950      1.02349 -0.000881535  0.000175165     -3.50508 
         950      1.05472 -0.000867285  0.000180561     -3.50508 
         950      1.08645 -0.000851783  0.000186035     -3.50508 
         950      1.11863 -0.000835115  0.000191577     -3.50508 
         950       1.1513 -0.000817328  0.000197193     -3.50508 
         950      1.18444 -0.000798526  0.000202876     -3.50508 
         950      1.21802 -0.000778837  0.000208617     -3.50508 
         950      1.25211 -0.000758357  0.000214419     -3.50508 
         950      1.28663 -0.000737269  0.000220266     -3.50508 
         950      1.32165   -0.0007157  0.000226161     -3.50508 
         950      1.35712 -0.000693864  0.000232084     -3.50508 
         950      1.39308 -0.000671908  0.000238035     -3.50508 
         950      1.42951 -0.000650029  0.000243997     -3.50508 
         950      1.46638 -0.000628414  0.000249953     -3.50508 
         950      1.50375 -0.000607164    0.0002559     -3.50508 
         950      1.54156 -0.000585536  0.000261844     -3.50508 
         950      1.57987 -0.000565164  0.000267758     -3.50508 
         950      1.61863 -0.000546059  0.000273625     -3.50508 
         950      1.65788 -0.000528074  0.000279445     -3.50508 
         950      1.69757 -0.000511125  0.000285204     -3.50508 
         950      1.73776 -0.000495072  0.000290905     -3.50508 
         950      1.77842  -0.00047982  0.000296537     -3.50508 
         950      1.81952 -0.000465278   0.00030209     -3.50508 
         950      1.86113 -0.000451322  0.000307569     -3.50508 
         950      1.90316 -0.000437881   0.00031296     -3.50508 
         950      1.94571 -0.000424845  0.000318268     -3.50508 
         950      1.98869 -0.000412151  0.000323479     -3.50508 
         950      2.03217 -0.000399702  0.000328599     -3.50508 
         950      2.07612  -0.00038744   0.00033362     -3.50508 
         950      2.12051 -0.000375309  0.000338535     -3.50508 
         950       2.1654 -0.000363234  0.000343349     -3.50507 
         950      2.21073 -0.000351186   0.00034805     -3.50507 
         950      2.25656 -0.000339102  0.000352644     -3.50507 
         950      2.30283 -0.000326967  0.000357119     -3.50507 
         950       2.3496 -0.000314734  0.000361481     -3.50507 
         950      2.39685  -0.00030239  0.000365722     -3.50507 
         950      2.44452 -0.000289932  0.000369836     -3.50507 
         950      2.49271 -0.000277332  0.000373825     -3.50507 
         950      2.54132 -0.000264607  0.000377681     -3.50507 
         950      2.59044 -0.000251742  0.000381406     -3.50507 
         950         2.64 -0.000238767  0.000384988     -3.50507 
         950      2.69006 -0.000225674  0.000388431     -3.50507 
         950      2.74056 -0.000212503  0.000391722     -3.50507 
         950      2.79156 -0.000199255  0.000394863     -3.50507 
         950      2.84304 -0.000185966  0.000397846     -3.50506 
         950      2.89494 -0.000172673  0.000400662     -3.50506 
         950      2.94735 -0.000159384  0.000403312     -3.50506 
         950       3.0002 -0.000146151  0.000405785     -3.50506 
         950      3.05355 -0.000132982   0.00040808     -3.50506 
         950      3.10733 -0.000119928  0.000410188     -3.50506 
         950      3.16163 -0.000106997  0.000412109     -3.50506 
         950      3.21639 -9.42261e-05  0.000413835     -3.50506 
         950      3.27158 -8.16486e-05  0.000415364     -3.50506 
         950      3.32729 -6.92656e-05  0.000416697     -3.50505 
         950      3.38342 -5.71142e-05  0.000417832     -3.50505 
         950      3.44007 -4.51886e-05  0.000418774     -3.50505 
         950      3.49714 -3.35168e-05  0.000419527     -3.50505 
         950      3.55472 -2.20855e-05  0.000420102     -3.50505 
         950      3.61273 -1.09134e-05  0.000420512     -3.50505 
         950      3.67125  1.98459e-08  0.000420776     -3.50505 
         950      3.73025   1.0712e-05  0.000420919     -3.50504 
         950      3.78967   2.1369e-05  0.000420798     -3.50504 
         950      3.84961  3.17845e-05  0.000420421     -3.50504 
         950      3.90996  4.18067e-05  0.000419862     -3.50504 
         950      3.97084  5.14443e-05  0.000419122     -3.50504 
         950      4.03214   6.0675e-05  0.000418206     -3.50504 
         950      4.09395  6.95077e-05  0.000417118     -3.50503 
         950      4.15624    7.793e-05  0.000415862     -3.50503 
         950      4.21895   8.5932e-05  0.000414445     -3.50503 
         950      4.28217  9.35235e-05  0.000412868     -3.50503 
         950      4.34582  0.000100691  0.000411138     -3.50503 
         950      4.40998  0.000107444  0.000409259     -3.50503 
         950      4.47457  0.000113773  0.000407238     -3.50502 
         950      4.53968  0.000119688  0.000405077     -3.50502 
         950      4.60525  0.000125187  0.000402783     -3.50502 
         950      4.67125  0.000130269  0.000400363     -3.50502 
         950      4.73777  0.000134946   0.00039782     -3.50502 
         950       4.8047  0.000139215  0.000395162     -3.50501 
         950      4.87216  0.000143089  0.000392392     -3.50501 
         950      4.94003  0.000146569  0.000389519     -3.50501 
         950      5.00843  0.000149668  0.000386544     -3.50501 
         950      5.07724  0.000152389  0.000383478     -3.50501 
         950      5.14658  0.000154747  0.000380322     -3.50501 
         950      5.21639  0.000156748  0.000377085       -3.505 
         950      5.28661  0.000158404  0.000373774       -3.505 
         950      5.35736  0.000159727  0.000370389       -3.505 
         950      5.42852  0.000160728  0.000366944       -3.505 
         950      5.50021  0.000161422  0.000363436       -3.505 
         950      5.57231   0.00016182  0.000359878     -3.50499 
         950      5.64493  0.000161937  0.000356269     -3.50499 
         950      5.71803  0.000161787  0.000352618     -3.50499 
         950      5.79154  0.000161385  0.000348932     -3.50499 
         950      5.86558  0.000160744  0.000345212     -3.50499 
         950      5.94003  0.000159882  0.000341467     -3.50498 
         950      6.01501  0.000158813  0.000337697     -3.50498 
         950       6.0904  0.000157552  0.000333913     -3.50498 
         950      6.16632  0.000156114  0.000330113     -3.50498 
         950      6.24271  0.000154515  0.000326304     -3.50498 
         950       6.3195  0.000152771  0.000322493     -3.50498 
         950      6.39683  0.000150895  0.000318679     -3.50497 
         950      6.47457  0.000148905  0.000314871     -3.50497 
         950      6.55284  0.000146811  0.000311066     -3.50497 
         950      6.63152  0.000144631  0.000307274     -3.50497 
         950      6.71073  0.000142375  0.000303492     -3.50497 
         950      6.79034  0.000140059  0.000299728     -3.50496 
         950      6.87049  0.000137692  0.000295978     -3.50496 
         950      6.95111  0.000135287  0.000292249     -3.50496 
         950      7.03214  0.000132856  0.000288545     -3.50496 
         950       7.1137  0.000130406  0.000284861     -3.50496 
         950      7.19566  0.000127949  0.000281206     -3.50496 
         950      7.27816  0.000125489  0.000277574     -3.50496 
         950      7.36106  0.000123037  0.000273972     -3.50495 
         950      7.44451  0.000120595  0.000270396     -3.50495 
         950      7.52842  0.000118169  0.000266849     -3.50495 
         950      7.61273  0.000115766  0.000263333     -3.50495 
         950      7.69758  0.000113382  0.000259844     -3.50495 
         950      7.78283  0.000111024  0.000256387     -3.50495 
         950      7.86862  0.000108689  0.000252957     -3.50494 
         950      7.95481  0.000106377  0.000249559     -3.50494 
         950      8.04155  0.000104085  0.000246187     -3.50494 
         950      8.12868  0.000101812  0.000242847     -3.50494 
         950      8.21635  9.95513e-05  0.000239533     -3.50494 
         950      8.30449  9.72986e-05  0.000236248     -3.50494 
         950      8.39303  9.50502e-05  0.000232994     -3.50494 
         950      8.48211   9.2796e-05  0.000229767     -3.50493 
         950      8.57159  9.05326e-05  0.000226572     -3.50493 
         950      8.66161  8.82486e-05  0.000223405     -3.50493 
         950      8.75203  8.59402e-05  0.000220272     -3.50493 
         950      8.84299  8.35958e-05  0.000217171     -3.50493 
         950      8.93443  8.12098e-05  0.000214105     -3.50493 
         950      9.02626  7.85667e-05  0.000210945     -3.50493 
         950      9.11863  7.66933e-05  0.000208013     -3.50492 
         950      9.21139  7.49702e-05  0.000205139     -3.50492 
         950      9.30471  7.31238e-05  0.000202118     -3.50492 
         950      9.39841  7.12138e-05  0.000199058     -3.50492 
         950      9.49267  6.92854e-05  0.000196033     -3.50492 
         950      9.58739  6.73455e-05  0.000193045     -3.50492 
         950      9.68251  6.54012e-05  0.000190095     -3.50492 
         950      9.77817  6.34542e-05  0.000187176     -3.50492 
         950      9.87422  6.15121e-05  0.000184293     -3.50491 
         950      9.97083  5.95761e-05   0.00018144     -3.50491 
         950      10.0678  5.76529e-05  0.000178621     -3.50491 
         950      10.1654  5.57429e-05   0.00017583     -3.50491 
         950      10.2633  5.38522e-05  0.000173072     -3.50491 
         950      10.3618  5.19804e-05  0.000170342     -3.50491 
         950      10.4607  5.01314e-05  0.000167642     -3.50491 
         950      10.5601  4.83087e-05  0.000164973     -3.50491 
         950        10.66   4.6511e-05  0.000162332      -3.5049 
         950      10.7603  4.47426e-05  0.000159722      -3.5049 
         950      10.8611  4.30016e-05  0.000157139      -3.5049 
         950      10.9623  4.12917e-05  0.000154587      -3.5049 
         950      11.0641  3.96107e-05  0.000152062      -3.5049 
         950      11.1663    3.796e-05  0.000149566      -3.5049 
         950       11.269  3.63411e-05  0.000147102      -3.5049 
         950      11.3721  3.47512e-05  0.000144665      -3.5049 
         950      11.4757  3.31923e-05  0.000142258      -3.5049 
         950      11.5798  3.16614e-05   0.00013988      -3.5049 
         950      11.6844  3.01601e-05  0.000137532     -3.50489 
         950      11.7894  2.86852e-05  0.000135212     -3.50489 
         950       11.895  2.72367e-05   0.00013292     -3.50489 
         950      12.0009  2.58148e-05   0.00013066     -3.50489 
         950      12.1073   2.4416e-05  0.000128427     -3.50489 
         950      12.2142  2.30411e-05  0.000126223     -3.50489 
         950      12.3216  2.16868e-05  0.000124047     -3.50489 
         950      12.4294   2.0354e-05    0.0001219     -3.50489 
         950      12.5378  1.90392e-05  0.000119779     -3.50489 
         950      12.6465  1.77433e-05  0.000117687     -3.50489 
         950      12.7558  1.64633e-05   0.00011562     -3.50489 
         950      12.8656  1.51991e-05  0.000113579     -3.50489 
         950      12.9757  1.39508e-05  0.000111565     -3.50488 
         950      13.0864  1.27159e-05  0.000109575     -3.50488 
         950      13.1975  1.14956e-05  0.000107611     -3.50488 
         950      13.3092  1.02879e-05  0.000105669     -3.50488 
         950      13.4212  9.09467e-06  0.000103751     -3.50488 
         950      13.5338  7.91422e-06  0.000101856     -3.50488 
         950      13.6468  6.74813e-06  9.99819e-05     -3.50488 
         950      13.7603  5.59825e-06  9.81316e-05     -3.50488 
         950      13.8743  4.46405e-06  9.63015e-05     -3.50488 
         950      13.9886  3.34903e-06  9.44943e-05     -3.50488 
         950      14.1036  2.25358e-06  9.27071e-05     -3.50488 
         950      14.2189  1.18205e-06  9.09432e-05     -3.50488 
         950      14.3348  1.35819e-07  8.92002e-05     -3.50488 
         950       14.451  -8.7984e-07  8.74818e-05     -3.50487 
         950      14.5678 -1.86238e-06  8.57865e-05     -3.50487 
         950      14.6851 -2.80625e-06  8.41173e-05     -3.50487 
         950      14.8028 -3.70544e-06  8.24776e-05     -3.50487 
         950       14.921 -4.55545e-06  8.08676e-05     -3.50487 
         950      15.0396 -5.34834e-06  7.92931e-05     -3.50487 
         950      15.1588 -6.28774e-06  7.77143e-05     -3.50487 
         950      15.2783 -7.31236e-06   7.6151e-05     -3.50487 
         950      15.3984 -8.29784e-06   7.4623e-05     -3.50487 
         950       15.519 -9.23288e-06  7.31301e-05     -3.50487 
         950        15.64 -1.01096e-05   7.1671e-05     -3.50487 
         950      15.7615  -1.0926e-05  7.02409e-05     -3.50487 
         950      15.8834 -1.16813e-05  6.88391e-05     -3.50487 
         950      16.0058 -1.23821e-05  6.74603e-05     -3.50487 
         950      16.1286 -1.30377e-05  6.61033e-05     -3.50487 
         950       16.252 -1.36654e-05  6.47627e-05     -3.50487 
         950      16.3759 -1.42868e-05  6.34358e-05     -3.50487 
         950      16.5002 -1.49307e-05  6.21199e-05     -3.50487 
         950       16.625 -1.56348e-05  6.08084e-05     -3.50486 
         950      16.7501 -1.64425e-05  5.94987e-05     -3.50486 
         950      16.8759 -1.74086e-05  5.81829e-05     -3.50486 
         950       17.002 -1.85941e-05  5.68563e-05     -3.50486 
         950      17.1287 -1.91573e-05  5.56312e-05     -3.50486 
         950      17.2557 -1.96124e-05  5.44482e-05     -3.50486 
         950      17.3834  -2.0114e-05  5.32831e-05     -3.50486 
         950      17.5115 -2.06506e-05  5.21364e-05     -3.50486 
         950      17.6399 -2.12118e-05  5.10083e-05     -3.50486 
         950       17.769 -2.17901e-05  4.98967e-05     -3.50486 
         950      17.8984 -2.23769e-05  4.88032e-05     -3.50486 
         950      18.0284  -2.2967e-05  4.77258e-05     -3.50486 
         950      18.1587 -2.35542e-05  4.66661e-05     -3.50486 
         950      18.2896 -2.41349e-05  4.56225e-05     -3.50486 
         950       18.421 -2.47054e-05  4.45958e-05     -3.50486 
         950      18.5528 -2.52625e-05  4.35868e-05     -3.50486 
         950      18.6851 -2.58052e-05  4.25939e-05     -3.50486 
         950      18.8178 -2.63315e-05  4.16189e-05     -3.50486 
         950      18.9511 -2.68415e-05  4.06602e-05     -3.50486 
         950      19.0847 -2.73344e-05  3.97194e-05     -3.50486 
         950      19.2189 -2.78113e-05   3.8795e-05     -3.50486 
         950      19.3535 -2.82721e-05  3.78884e-05     -3.50486 
         950      19.4886 -2.87186e-05  3.69982e-05     -3.50486 
         950      19.6242 -2.91516e-05  3.61249e-05     -3.50486 
         950      19.7602 -2.95722e-05  3.52692e-05     -3.50486 
         950      19.8968 -2.99826e-05  3.44296e-05     -3.50486 
         950      20.0337 -3.03835e-05  3.36071e-05     -3.50485 
         950      20.1712 -3.07772e-05  3.28004e-05     -3.50485 
         950      20.3091 -3.11642e-05  3.20104e-05     -3.50485 
         950      20.4475 -3.15464e-05  3.12356e-05     -3.50485 
         950      20.5864 -3.19244e-05  3.04766e-05     -3.50485 
         950      20.7257 -3.22987e-05  2.97338e-05     -3.50485 
         950      20.8655   -3.267e-05  2.90059e-05     -3.50485 
         950      21.0058 -3.30379e-05  2.82941e-05     -3.50485 
         950      21.1465  -3.3401e-05  2.75933e-05     -3.50485 
         950      21.2877 -3.37496e-05  2.69014e-05     -3.50485 
         950      21.4294 -3.40827e-05  2.62201e-05     -3.50485 
         950      21.5716 -3.44004e-05  2.55494e-05     -3.50485 
         950      21.7142 -3.47028e-05  2.48896e-05     -3.50485 
         950      21.8573 -3.49913e-05  2.42398e-05     -3.50485 
         950      22.0008 -3.52661e-05  2.36014e-05     -3.50485 
         950      22.1449 -3.55288e-05  2.29738e-05     -3.50485 
         950      22.2893 -3.57806e-05  2.23585e-05     -3.50485 
         950      22.4344 -3.60234e-05  2.17552e-05     -3.50485 
         950      22.5797 -3.62592e-05  2.11655e-05     -3.50485 
         950      22.7257 -3.64907e-05  2.05888e-05     -3.50485 
         950      22.8721 -3.67207e-05  2.00257e-05     -3.50485 
         950      23.0189 -3.69525e-05  1.94766e-05     -3.50485 
         950      23.1663 -3.71902e-05  1.89398e-05     -3.50485 
         950       23.314 -3.74378e-05  1.84149e-05     -3.50485 
         950      23.4623 -3.77007e-05   1.7899e-05     -3.50485 
         950       23.611 -3.79837e-05    1.739e-05     -3.50485 
         950      23.7602 -3.82935e-05   1.6883e-05     -3.50485 
         950        23.91 -3.86363e-05   1.6373e-05     -3.50485 
         950        24.06  -3.9019e-05  1.58535e-05     -3.50485 
         950      24.2107 -3.94502e-05  1.53151e-05     -3.50485 
         950      24.3617 -3.95667e-05  1.49443e-05     -3.50485 
         950      24.5133 -3.96793e-05  1.45637e-05     -3.50485 
         950      24.6653 -3.98064e-05  1.41676e-05     -3.50485 
         950      24.8178 -3.99443e-05  1.37608e-05     -3.50485 
         950      24.9708 -4.00896e-05  1.33483e-05     -3.50485 
         950      25.1242 -4.02394e-05  1.29346e-05     -3.50485 
         950      25.2781 -4.03919e-05  1.25223e-05     -3.50485 
         950      25.4324 -4.05451e-05  1.21149e-05     -3.50485 
         950      25.5873 -4.06981e-05   1.1714e-05     -3.50485 
         950      25.7426 -4.08498e-05  1.13218e-05     -3.50485 
         950      25.8984 -4.09997e-05  1.09391e-05     -3.50485 
         950      26.0546 -4.11474e-05  1.05673e-05     -3.50485 
         950      26.2114  -4.1293e-05  1.02063e-05     -3.50485 
         950      26.3686 -4.14364e-05  9.85654e-06     -3.50485 
         950      26.5262 -4.15776e-05  9.51832e-06     -3.50485 
         950      26.6844  -4.1717e-05  9.19075e-06     -3.50485 
         950      26.8429 -4.18545e-05   8.8739e-06     -3.50485 
         950       27.002 -4.19905e-05  8.56668e-06     -3.50485 
         950      27.1615  -4.2125e-05  8.26888e-06     -3.50485 
         950      27.3216 -4.22582e-05   7.9793e-06     -3.50485 
         950      27.4821 -4.23899e-05  7.69741e-06     -3.50485 
         950       27.643 -4.25198e-05  7.42269e-06     -3.50484 
         950      27.8044 -4.26479e-05  7.15399e-06     -3.50484 
         950      27.9663 -4.27734e-05  6.89111e-06     -3.50484 
         950      28.1287 -4.28961e-05  6.63309e-06     -3.50484 
         950      28.2914  -4.3015e-05  6.37991e-06     -3.50484 
         950      28.4548 -4.31296e-05  6.13086e-06     -3.50484 
         950      28.6185 -4.32389e-05  5.88617e-06     -3.50484 
         950      28.7828  -4.3342e-05  5.64542e-06     -3.50484 
         950      28.9475 -4.34381e-05  5.40895e-06     -3.50484 
         950      29.1126 -4.35263e-05   5.1772e-06     -3.50484 
         950      29.2784 -4.36061e-05  4.95021e-06     -3.50484 
         950      29.4444 -4.36766e-05  4.72887e-06     -3.50484 
         950       29.611  -4.3738e-05  4.51346e-06     -3.50484 
         950       29.778 -4.37902e-05  4.30503e-06     -3.50484 
         950      29.9456 -4.38339e-05  4.10401e-06     -3.50484 
         950      30.1137 -4.38703e-05  3.91131e-06     -3.50484 
         950      30.2821 -4.39013e-05  3.72781e-06     -3.50484 
         950      30.4511 -4.39299e-05  3.55384e-06     -3.50484 
         950      30.6204 -4.39598e-05  3.39012e-06     -3.50484 
         950      30.7903 -4.39963e-05  3.23665e-06     -3.50484 
         950      30.9606 -4.40457e-05   3.0936e-06     -3.50484 
         950      31.1315 -4.41162e-05  2.96027e-06     -3.50484 
         950      31.3028 -4.42178e-05  2.83581e-06     -3.50484 
         950      31.4745 -4.43624e-05  2.71875e-06     -3.50484 
         950      31.6468  -4.4564e-05  2.60594e-06     -3.50484 
         950      31.8194 -4.47644e-05   2.4449e-06     -3.50484 
         950      31.9926 -4.49467e-05   2.2418e-06     -3.50484 
         950      32.1662 -4.51016e-05  1.98022e-06     -3.50484 
         950      32.3404 -4.50805e-05  1.73921e-06     -3.50484 
         950      32.5149 -4.48989e-05   1.6252e-06     -3.50484 
         950        32.69 -4.47877e-05  1.52052e-06     -3.50484 
         950      32.8655 -4.47333e-05  1.42312e-06     -3.50484 
         950      33.0414 -4.47235e-05  1.33126e-06     -3.50484 
         950       33.218 -4.47476e-05   1.2432e-06     -3.50484 
         950      33.3948 -4.47965e-05  1.15775e-06     -3.50484 
         950      33.5723 -4.48624e-05  1.07367e-06     -3.50484 
         950        33.75 -4.49385e-05  9.90198e-07     -3.50484 
         950      33.9284 -4.50196e-05  9.06508e-07     -3.50484 
         950      34.1073 -4.51012e-05  8.22141e-07     -3.50484 
         950      34.2865 -4.51798e-05  7.36805e-07     -3.50484 
         950      34.4663  -4.5253e-05  6.50147e-07     -3.50484 
         950      34.6465 -4.53187e-05  5.62216e-07     -3.50484 
         950      34.8272 -4.53762e-05    4.729e-07     -3.50484 
         950      35.0083 -4.54247e-05  3.82462e-07     -3.50484 
         950        35.19 -4.54645e-05  2.90965e-07     -3.50484 
         950      35.3721 -4.54959e-05  1.98755e-07     -3.50484 
         950      35.5546 -4.55197e-05  1.06233e-07     -3.50484 
         950      35.7377 -4.55372e-05  1.36214e-08     -3.50484 
         950      35.9211 -4.55496e-05 -7.85367e-08     -3.50484 
         950      36.1052 -4.55583e-05 -1.69976e-07     -3.50484 
         950      36.2895  -4.5565e-05 -2.60135e-07     -3.50484 
         950      36.4745 -4.55713e-05  -3.4875e-07     -3.50484 
         950      36.6598 -4.55785e-05 -4.35287e-07     -3.50484 
         950      36.8457 -4.55881e-05  -5.1952e-07     -3.50484 
         950      37.0321 -4.56014e-05  -6.0105e-07     -3.50484 
         950      37.2188 -4.56195e-05 -6.79525e-07     -3.50484 
         950      37.4062 -4.56431e-05 -7.54831e-07     -3.50484 
         950      37.5938  -4.5673e-05 -8.26661e-07     -3.50484 
         950      37.7821 -4.57093e-05 -8.95003e-07     -3.50484 
         950      37.9707 -4.57522e-05 -9.59678e-07     -3.50484 
         950      38.1599 -4.58012e-05 -1.02078e-06     -3.50484 
         950      38.3496 -4.58559e-05 -1.07832e-06     -3.50484 
         950      38.5396 -4.59152e-05 -1.13237e-06     -3.50484 
         950      38.7302  -4.5978e-05 -1.18318e-06     -3.50484 
         950      38.9211 -4.60427e-05 -1.23092e-06     -3.50484 
         950      39.1127 -4.61077e-05 -1.27591e-06     -3.50484 
         950      39.3046 -4.61709e-05 -1.31842e-06     -3.50484 
         950      39.4971 -4.62305e-05 -1.35885e-06     -3.50484 
         950      39.6899  -4.6284e-05  -1.3975e-06     -3.50484 
         950      39.8833 -4.63295e-05 -1.43481e-06     -3.50484 
         950      40.0772 -4.63648e-05 -1.47109e-06     -3.50484 
         950      40.2714  -4.6388e-05 -1.50664e-06     -3.50484 
         950      40.4663 -4.63974e-05 -1.54181e-06     -3.50484 
         950      40.6615 -4.63917e-05 -1.57674e-06     -3.50484 
         950      40.8573 -4.63704e-05  -1.6116e-06     -3.50484 
         950      41.0534 -4.63332e-05 -1.64632e-06     -3.50484 
         950      41.2501 -4.62811e-05 -1.68079e-06     -3.50484 
         950      41.4473  -4.6216e-05 -1.71463e-06     -3.50484 
         950      41.6448 -4.61409e-05 -1.74722e-06     -3.50484 
         950      41.8429 -4.60604e-05 -1.77779e-06     -3.50484 
         950      42.0414 -4.59807e-05 -1.80514e-06     -3.50484 
         950      42.2405 -4.59099e-05 -1.82782e-06     -3.50484 
         950      42.4399 -4.58585e-05  -1.8439e-06     -3.50484 
         950      42.6399 -4.58391e-05 -1.85107e-06     -3.50484 
         950      42.8404 -4.58674e-05 -1.84647e-06     -3.50484 
         950      43.0412  -4.5962e-05 -1.82671e-06     -3.50484 
         950      43.2426 -4.61453e-05 -1.78771e-06     -3.50484 
         950      43.4444 -4.64428e-05 -1.72482e-06     -3.50484 
         950      43.6467 -4.68854e-05 -1.63245e-06     -3.50484 
         950      43.8494  -4.6789e-05 -1.77403e-06     -3.50484 
         950      44.0527 -4.66388e-05 -1.93961e-06     -3.50484 
         950      44.2563 -4.64908e-05 -2.10706e-06     -3.50484 
         950      44.4606 -4.65637e-05 -2.08387e-06     -3.50484 
         950      44.6653 -4.66376e-05   -2.042e-06     -3.50484 
         950      44.8704 -4.66771e-05 -2.01272e-06     -3.50484 
         950       45.076 -4.66884e-05 -1.99339e-06     -3.50484 
         950       45.282 -4.66772e-05 -1.98213e-06     -3.50484 
         950      45.4886 -4.66485e-05 -1.97761e-06     -3.50484 
         950      45.6955 -4.66026e-05 -1.99767e-06     -3.50484 
         950       45.903 -4.65591e-05 -2.03122e-06     -3.50484 
         950      46.1111 -4.65258e-05 -2.06268e-06     -3.50484 
         950      46.3194 -4.65027e-05 -2.09174e-06     -3.50484 
         950      46.5283 -4.64893e-05 -2.11821e-06     -3.50484 
         950      46.7376 -4.64849e-05 -2.14189e-06     -3.50484 
         950      46.9475 -4.64889e-05  -2.1627e-06     -3.50484 
         950      47.1577 -4.65003e-05 -2.18059e-06     -3.50484 
         950      47.3685 -4.65182e-05 -2.19558e-06     -3.50484 
         950      47.5798 -4.65414e-05 -2.20773e-06     -3.50484 
         950      47.7914 -4.65688e-05 -2.21712e-06     -3.50484 
         950      48.0037 -4.65994e-05  -2.2239e-06     -3.50484 
         950      48.2162  -4.6632e-05 -2.22824e-06     -3.50484 
         950      48.4294 -4.66655e-05 -2.23032e-06     -3.50484 
         950      48.6429 -4.66987e-05 -2.23036e-06     -3.50484 
         950       48.857 -4.67308e-05 -2.22857e-06     -3.50484 
         950      49.0714 -4.67608e-05  -2.2252e-06     -3.50484 
         950      49.2865 -4.67878e-05 -2.22049e-06     -3.50484 
         950       49.502 -4.68113e-05 -2.21469e-06     -3.50484 
         950      49.7179 -4.68306e-05 -2.20803e-06     -3.50484 
         950      49.9343 -4.68453e-05 -2.20075e-06     -3.50484 
         950      50.1511  -4.6855e-05 -2.19309e-06     -3.50484 
         950      50.3685 -4.68598e-05 -2.18524e-06     -3.50484 
         950      50.5862 -4.68596e-05 -2.17742e-06     -3.50484 
         950      50.8046 -4.68545e-05  -2.1698e-06     -3.50484 
         950      51.0234  -4.6845e-05 -2.16254e-06     -3.50484 
         950      51.2425 -4.68315e-05 -2.15578e-06     -3.50484 
         950      51.4623 -4.68146e-05 -2.14962e-06     -3.50484 
         950      51.6824 -4.67952e-05 -2.14416e-06     -3.50484 
         950      51.9031  -4.6774e-05 -2.13945e-06     -3.50484 
         950      52.1241 -4.67521e-05 -2.13553e-06     -3.50484 
         950      52.3457 -4.67306e-05  -2.1324e-06     -3.50484 
         950      52.5676 -4.67106e-05 -2.13003e-06     -3.50484 
         950      52.7902 -4.66932e-05 -2.12837e-06     -3.50484 
         950      53.0133 -4.66798e-05 -2.12736e-06     -3.50484 
         950      53.2366 -4.66713e-05 -2.12689e-06     -3.50484 
         950      53.4606  -4.6669e-05 -2.12684e-06     -3.50484 
         950      53.6849 -4.66737e-05 -2.12707e-06     -3.50484 
         950      53.9099 -4.66863e-05 -2.12744e-06     -3.50484 
         950      54.1351 -4.67073e-05 -2.12778e-06     -3.50484 
         950       54.361 -4.67372e-05 -2.12791e-06     -3.50484 
         950      54.5873  -4.6776e-05 -2.12767e-06     -3.50484 
         950      54.8139 -4.68232e-05 -2.12689e-06     -3.50484 
         950      55.0412  -4.6878e-05 -2.12542e-06     -3.50484 
         950      55.2688  -4.6939e-05 -2.12311e-06     -3.50484 
         950       55.497 -4.70042e-05 -2.11986e-06     -3.50484 
         950      55.7255  -4.7071e-05  -2.1156e-06     -3.50484 
         950      55.9547 -4.71357e-05 -2.11029e-06     -3.50484 
         950      56.1844  -4.7194e-05 -2.10396e-06     -3.50484 
         950      56.4143 -4.72404e-05  -2.0967e-06     -3.50484 
         950      56.6449 -4.72684e-05 -2.08867e-06     -3.50484 
         950      56.8757 -4.72702e-05 -2.08015e-06     -3.50484 
         950      57.1072 -4.72367e-05 -2.07149e-06     -3.50484 
         950       57.339 -4.71572e-05 -2.06318e-06     -3.50484 
         950      57.5715 -4.70193e-05 -2.05583e-06     -3.50484 
         950      57.8042 -4.68092e-05 -2.05024e-06     -3.50484 
         950      58.0376 -4.65106e-05 -2.04732e-06     -3.50484 
         950      58.2715  -4.6515e-05 -2.01344e-06     -3.50484 
         950      58.5057 -4.67966e-05 -1.96034e-06     -3.50484 
         950      58.7405 -4.70166e-05 -1.91746e-06     -3.50484 
         950      58.9756   -4.718e-05 -1.88222e-06     -3.50484 
         950      59.2113 -4.72929e-05 -1.85246e-06     -3.50484 
         950      59.4473 -4.73611e-05 -1.82657e-06     -3.50484 
         950       59.684 -4.73907e-05 -1.80325e-06     -3.50484 
         950      59.9212 -4.73879e-05 -1.78161e-06     -3.50484 
         950      60.1586 -4.73586e-05 -1.76106e-06     -3.50484 
         950      60.3967 -4.73089e-05 -1.74122e-06     -3.50484 
         950      60.6351 -4.72445e-05 -1.72197e-06     -3.50484 
         950      60.8741 -4.71706e-05 -1.70328e-06     -3.50484 
         950      61.1135 -4.70924e-05  -1.6853e-06     -3.50484 
         950      61.3534 -4.70143e-05 -1.66822e-06     -3.50484 
         950      61.5939 -4.69407e-05 -1.65227e-06     -3.50484 
         950      61.8346  -4.6875e-05  -1.6377e-06     -3.50484 
         950       62.076 -4.68202e-05 -1.62472e-06     -3.50484 
         950      62.3177 -4.67787e-05 -1.61348e-06     -3.50484 
         950        62.56 -4.67522e-05 -1.60405e-06     -3.50484 
         950      62.8026 -4.67418e-05 -1.59639e-06     -3.50484 
         950      63.0459 -4.67478e-05 -1.59031e-06     -3.50484 
         950      63.2894 -4.67697e-05 -1.58553e-06     -3.50484 
         950      63.5336 -4.68066e-05 -1.58157e-06     -3.50484 
         950      63.7783 -4.68566e-05 -1.57779e-06     -3.50484 
         950      64.0233 -4.69172e-05 -1.57339e-06     -3.50484 
         950      64.2689 -4.69854e-05 -1.56741e-06     -3.50484 
         950      64.5148 -4.70572e-05  -1.5587e-06     -3.50484 
         950      64.7613 -4.71284e-05 -1.54596e-06     -3.50484 
         950      65.0082 -4.71939e-05 -1.52778e-06     -3.50484 
         950      65.2557 -4.72485e-05 -1.50257e-06     -3.50484 
         950      65.5036 -4.72862e-05 -1.46866e-06     -3.50484 
         950      65.7519  -4.7301e-05 -1.42436e-06     -3.50484 
         950      66.0008 -4.72866e-05 -1.36782e-06     -3.50484 
         950        66.25 -4.72364e-05 -1.29736e-06     -3.50484 
         950      66.4998 -4.71044e-05 -1.29551e-06     -3.50484 
         950        66.75 -4.69844e-05 -1.32648e-06     -3.50484 
         950      67.0007 -4.69054e-05 -1.35036e-06     -3.50484 
         950      67.2518 -4.68612e-05 -1.36764e-06     -3.50484 
         950      67.5035 -4.68454e-05 -1.37908e-06     -3.50485 
         950      67.7557 -4.68519e-05 -1.38553e-06     -3.50485 
         950      68.0082 -4.68746e-05 -1.38793e-06     -3.50485 
         950      68.2614 -4.69079e-05 -1.38721e-06     -3.50485 
         950      68.5148 -4.69461e-05 -1.38423e-06     -3.50485 
         950      68.7688 -4.69843e-05 -1.37966e-06     -3.50485 
         950      69.0232 -4.70176e-05 -1.37396e-06     -3.50485 
         950      69.2782 -4.70419e-05 -1.36722e-06     -3.50485 
         950      69.5337 -4.70534e-05 -1.35914e-06     -3.50485 
         950      69.7895 -4.70487e-05  -1.3489e-06     -3.50485 
         950      70.0459 -4.70252e-05 -1.33502e-06     -3.50485 
         950      70.3026 -4.69808e-05 -1.31535e-06     -3.50485 
         950        70.56 -4.69137e-05 -1.28687e-06     -3.50485 
         950      70.8176 -4.68231e-05 -1.24568e-06     -3.50485 
         950      71.0759 -4.69149e-05 -1.21109e-06     -3.50485 
         950      71.3347 -4.71994e-05  -1.1998e-06     -3.50485 
         950      71.5938 -4.73848e-05 -1.18413e-06     -3.50485 
         950      71.8535 -4.74889e-05 -1.16533e-06     -3.50485 
         950      72.1135 -4.75275e-05 -1.14472e-06     -3.50485 
         950      72.3741 -4.75151e-05 -1.12366e-06     -3.50485 
         950       72.635 -4.74647e-05 -1.10371e-06     -3.50485 
         950      72.8967 -4.73879e-05 -1.08653e-06     -3.50485 
         950      73.1585  -4.7295e-05 -1.07403e-06     -3.50485 
         950      73.4211 -4.71952e-05 -1.06834e-06     -3.50485 
         950      73.6841 -4.70966e-05 -1.07191e-06     -3.50485 
         950      73.9473 -4.70067e-05 -1.08746e-06     -3.50485 
         950      74.2113 -4.69314e-05 -1.11812e-06     -3.50485 
         950      74.4755 -4.68766e-05 -1.16731e-06     -3.50485 
         950      74.7404 -4.68469e-05 -1.23901e-06     -3.50485 
         950      75.0056 -4.68465e-05 -1.33739e-06     -3.50485 
         950      75.2714 -4.68702e-05 -1.36233e-06     -3.50485 
         950      75.5377 -4.68997e-05 -1.30327e-06     -3.50485 
         950      75.8043 -4.69347e-05 -1.25422e-06     -3.50485 
         950      76.0715 -4.69724e-05  -1.2136e-06     -3.50485 
         950       76.339 -4.70104e-05 -1.18021e-06     -3.50485 
         950      76.6072 -4.70468e-05 -1.15293e-06     -3.50486 
         950      76.8756 -4.70798e-05  -1.1309e-06     -3.50486 
         950      77.1448 -4.71081e-05  -1.1133e-06     -3.50486 
         950      77.4141  -4.7131e-05  -1.0995e-06     -3.50486 
         950      77.6842 -4.71477e-05 -1.08887e-06     -3.50486 
         950      77.9547 -4.71579e-05 -1.08089e-06     -3.50486 
         950      78.2255 -4.71617e-05 -1.07504e-06     -3.50486 
         950       78.497 -4.71594e-05 -1.07083e-06     -3.50486 
         950      78.7687 -4.71513e-05 -1.06777e-06     -3.50486 
         950      79.0411 -4.71383e-05 -1.06537e-06     -3.50486 
         950      79.3138 -4.71212e-05 -1.06314e-06     -3.50486 
         950      79.5872  -4.7101e-05 -1.06056e-06     -3.50486 
         950       79.861 -4.70789e-05 -1.05714e-06     -3.50486 
         950      80.1351 -4.70563e-05 -1.05236e-06     -3.50486 
         950      80.4098 -4.70342e-05 -1.04572e-06     -3.50486 
         950      80.6849 -4.70141e-05 -1.03679e-06     -3.50486 
         950      80.9606 -4.69971e-05 -1.02513e-06     -3.50486 
         950      81.2365 -4.69846e-05 -1.01046e-06     -3.50486 
         950      81.5132 -4.69774e-05 -9.92545e-07     -3.50486 
         950      81.7903 -4.69765e-05 -9.71336e-07     -3.50486 
         950      82.0676 -4.69824e-05    -9.47e-07     -3.50487 
         950      82.3457 -4.69956e-05 -9.19885e-07     -3.50487 
         950       82.624  -4.7016e-05 -8.90721e-07     -3.50487 
         950       82.903 -4.70432e-05 -8.60505e-07     -3.50487 
         950      83.1822 -4.70763e-05 -8.30758e-07     -3.50487 
         950      83.4622 -4.71139e-05 -8.03406e-07     -3.50487 
         950      83.7424 -4.71539e-05 -7.81043e-07     -3.50487 
         950      84.0232 -4.71937e-05 -7.66854e-07     -3.50487 
         950      84.3046 -4.72298e-05 -7.64845e-07     -3.50487 
         950      84.5862 -4.72579e-05 -7.79843e-07     -3.50487 
         950      84.8685 -4.72727e-05 -8.17688e-07     -3.50487 
         950       85.151  -4.7268e-05 -8.85213e-07     -3.50487 
         950      85.4342 -4.72268e-05 -9.69472e-07     -3.50487 
         950      85.7177 -4.71118e-05 -9.13364e-07     -3.50487 
         950      86.0019 -4.70257e-05 -8.71454e-07     -3.50488 
         950      86.2865 -4.69642e-05 -8.40607e-07     -3.50488 
         950      86.5714 -4.69231e-05 -8.18083e-07     -3.50488 
         950       86.857  -4.6899e-05 -8.01487e-07     -3.50488 
         950      87.1428 -4.68887e-05  -7.8886e-07     -3.50488 
         950      87.4293 -4.68892e-05 -7.78534e-07     -3.50488 
         950      87.7161 -4.68982e-05 -7.69189e-07     -3.50488 
         950      88.0035 -4.69135e-05 -7.59759e-07     -3.50488 
         950      88.2914 -4.69331e-05 -7.49458e-07     -3.50488 
         950      88.5796 -4.69555e-05 -7.37735e-07     -3.50488 
         950      88.8685 -4.69793e-05 -7.24216e-07     -3.50488 
         950      89.1576 -4.70034e-05 -7.08751e-07     -3.50488 
         950      89.4474 -4.70269e-05   -6.913e-07     -3.50488 
         950      89.7374 -4.70491e-05 -6.72012e-07     -3.50488 
         950      90.0282 -4.70693e-05  -6.5109e-07     -3.50488 
         950      90.3192 -4.70873e-05 -6.28893e-07     -3.50489 
         950      90.6109 -4.71027e-05 -6.05784e-07     -3.50489 
         950       90.903 -4.71154e-05 -5.82229e-07     -3.50489 
         950      91.1954 -4.71253e-05 -5.58734e-07     -3.50489 
         950      91.4885 -4.71326e-05  -5.3576e-07     -3.50489 
         950      91.7819 -4.71373e-05 -5.13848e-07     -3.50489 
         950      92.0759 -4.71397e-05 -4.93452e-07     -3.50489 
         950      92.3702 -4.71399e-05 -4.75067e-07     -3.50489 
         950      92.6652 -4.71384e-05 -4.59087e-07      -3.5049 
         950      92.9606 -4.71353e-05 -4.45901e-07      -3.5049 
         950      93.2563 -4.71311e-05  -4.3583e-07      -3.5049 
         950      93.5527  -4.7126e-05 -4.29104e-07      -3.5049 
         950      93.8493 -4.71206e-05 -4.25909e-07      -3.5049 
         950      94.1466 -4.71151e-05 -4.26331e-07      -3.5049 
         950      94.4442 -4.71099e-05 -4.30384e-07      -3.5049 
         950      94.7425 -4.71053e-05    -4.38e-07     -3.50491 
         950       95.041 -4.71019e-05 -4.49014e-07     -3.50491 
         950      95.3402 -4.70998e-05 -4.63205e-07     -3.50491 
         950      95.6399 -4.70996e-05  -4.8025e-07     -3.50491 
         950      95.9398 -4.71015e-05 -4.99744e-07     -3.50491 
         950      96.2404  -4.7106e-05 -5.21265e-07     -3.50491 
         950      96.5412 -4.71135e-05 -5.44271e-07     -3.50491 
         950      96.8428 -4.71243e-05 -5.68246e-07     -3.50492 
         950      97.1446  -4.7139e-05 -5.92571e-07     -3.50492 
         950      97.4471 -4.71581e-05 -6.16688e-07     -3.50492 
         950      97.7501 -4.70415e-05 -6.02336e-07     -3.50492 
         950      98.0533 -4.69375e-05 -5.86945e-07     -3.50492 
         950      98.3572  -4.6849e-05  -5.7111e-07     -3.50492 
         950      98.6613 -4.67757e-05 -5.54649e-07     -3.50492 
         950      98.9662  -4.6717e-05 -5.37453e-07     -3.50492 
         950      99.2712 -4.66724e-05 -5.19587e-07     -3.50492 
         950       99.577 -4.66412e-05  -5.0118e-07     -3.50493 
         950      99.8833 -4.66228e-05 -4.82516e-07     -3.50493 
         950       100.19 -4.66164e-05 -4.63989e-07     -3.50493 
         950      100.497 -4.66212e-05 -4.46051e-07     -3.50493 
         950      100.804 -4.66363e-05  -4.2931e-07     -3.50494 
         950      101.113 -4.66605e-05 -4.14404e-07     -3.50494 
         950      101.421 -4.66929e-05 -4.02105e-07     -3.50494 
         950       101.73 -4.67322e-05 -3.93209e-07     -3.50494 
         950      102.039 -4.67771e-05 -3.88604e-07     -3.50495 
         950      102.349 -4.68265e-05 -3.89205e-07     -3.50495 
         950       102.66  -4.6879e-05 -3.95972e-07     -3.50495 
         950      102.971 -4.69333e-05 -4.09867e-07     -3.50495 
         950      103.282 -4.69881e-05 -4.31888e-07     -3.50495 
         950      103.594 -4.70424e-05 -4.62963e-07     -3.50495 
         950      103.906 -4.70951e-05 -5.04073e-07     -3.50495 
         950      104.219 -4.71453e-05 -5.56032e-07     -3.50495 
         950      104.532 -4.71924e-05 -6.19733e-07     -3.50494 
         950      104.846 -4.72542e-05 -6.61144e-07     -3.50494 
         950       105.16 -4.73507e-05 -5.30702e-07     -3.50493 
         950      105.474 -4.73667e-05 -4.19534e-07     -3.50492 
         950      105.789 -4.73326e-05 -3.26697e-07     -3.50492 
         950      106.105 -4.72715e-05 -2.51165e-07     -3.50493 
         950      106.421 -4.71994e-05 -1.92331e-07     -3.50494 
         950      106.738 -4.71252e-05  -1.4944e-07     -3.50495 
         950      107.055 -4.70517e-05 -1.21875e-07     -3.50497 
         950      107.372 -4.69759e-05 -1.08896e-07     -3.50499 
         950       107.69 -4.68889e-05   -1.096e-07     -3.50501 
         950      108.008 -4.67773e-05 -1.22926e-07     -3.50503 
         950      108.327 -4.66223e-05 -1.47609e-07     -3.50506 
         950      108.646 -4.64014e-05  -1.8208e-07     -3.50508 
         950      108.966 -4.60874e-05  -2.2459e-07     -3.50511 
         950      109.286 -4.56506e-05 -2.72999e-07     -3.50514 
         950      109.607 -4.50565e-05 -3.25034e-07     -3.50516 
         950      109.928 -4.52541e-05 -3.27121e-07     -3.50517 
         950       110.25 -4.55273e-05 -3.19031e-07     -3.50516 
         950      110.572  -4.5775e-05 -3.06988e-07     -3.50516 
         950      110.895 -4.59997e-05 -2.91614e-07     -3.50516 
         950      111.218 -4.62038e-05 -2.73504e-07     -3.50516 
         950      111.541 -4.63884e-05 -2.53307e-07     -3.50515 
         950      111.865 -4.65549e-05 -2.31604e-07     -3.50515 
         950       112.19 -4.67037e-05 -2.09003e-07     -3.50514 
         950      112.515 -4.68349e-05 -1.86087e-07     -3.50514 
         950       112.84 -4.69489e-05 -1.63343e-07     -3.50513 
         950      113.166 -4.70456e-05 -1.41287e-07     -3.50512 
         950      113.492  -4.7125e-05 -1.20309e-07     -3.50511 
         950      113.819 -4.71871e-05 -1.00808e-07     -3.50511 
         950      114.147  -4.7232e-05 -8.30545e-08      -3.5051 
         950      114.474 -4.72601e-05 -6.73105e-08     -3.50509 
         950      114.803 -4.72718e-05 -5.37129e-08     -3.50508 
         950      115.131 -4.72679e-05 -4.23646e-08     -3.50507 
         950       115.46 -4.72494e-05 -3.32876e-08     -3.50506 
         950       115.79 -4.72176e-05 -2.64102e-08     -3.50506 
         950       116.12  -4.7174e-05 -2.16151e-08     -3.50505 
         950      116.451 -4.71205e-05 -1.86984e-08     -3.50504 
         950      116.782 -4.70592e-05 -1.74047e-08     -3.50504 
         950      117.113 -4.69923e-05 -1.74139e-08     -3.50504 
         950      117.446 -4.69224e-05 -1.83585e-08     -3.50504 
         950      117.778 -4.68521e-05 -1.98256e-08     -3.50504 
         950      118.111 -4.67839e-05 -2.13738e-08     -3.50504 
         950      118.444 -4.67207e-05 -2.25363e-08     -3.50504 
         950      118.778 -4.66647e-05 -2.28423e-08     -3.50505 
         950      119.112 -4.66184e-05 -2.18257e-08     -3.50506 
         950      119.447 -4.65836e-05 -1.90415e-08     -3.50506 
         950      119.783 -4.65618e-05 -1.40867e-08     -3.50508 
         950      120.118 -4.65537e-05 -6.62535e-09     -3.50509 
         950      120.455 -4.65594e-05  3.61588e-09      -3.5051 
         950      120.791 -4.65776e-05  1.67775e-08     -3.50512 
         950      121.128 -4.66064e-05  3.29085e-08     -3.50513 
         950      121.466 -4.66419e-05  5.18551e-08     -3.50515 
         950      121.804 -4.66789e-05  7.33349e-08     -3.50517 
         950      122.143 -4.67103e-05  9.67862e-08     -3.50518 
         950      122.482 -4.67266e-05  1.21471e-07      -3.5052 
         950      122.821  -4.6716e-05  1.46311e-07     -3.50521 
         950      123.161 -4.66641e-05  1.69912e-07     -3.50522 
         950      123.502 -4.65531e-05  1.90573e-07     -3.50523 
         950      123.843 -4.63622e-05   2.0613e-07     -3.50523 
         950      124.184 -4.60661e-05  2.14029e-07     -3.50523 
         950      124.526 -4.56364e-05  2.11194e-07     -3.50522 
         950      124.868 -4.50387e-05  1.94018e-07      -3.5052 
         950      125.211 -4.42347e-05  1.58306e-07     -3.50518 
         950      125.554 -4.50306e-05  2.47843e-07      -3.5052 
         950      125.898 -4.61912e-05   3.6008e-07     -3.50525 
         950      126.242 -4.69584e-05  4.34131e-07     -3.50528 
         950      126.587 -4.74151e-05  4.77285e-07      -3.5053 
         950      126.932 -4.76314e-05  4.95796e-07     -3.50532 
         950      127.278 -4.76691e-05  4.95231e-07     -3.50534 
         950      127.624   -4.758e-05  4.80379e-07     -3.50534 
         950      127.971 -4.74084e-05  4.55392e-07     -3.50535 
         950      128.318 -4.71901e-05  4.23733e-07     -3.50535 
         950      128.665 -4.69547e-05  3.88374e-07     -3.50536 
         950      129.013 -4.67249e-05  3.51658e-07     -3.50536 
         950      129.361 -4.65181e-05  3.15565e-07     -3.50536 
         950       129.71 -4.63464e-05   2.8153e-07     -3.50537 
         950       130.06 -4.62176e-05  2.50714e-07     -3.50537 
         950       130.41 -4.61354e-05  2.23836e-07     -3.50537 
         950       130.76 -4.61005e-05  2.01393e-07     -3.50538 
         950      131.111 -4.61105e-05  1.83614e-07     -3.50539 
         950      131.462 -4.61608e-05  1.70467e-07      -3.5054 
         950      131.814  -4.6245e-05  1.61792e-07     -3.50541 
         950      132.166 -4.63554e-05  1.57253e-07     -3.50543 
         950      132.519 -4.64832e-05  1.56422e-07     -3.50544 
         950      132.872 -4.66193e-05  1.58788e-07     -3.50546 
         950      133.226 -4.67543e-05  1.63796e-07     -3.50548 
         950       133.58  -4.6879e-05   1.7086e-07      -3.5055 
         950      133.934 -4.69849e-05  1.79424e-07     -3.50553 
         950      134.289 -4.70639e-05  1.88932e-07     -3.50555 
         950      134.645 -4.71094e-05  1.98913e-07     -3.50557 
         950          135 -4.71159e-05  2.08933e-07      -3.5056 
         950      135.357 -4.70791e-05  2.18677e-07     -3.50562 
         950      135.714 -4.69966e-05    2.279e-07     -3.50565 
         950      136.071 -4.68677e-05    2.365e-07     -3.50567 
         950      136.429 -4.66932e-05  2.44472e-07      -3.5057 
         950      136.787 -4.64763e-05  2.51943e-07     -3.50572 
         950      137.146 -4.62212e-05  2.59186e-07     -3.50574 
         950      137.505 -4.59347e-05  2.66581e-07     -3.50576 
         950      137.865 -4.56245e-05  2.74661e-07     -3.50578 
         950      138.225 -4.53008e-05  2.84055e-07      -3.5058 
         950      138.586 -4.49741e-05  2.95535e-07     -3.50581 
         950      138.947 -4.46568e-05  3.09952e-07     -3.50583 
         950      139.309 -4.43623e-05  3.28235e-07     -3.50584 
         950      139.671 -4.41039e-05  3.51424e-07     -3.50585 
         950      140.033  -4.3896e-05  3.80537e-07     -3.50586 
         950      140.397 -4.37519e-05  4.16696e-07     -3.50587 
         950       140.76 -4.36851e-05  4.60907e-07     -3.50588 
         950      141.124 -4.37074e-05  5.14262e-07     -3.50589 
         950      141.488 -4.38291e-05   5.7767e-07      -3.5059 
         950      141.853 -4.40579e-05  6.51886e-07     -3.50592 
         950      142.219 -4.43992e-05   7.3768e-07     -3.50593 
         950      142.584 -4.48533e-05  8.35351e-07     -3.50595 
         950      142.951 -4.54178e-05   9.4522e-07     -3.50598 
         950      143.317 -4.60827e-05  1.06695e-06     -3.50601 
         950      143.685  -4.6834e-05  1.20019e-06     -3.50606 
         950      144.052 -4.76479e-05  1.34371e-06     -3.50611 
         950      144.421 -4.84949e-05  1.49622e-06     -3.50617 
         950      144.789 -4.93341e-05  1.65547e-06     -3.50625 
         950      145.158 -5.01136e-05  1.81849e-06     -3.50635 
         950      145.528  -5.0772e-05  1.98196e-06     -3.50647 
         950      145.898 -5.12322e-05  2.14117e-06     -3.50661 
         950      146.269  -5.1404e-05  2.29096e-06     -3.50678 
         950       146.64 -5.11805e-05  2.42464e-06     -3.50697 
         950      147.011 -5.04371e-05  2.53478e-06      -3.5072 
         950      147.383 -4.90298e-05  2.61237e-06     -3.50747 
         950      147.755 -4.67963e-05  2.64708e-06     -3.50778 
         950      148.128 -4.35457e-05  2.62715e-06     -3.50813 
         950      148.502 -3.90715e-05  2.53916e-06     -3.50854 
         950      148.876 -3.31285e-05  2.36772e-06       -3.509 
         950       149.25 -2.54592e-05  2.07346e-06     -3.50953 
         950      149.625 -1.49076e-05  1.11052e-06     -3.51023 
         950          150            0            0     -3.51094 
