Variables = x, y, u, v, p

Zone, I=800, F=POINT
         700            0           -0           -0     0.775271 
         700     0.000234 -8.17131e-06   3.4831e-12     0.775271 
         700     0.000939 -3.09842e-05  6.40601e-11     0.775271 
         700     0.002113 -6.34253e-05  3.30715e-10     0.775271 
         700     0.003759 -9.87663e-05  1.04955e-09     0.775271 
         700     0.005872 -0.000130049  2.55356e-09     0.775271 
         700     0.008457  -0.00015226  5.26479e-09     0.775271 
         700      0.01151 -0.000163364  9.67235e-09     0.775271 
         700     0.015036  -0.00016491  1.63421e-08     0.775271 
         700     0.019031 -0.000161266  2.58796e-08     0.775271 
         700     0.023493 -0.000157939  3.89304e-08     0.775271 
         700     0.028429  -0.00015929  5.61996e-08     0.775271 
         700     0.033831 -0.000166553   7.8361e-08     0.775271 
         700     0.039706 -0.000177116  1.06151e-07     0.775271 
         700     0.046047 -0.000185885  1.40239e-07     0.775271 
         700     0.052863 -0.000188984  1.81365e-07     0.775271 
         700      0.06015 -0.000188248  2.30176e-07     0.775271 
         700       0.0679 -0.000192568  2.87247e-07     0.775271 
         700     0.076126 -0.000207552  3.53274e-07     0.775271 
         700     0.084816  -0.00020791  4.28727e-07     0.775271 
         700     0.093982  -0.00021703  5.14204e-07     0.775271 
         700     0.103611  -0.00022498   6.1005e-07     0.775271 
         700     0.113718 -0.000232497  7.16845e-07     0.775271 
         700     0.124286 -0.000240076   8.3478e-07     0.775271 
         700     0.135333 -0.000248007  9.64369e-07     0.775271 
         700      0.14685 -0.000256338  1.10578e-06     0.775271 
         700     0.158827 -0.000264955  1.25908e-06     0.775271 
         700     0.171284 -0.000273691  1.42471e-06     0.775271 
         700     0.184201 -0.000282391  1.60252e-06     0.775271 
         700     0.197599  -0.00029105  1.79288e-06     0.775271 
         700     0.211455 -0.000299789  1.99551e-06     0.775271 
         700     0.225792 -0.000308792   2.2107e-06     0.775271 
         700       0.2406 -0.000317892  2.43816e-06     0.775271 
         700     0.255865 -0.000326515  2.67742e-06     0.775271 
         700     0.271613  -0.00033539  2.92903e-06     0.775271 
         700     0.287818 -0.000344138  3.19225e-06     0.775271 
         700     0.304506 -0.000352763    3.467e-06     0.775271 
         700      0.32165 -0.000361238  3.75233e-06     0.775271 
         700     0.339278  -0.00036956  4.04821e-06     0.775271 
         700     0.357377 -0.000377706  4.35392e-06     0.775271 
         700      0.37593 -0.000385649  4.66862e-06     0.775271 
         700     0.394968 -0.000393383  4.99224e-06     0.775271 
         700     0.414461 -0.000400879  5.32355e-06     0.775271 
         700      0.43444 -0.000408132   5.6623e-06     0.775271 
         700     0.454872 -0.000415117    6.007e-06     0.775271 
         700     0.475791 -0.000421838  6.35718e-06     0.775271 
         700     0.497163 -0.000428279  6.71114e-06     0.775271 
         700     0.519021 -0.000434452  7.06829e-06     0.775271 
         700      0.54135 -0.000440355  7.42728e-06     0.775271 
         700     0.564131 -0.000445988  7.78702e-06     0.775271 
         700       0.5874 -0.000451359  8.14779e-06     0.775271 
         700     0.611121 -0.000456454  8.50919e-06     0.775271 
         700      0.63533 -0.000461331  8.86708e-06     0.775272 
         700      0.65999 -0.000465945   9.2226e-06     0.775272 
         700     0.685139 -0.000470326  9.57532e-06     0.775272 
         700     0.710759 -0.000474488  9.92421e-06     0.775272 
         700     0.736828 -0.000478443  1.02684e-05     0.775272 
         700     0.763387 -0.000482209  1.06082e-05     0.775272 
         700     0.790396 -0.000485786   1.0943e-05     0.775272 
         700     0.817896 -0.000489179  1.12736e-05     0.775272 
         700     0.845843 -0.000492381  1.15998e-05     0.775272 
         700     0.874283 -0.000495386  1.19231e-05     0.775272 
         700      0.90317 -0.000498176   1.2244e-05     0.775272 
         700     0.932551 -0.000500734  1.25642e-05     0.775272 
         700     0.962401 -0.000503034  1.28851e-05     0.775272 
         700     0.992697 -0.000505045  1.32082e-05     0.775272 
         700      1.02349 -0.000506736  1.35361e-05     0.775272 
         700      1.05472 -0.000508069  1.38703e-05     0.775272 
         700      1.08645 -0.000509006  1.42139e-05     0.775272 
         700      1.11863 -0.000509506  1.45685e-05     0.775272 
         700       1.1513  -0.00050953  1.49374e-05     0.775272 
         700      1.18444 -0.000509037  1.53226e-05     0.775272 
         700      1.21802 -0.000507993  1.57263e-05     0.775272 
         700      1.25211 -0.000506364  1.61515e-05     0.775272 
         700      1.28663 -0.000504129  1.65994e-05     0.775272 
         700      1.32165 -0.000501268  1.70728e-05     0.775272 
         700      1.35712  -0.00049778  1.75723e-05     0.775272 
         700      1.39308 -0.000493669  1.80999e-05     0.775272 
         700      1.42951 -0.000488962  1.86559e-05     0.775272 
         700      1.46638 -0.000483707  1.92398e-05     0.775272 
         700      1.50375 -0.000477958   1.9852e-05     0.775272 
         700      1.54156 -0.000471552  2.04924e-05     0.775272 
         700      1.57987 -0.000464902  2.11457e-05     0.775273 
         700      1.61863  -0.00045807  2.18105e-05     0.775273 
         700      1.65788 -0.000451075  2.24877e-05     0.775273 
         700      1.69757 -0.000443952  2.31759e-05     0.775273 
         700      1.73776 -0.000436711  2.38756e-05     0.775273 
         700      1.77842 -0.000429379  2.45855e-05     0.775273 
         700      1.81952 -0.000421979   2.5304e-05     0.775273 
         700      1.86113 -0.000414513  2.60311e-05     0.775274 
         700      1.90316 -0.000407005  2.67643e-05     0.775274 
         700      1.94571 -0.000399453  2.75033e-05     0.775274 
         700      1.98869 -0.000391878  2.82452e-05     0.775274 
         700      2.03217 -0.000384271  2.89896e-05     0.775274 
         700      2.07612 -0.000376643  2.97341e-05     0.775275 
         700      2.12051 -0.000369001  3.04762e-05     0.775275 
         700       2.1654 -0.000361333  3.12152e-05     0.775275 
         700      2.21073 -0.000353651  3.19483e-05     0.775275 
         700      2.25656  -0.00034594  3.26748e-05     0.775276 
         700      2.30283 -0.000338211  3.33919e-05     0.775276 
         700       2.3496 -0.000330448  3.40991e-05     0.775276 
         700      2.39685 -0.000322654  3.47945e-05     0.775276 
         700      2.44452 -0.000314834  3.54763e-05     0.775277 
         700      2.49271 -0.000306973  3.61446e-05     0.775277 
         700      2.54132 -0.000299085  3.67975e-05     0.775277 
         700      2.59044 -0.000291156  3.74355e-05     0.775278 
         700         2.64 -0.000283203  3.80572e-05     0.775278 
         700      2.69006 -0.000275218  3.86636e-05     0.775279 
         700      2.74056 -0.000267219  3.92539e-05     0.775279 
         700      2.79156 -0.000259205  3.98294e-05     0.775279 
         700      2.84304 -0.000251192  4.03902e-05      0.77528 
         700      2.89494 -0.000243202  4.09366e-05      0.77528 
         700      2.94735 -0.000235237  4.14702e-05     0.775281 
         700       3.0002 -0.000227329  4.19911e-05     0.775281 
         700      3.05355 -0.000219486  4.25007e-05     0.775282 
         700      3.10733 -0.000211742  4.29987e-05     0.775282 
         700      3.16163 -0.000204105  4.34859e-05     0.775283 
         700      3.21639 -0.000196605  4.39614e-05     0.775284 
         700      3.27158 -0.000189266  4.44236e-05     0.775284 
         700      3.32729 -0.000182093  4.48708e-05     0.775285 
         700      3.38342 -0.000175109  4.52987e-05     0.775285 
         700      3.44007  -0.00016831  4.57027e-05     0.775286 
         700      3.49714 -0.000161701  4.60746e-05     0.775287 
         700      3.55472 -0.000155256  4.64052e-05     0.775287 
         700      3.61273 -0.000148953  4.66811e-05     0.775288 
         700      3.67125 -0.000142733  4.68863e-05     0.775289 
         700      3.73025 -0.000136527      4.7e-05     0.775289 
         700      3.78967 -0.000130548   4.7224e-05      0.77529 
         700      3.84961 -0.000124885  4.75115e-05     0.775291 
         700      3.90996 -0.000119461  4.77646e-05     0.775292 
         700      3.97084 -0.000114274  4.79843e-05     0.775293 
         700      4.03214 -0.000109338   4.8171e-05     0.775293 
         700      4.09395  -0.00010465  4.83254e-05     0.775294 
         700      4.15624 -0.000100218   4.8448e-05     0.775295 
         700      4.21895 -9.60483e-05  4.85396e-05     0.775296 
         700      4.28217 -9.21366e-05  4.86008e-05     0.775297 
         700      4.34582 -8.84896e-05  4.86323e-05     0.775297 
         700      4.40998 -8.51012e-05  4.86348e-05     0.775298 
         700      4.47457 -8.19755e-05   4.8609e-05     0.775299 
         700      4.53968 -7.91049e-05  4.85556e-05       0.7753 
         700      4.60525 -7.64883e-05  4.84752e-05     0.775301 
         700      4.67125 -7.40721e-05   4.8423e-05     0.775302 
         700      4.73777 -7.18974e-05  4.83545e-05     0.775303 
         700       4.8047 -6.99658e-05  4.82637e-05     0.775304 
         700      4.87216 -6.82631e-05   4.8153e-05     0.775304 
         700      4.94003 -6.67806e-05  4.80249e-05     0.775305 
         700      5.00843 -6.55037e-05  4.78813e-05     0.775306 
         700      5.07724  -6.4422e-05  4.77248e-05     0.775307 
         700      5.14658  -6.3521e-05  4.75574e-05     0.775308 
         700      5.21639 -6.27889e-05  4.73812e-05     0.775309 
         700      5.28661 -6.22131e-05  4.71987e-05      0.77531 
         700      5.35736   -6.178e-05  4.70113e-05     0.775311 
         700      5.42852 -6.14778e-05  4.68212e-05     0.775312 
         700      5.50021 -6.12938e-05  4.66298e-05     0.775313 
         700      5.57231 -6.12168e-05   4.6439e-05     0.775314 
         700      5.64493 -6.12353e-05  4.62498e-05     0.775315 
         700      5.71803 -6.13391e-05  4.60636e-05     0.775316 
         700      5.79154 -6.15183e-05  4.58816e-05     0.775317 
         700      5.86558 -6.17642e-05  4.57044e-05     0.775318 
         700      5.94003 -6.20685e-05  4.55329e-05     0.775319 
         700      6.01501 -6.24244e-05  4.53673e-05      0.77532 
         700       6.0904 -6.28252e-05  4.52082e-05     0.775321 
         700      6.16632 -6.32661e-05  4.50554e-05     0.775322 
         700      6.24271 -6.37425e-05  4.49091e-05     0.775323 
         700       6.3195 -6.42503e-05  4.47692e-05     0.775324 
         700      6.39683 -6.47874e-05  4.46352e-05     0.775326 
         700      6.47457 -6.53505e-05   4.4507e-05     0.775327 
         700      6.55284 -6.59387e-05  4.43839e-05     0.775328 
         700      6.63152 -6.65494e-05  4.42658e-05     0.775329 
         700      6.71073 -6.71819e-05   4.4152e-05      0.77533 
         700      6.79034  -6.7833e-05  4.40426e-05     0.775331 
         700      6.87049  -6.8501e-05  4.39372e-05     0.775332 
         700      6.95111 -6.91815e-05  4.38361e-05     0.775333 
         700      7.03214 -6.98684e-05  4.37399e-05     0.775334 
         700       7.1137 -7.05552e-05  4.36495e-05     0.775336 
         700      7.19566 -7.12305e-05  4.35665e-05     0.775337 
         700      7.27816 -7.18812e-05   4.3493e-05     0.775338 
         700      7.36106 -7.24882e-05  4.34322e-05     0.775339 
         700      7.44451 -7.30292e-05   4.3388e-05      0.77534 
         700      7.52842 -7.35696e-05  4.32867e-05     0.775341 
         700      7.61273 -7.42931e-05  4.30425e-05     0.775342 
         700      7.69758 -7.50197e-05  4.28357e-05     0.775344 
         700      7.78283 -7.57478e-05  4.26541e-05     0.775345 
         700      7.86862 -7.64782e-05   4.2487e-05     0.775346 
         700      7.95481 -7.72095e-05  4.23263e-05     0.775347 
         700      8.04155 -7.79425e-05  4.21652e-05     0.775348 
         700      8.12868 -7.86755e-05  4.19993e-05      0.77535 
         700      8.21635 -7.94093e-05  4.18251e-05     0.775351 
         700      8.30449  -8.0143e-05  4.16406e-05     0.775352 
         700      8.39303 -8.08756e-05  4.14453e-05     0.775353 
         700      8.48211 -8.16079e-05   4.1239e-05     0.775355 
         700      8.57159 -8.23382e-05   4.1023e-05     0.775356 
         700      8.66161 -8.30676e-05  4.07983e-05     0.775357 
         700      8.75203 -8.37945e-05  4.05672e-05     0.775359 
         700      8.84299   -8.452e-05  4.03315e-05      0.77536 
         700      8.93443 -8.52432e-05  4.00934e-05     0.775361 
         700      9.02626 -8.59637e-05  3.98552e-05     0.775362 
         700      9.11863 -8.66827e-05  3.96182e-05     0.775364 
         700      9.21139 -8.73994e-05  3.93843e-05     0.775365 
         700      9.30471 -8.81153e-05   3.9154e-05     0.775366 
         700      9.39841 -8.88299e-05  3.89278e-05     0.775368 
         700      9.49267 -8.95454e-05   3.8705e-05     0.775369 
         700      9.58739 -9.02624e-05  3.84846e-05     0.775371 
         700      9.68251 -9.09818e-05  3.82647e-05     0.775372 
         700      9.77817 -9.17066e-05  3.80422e-05     0.775373 
         700      9.87422  -9.2438e-05   3.7814e-05     0.775375 
         700      9.97083   -9.318e-05  3.75754e-05     0.775376 
         700      10.0678 -9.39346e-05   3.7322e-05     0.775378 
         700      10.1654 -9.47069e-05   3.7048e-05     0.775379 
         700      10.2633 -9.53776e-05  3.67104e-05      0.77538 
         700      10.3618 -9.60222e-05  3.63556e-05     0.775382 
         700      10.4607 -9.66839e-05  3.60082e-05     0.775383 
         700      10.5601 -9.73524e-05  3.56742e-05     0.775385 
         700        10.66 -9.80156e-05  3.53599e-05     0.775386 
         700      10.7603 -9.86546e-05  3.50742e-05     0.775388 
         700      10.8611 -9.92467e-05  3.48269e-05     0.775389 
         700      10.9623 -9.97604e-05  3.46314e-05     0.775391 
         700      11.0641 -0.000100351   3.4421e-05     0.775392 
         700      11.1663 -0.000101103  3.41258e-05     0.775394 
         700       11.269 -0.000101817  3.38227e-05     0.775395 
         700      11.3721 -0.000102499  3.35142e-05     0.775397 
         700      11.4757 -0.000103152   3.3203e-05     0.775399 
         700      11.5798 -0.000103781  3.28904e-05       0.7754 
         700      11.6844  -0.00010439  3.25784e-05     0.775402 
         700      11.7894 -0.000104982  3.22675e-05     0.775403 
         700       11.895 -0.000105561  3.19588e-05     0.775405 
         700      12.0009 -0.000106128  3.16528e-05     0.775407 
         700      12.1073 -0.000106688  3.13494e-05     0.775408 
         700      12.2142 -0.000107241   3.1049e-05      0.77541 
         700      12.3216 -0.000107791   3.0751e-05     0.775412 
         700      12.4294 -0.000108338  3.04555e-05     0.775413 
         700      12.5378 -0.000108883  3.01618e-05     0.775415 
         700      12.6465 -0.000109428  2.98698e-05     0.775417 
         700      12.7558 -0.000109974  2.95787e-05     0.775418 
         700      12.8656 -0.000110519  2.92883e-05      0.77542 
         700      12.9757 -0.000111065  2.89984e-05     0.775422 
         700      13.0864 -0.000111611  2.87083e-05     0.775424 
         700      13.1975 -0.000112156  2.84182e-05     0.775425 
         700      13.3092 -0.000112699  2.81277e-05     0.775427 
         700      13.4212  -0.00011324  2.78372e-05     0.775429 
         700      13.5338 -0.000113777  2.75464e-05     0.775431 
         700      13.6468 -0.000114308   2.7256e-05     0.775433 
         700      13.7603 -0.000114842  2.69247e-05     0.775435 
         700      13.8743 -0.000115372  2.65763e-05     0.775437 
         700      13.9886 -0.000115891  2.62379e-05     0.775438 
         700      14.1036   -0.0001164  2.59114e-05      0.77544 
         700      14.2189 -0.000116897  2.55993e-05     0.775442 
         700      14.3348 -0.000117383  2.53015e-05     0.775444 
         700       14.451 -0.000117856   2.5018e-05     0.775446 
         700      14.5678 -0.000118317  2.47463e-05     0.775448 
         700      14.6851 -0.000118766  2.44833e-05      0.77545 
         700      14.8028 -0.000119204  2.42246e-05     0.775452 
         700       14.921 -0.000119633  2.39637e-05     0.775454 
         700      15.0396 -0.000120053  2.36936e-05     0.775456 
         700      15.1588 -0.000120466  2.34052e-05     0.775458 
         700      15.2783 -0.000120876  2.30892e-05     0.775461 
         700      15.3984 -0.000121284  2.27345e-05     0.775463 
         700       15.519 -0.000121671  2.24279e-05     0.775465 
         700        15.64 -0.000122011  2.21955e-05     0.775467 
         700      15.7615 -0.000122309  2.19393e-05     0.775469 
         700      15.8834 -0.000122819  2.16654e-05     0.775471 
         700      16.0058 -0.000123415  2.13786e-05     0.775473 
         700      16.1286 -0.000123953  2.10809e-05     0.775476 
         700       16.252 -0.000124439  2.07752e-05     0.775478 
         700      16.3759 -0.000124877  2.04656e-05      0.77548 
         700      16.5002 -0.000125269  2.01562e-05     0.775482 
         700       16.625 -0.000125623  1.98509e-05     0.775485 
         700      16.7501 -0.000125923   1.9589e-05     0.775487 
         700      16.8759 -0.000126202  1.93571e-05     0.775489 
         700       17.002 -0.000126482  1.91265e-05     0.775492 
         700      17.1287 -0.000126766  1.88968e-05     0.775494 
         700      17.2557 -0.000127055  1.86682e-05     0.775497 
         700      17.3834  -0.00012735  1.84405e-05     0.775499 
         700      17.5115  -0.00012765  1.82137e-05     0.775501 
         700      17.6399 -0.000127956   1.7988e-05     0.775504 
         700       17.769 -0.000128267  1.77631e-05     0.775506 
         700      17.8984 -0.000128582  1.75394e-05     0.775509 
         700      18.0284 -0.000128901  1.73166e-05     0.775512 
         700      18.1587 -0.000129222  1.70951e-05     0.775514 
         700      18.2896 -0.000129544  1.68748e-05     0.775517 
         700       18.421 -0.000129866  1.66558e-05     0.775519 
         700      18.5528 -0.000130186  1.64385e-05     0.775522 
         700      18.6851 -0.000130503  1.62226e-05     0.775525 
         700      18.8178 -0.000130816  1.60087e-05     0.775527 
         700      18.9511 -0.000131123  1.57965e-05      0.77553 
         700      19.0847 -0.000131423  1.55864e-05     0.775533 
         700      19.2189 -0.000131715  1.53783e-05     0.775535 
         700      19.3535 -0.000131998  1.51725e-05     0.775538 
         700      19.4886 -0.000132273   1.4969e-05     0.775541 
         700      19.6242 -0.000132538  1.47678e-05     0.775544 
         700      19.7602 -0.000132793  1.45692e-05     0.775547 
         700      19.8968 -0.000133039  1.43731e-05      0.77555 
         700      20.0337 -0.000133276  1.41796e-05     0.775552 
         700      20.1712 -0.000133504  1.39885e-05     0.775555 
         700      20.3091 -0.000133724  1.38002e-05     0.775558 
         700      20.4475 -0.000133938  1.36141e-05     0.775561 
         700      20.5864 -0.000134146  1.34305e-05     0.775564 
         700      20.7257  -0.00013435  1.32493e-05     0.775567 
         700      20.8655 -0.000134552    1.307e-05      0.77557 
         700      21.0058 -0.000134752  1.28929e-05     0.775574 
         700      21.1465 -0.000134952  1.27173e-05     0.775577 
         700      21.2877 -0.000135154  1.25433e-05      0.77558 
         700      21.4294 -0.000135359  1.23702e-05     0.775583 
         700      21.5716 -0.000135568  1.21978e-05     0.775586 
         700      21.7142  -0.00013578  1.20259e-05     0.775589 
         700      21.8573 -0.000135997  1.18538e-05     0.775593 
         700      22.0008 -0.000136218  1.16811e-05     0.775596 
         700      22.1449  -0.00013644   1.1507e-05     0.775599 
         700      22.2893 -0.000136662  1.13312e-05     0.775603 
         700      22.4344 -0.000136879  1.11527e-05     0.775606 
         700      22.5797 -0.000137088  1.09711e-05     0.775609 
         700      22.7257 -0.000137281  1.07852e-05     0.775613 
         700      22.8721  -0.00013745  1.05946e-05     0.775616 
         700      23.0189 -0.000137584  1.03982e-05      0.77562 
         700      23.1663 -0.000137694  1.02155e-05     0.775623 
         700       23.314 -0.000137823  1.00539e-05     0.775627 
         700      23.4623 -0.000137958  9.88784e-06     0.775631 
         700       23.611 -0.000138098  9.72267e-06     0.775634 
         700      23.7602 -0.000138245  9.56179e-06     0.775638 
         700        23.91 -0.000138397  9.40765e-06     0.775642 
         700        24.06 -0.000138553  9.26158e-06     0.775645 
         700      24.2107 -0.000138712  9.12359e-06     0.775649 
         700      24.3617 -0.000138873  8.99341e-06     0.775653 
         700      24.5133 -0.000139033  8.86972e-06     0.775657 
         700      24.6653 -0.000139192  8.75122e-06      0.77566 
         700      24.8178 -0.000139349  8.63593e-06     0.775664 
         700      24.9708 -0.000139501  8.52206e-06     0.775668 
         700      25.1242 -0.000139647  8.40783e-06     0.775672 
         700      25.2781 -0.000139788  8.29133e-06     0.775676 
         700      25.4324 -0.000139922  8.17133e-06      0.77568 
         700      25.5873 -0.000140051  8.04656e-06     0.775684 
         700      25.7426 -0.000140174  7.91665e-06     0.775689 
         700      25.8984 -0.000140294  7.78134e-06     0.775693 
         700      26.0546  -0.00014041  7.64143e-06     0.775697 
         700      26.2114 -0.000140525  7.49793e-06     0.775701 
         700      26.3686 -0.000140642  7.35287e-06     0.775705 
         700      26.5262 -0.000140761  7.20899e-06      0.77571 
         700      26.6844 -0.000140887  7.06937e-06     0.775714 
         700      26.8429  -0.00014102  6.93817e-06     0.775718 
         700       27.002 -0.000141164  6.81974e-06     0.775723 
         700      27.1615 -0.000141319  6.71935e-06     0.775727 
         700      27.3216 -0.000141354  6.69873e-06     0.775732 
         700      27.4821 -0.000141382  6.67282e-06     0.775736 
         700       27.643 -0.000141422  6.62987e-06     0.775741 
         700      27.8044 -0.000141472  6.56943e-06     0.775745 
         700      27.9663 -0.000141531  6.49164e-06      0.77575 
         700      28.1287 -0.000141598  6.39692e-06     0.775755 
         700      28.2914 -0.000141672   6.2865e-06     0.775759 
         700      28.4548 -0.000141753    6.162e-06     0.775764 
         700      28.6185  -0.00014184  6.02617e-06     0.775769 
         700      28.7828 -0.000141932  5.88225e-06     0.775774 
         700      28.9475 -0.000142029  5.73479e-06     0.775779 
         700      29.1126 -0.000142129  5.58948e-06     0.775784 
         700      29.2784 -0.000142232  5.45292e-06     0.775788 
         700      29.4444 -0.000142335  5.33351e-06     0.775793 
         700       29.611 -0.000142437  5.24079e-06     0.775799 
         700       29.778 -0.000142536  5.18628e-06     0.775804 
         700      29.9456 -0.000142627  5.18311e-06     0.775809 
         700      30.1137 -0.000142706  5.24654e-06     0.775814 
         700      30.2821 -0.000142767  5.39376e-06     0.775819 
         700      30.4511 -0.000142821  5.43954e-06     0.775824 
         700      30.6204  -0.00014288  5.23038e-06      0.77583 
         700      30.7903 -0.000142925  5.05154e-06     0.775835 
         700      30.9606  -0.00014296  4.90025e-06      0.77584 
         700      31.1315 -0.000142991  4.77321e-06     0.775846 
         700      31.3028  -0.00014302  4.66747e-06     0.775851 
         700      31.4745  -0.00014305  4.58007e-06     0.775857 
         700      31.6468 -0.000143083  4.50794e-06     0.775862 
         700      31.8194  -0.00014312  4.44835e-06     0.775868 
         700      31.9926 -0.000143161  4.39852e-06     0.775874 
         700      32.1662 -0.000143207  4.35602e-06     0.775879 
         700      32.3404 -0.000143258  4.31846e-06     0.775885 
         700      32.5149 -0.000143313  4.28379e-06     0.775891 
         700        32.69 -0.000143371  4.25011e-06     0.775897 
         700      32.8655 -0.000143432  4.21584e-06     0.775903 
         700      33.0414 -0.000143494  4.17967e-06     0.775909 
         700       33.218 -0.000143557  4.14049e-06     0.775915 
         700      33.3948 -0.000143619  4.09757e-06     0.775921 
         700      33.5723  -0.00014368  4.05036e-06     0.775927 
         700        33.75 -0.000143738  3.99871e-06     0.775933 
         700      33.9284 -0.000143794  3.94261e-06     0.775939 
         700      34.1073 -0.000143846  3.88239e-06     0.775945 
         700      34.2865 -0.000143893  3.81866e-06     0.775952 
         700      34.4663 -0.000143937  3.75209e-06     0.775958 
         700      34.6465 -0.000143976  3.68371e-06     0.775964 
         700      34.8272  -0.00014401  3.61451e-06     0.775971 
         700      35.0083 -0.000144041  3.54579e-06     0.775977 
         700        35.19 -0.000144069  3.47871e-06     0.775984 
         700      35.3721 -0.000144094  3.41455e-06     0.775991 
         700      35.5546 -0.000144116  3.35456e-06     0.775997 
         700      35.7377 -0.000144137  3.29968e-06     0.776004 
         700      35.9211 -0.000144157  3.25083e-06     0.776011 
         700      36.1052 -0.000144177  3.20849e-06     0.776018 
         700      36.2895 -0.000144196  3.17283e-06     0.776024 
         700      36.4745 -0.000144214  3.14346e-06     0.776031 
         700      36.6598 -0.000144232  3.11943e-06     0.776038 
         700      36.8457 -0.000144246    3.099e-06     0.776045 
         700      37.0321 -0.000144256  3.07958e-06     0.776052 
         700      37.2188 -0.000144259  3.05761e-06      0.77606 
         700      37.4062  -0.00014425  3.02826e-06     0.776067 
         700      37.5938 -0.000144224   2.9855e-06     0.776074 
         700      37.7821 -0.000144173  2.92163e-06     0.776081 
         700      37.9707  -0.00014409  2.82745e-06     0.776088 
         700      38.1599 -0.000144144   2.7908e-06     0.776096 
         700      38.3496 -0.000144252  2.75962e-06     0.776103 
         700      38.5396 -0.000144362  2.70883e-06     0.776111 
         700      38.7302 -0.000144475  2.64197e-06     0.776119 
         700      38.9211 -0.000144585  2.56313e-06     0.776126 
         700      39.1127 -0.000144689  2.47663e-06     0.776134 
         700      39.3046  -0.00014478  2.38752e-06     0.776142 
         700      39.4971 -0.000144852  2.30111e-06      0.77615 
         700      39.6899 -0.000144895  2.22358e-06     0.776157 
         700      39.8833 -0.000144898  2.16152e-06     0.776165 
         700      40.0772 -0.000144852  2.12241e-06     0.776173 
         700      40.2714 -0.000144743  2.11444e-06     0.776181 
         700      40.4663 -0.000144557  2.14664e-06      0.77619 
         700      40.6615 -0.000144668  2.06304e-06     0.776198 
         700      40.8573  -0.00014484  1.94724e-06     0.776206 
         700      41.0534 -0.000144967  1.84686e-06     0.776214 
         700      41.2501 -0.000145056  1.76238e-06     0.776223 
         700      41.4473 -0.000145114  1.69398e-06     0.776231 
         700      41.6448 -0.000145145  1.64127e-06      0.77624 
         700      41.8429 -0.000145154  1.60331e-06     0.776248 
         700      42.0414 -0.000145146   1.5789e-06     0.776257 
         700      42.2405 -0.000145124  1.56637e-06     0.776266 
         700      42.4399 -0.000145091  1.56381e-06     0.776274 
         700      42.6399 -0.000145048  1.56899e-06     0.776283 
         700      42.8404 -0.000144999  1.57949e-06     0.776292 
         700      43.0412 -0.000144944  1.59266e-06     0.776301 
         700      43.2426 -0.000144885  1.60574e-06      0.77631 
         700      43.4444 -0.000144822  1.61583e-06     0.776319 
         700      43.6467 -0.000144754  1.61998e-06     0.776328 
         700      43.8494 -0.000144683   1.6152e-06     0.776337 
         700      44.0527 -0.000144608  1.59846e-06     0.776347 
         700      44.2563 -0.000144527  1.56683e-06     0.776356 
         700      44.4606 -0.000144495  1.51274e-06     0.776365 
         700      44.6653 -0.000144628   1.4405e-06     0.776375 
         700      44.8704 -0.000144744  1.37465e-06     0.776384 
         700       45.076 -0.000144842  1.31527e-06     0.776394 
         700       45.282 -0.000144926  1.26248e-06     0.776404 
         700      45.4886 -0.000144994  1.21609e-06     0.776414 
         700      45.6955  -0.00014505  1.17595e-06     0.776423 
         700       45.903 -0.000145093  1.14165e-06     0.776433 
         700      46.1111 -0.000145125  1.11278e-06     0.776443 
         700      46.3194 -0.000145148   1.0888e-06     0.776453 
         700      46.5283 -0.000145162  1.06907e-06     0.776463 
         700      46.7376 -0.000145169  1.05291e-06     0.776474 
         700      46.9475 -0.000145171  1.03958e-06     0.776484 
         700      47.1577 -0.000145167   1.0283e-06     0.776494 
         700      47.3685 -0.000145161  1.01826e-06     0.776505 
         700      47.5798 -0.000145152  1.00866e-06     0.776515 
         700      47.7914 -0.000145142  9.98715e-07     0.776526 
         700      48.0037 -0.000145132   9.8764e-07     0.776536 
         700      48.2162 -0.000145122  9.74736e-07     0.776547 
         700      48.4294 -0.000145115  9.59335e-07     0.776558 
         700      48.6429 -0.000145109  9.40903e-07     0.776569 
         700       48.857 -0.000145107  9.18965e-07      0.77658 
         700      49.0714 -0.000145108  8.93246e-07     0.776591 
         700      49.2865 -0.000145113  8.63552e-07     0.776602 
         700       49.502 -0.000145122  8.29937e-07     0.776613 
         700      49.7179 -0.000145135  7.92675e-07     0.776624 
         700      49.9343 -0.000145152   7.5219e-07     0.776635 
         700      50.1511 -0.000145171  7.09296e-07     0.776647 
         700      50.3685 -0.000145193  6.64971e-07     0.776658 
         700      50.5862 -0.000145217  6.20658e-07      0.77667 
         700      50.8046  -0.00014524  5.78019e-07     0.776682 
         700      51.0234 -0.000145263  5.39221e-07     0.776693 
         700      51.2425 -0.000145283  5.06843e-07     0.776705 
         700      51.4623 -0.000145297  4.83855e-07     0.776717 
         700      51.6824 -0.000145304   4.7381e-07     0.776729 
         700      51.9031 -0.000145301  4.80758e-07     0.776741 
         700      52.1241 -0.000145285  5.09324e-07     0.776753 
         700      52.3457 -0.000145252  5.64823e-07     0.776765 
         700      52.5676 -0.000145198  6.53092e-07     0.776778 
         700      52.7902  -0.00014516  7.37405e-07      0.77679 
         700      53.0133 -0.000145248   6.7522e-07     0.776803 
         700      53.2366 -0.000145301  6.25381e-07     0.776815 
         700      53.4606 -0.000145327  5.86562e-07     0.776828 
         700      53.6849 -0.000145332   5.5757e-07      0.77684 
         700      53.9099 -0.000145321  5.37101e-07     0.776853 
         700      54.1351   -0.0001453  5.23953e-07     0.776866 
         700       54.361 -0.000145273  5.16894e-07     0.776879 
         700      54.5873 -0.000145243  5.14771e-07     0.776892 
         700      54.8139 -0.000145214  5.16469e-07     0.776905 
         700      55.0412 -0.000145188  5.20942e-07     0.776919 
         700      55.2688 -0.000145166  5.27214e-07     0.776932 
         700       55.497  -0.00014515  5.34406e-07     0.776946 
         700      55.7255 -0.000145141  5.41712e-07     0.776959 
         700      55.9547 -0.000145139  5.48448e-07     0.776973 
         700      56.1844 -0.000145144  5.54017e-07     0.776986 
         700      56.4143 -0.000145155  5.57938e-07        0.777 
         700      56.6449 -0.000145173  5.59848e-07     0.777014 
         700      56.8757 -0.000145195  5.59497e-07     0.777028 
         700      57.1072 -0.000145222   5.5675e-07     0.777042 
         700       57.339 -0.000145252  5.51596e-07     0.777056 
         700      57.5715 -0.000145284  5.44127e-07      0.77707 
         700      57.8042 -0.000145315  5.34566e-07     0.777085 
         700      58.0376 -0.000145346  5.23218e-07     0.777099 
         700      58.2715 -0.000145373  5.10509e-07     0.777114 
         700      58.5057 -0.000145397  4.96964e-07     0.777128 
         700      58.7405 -0.000145414  4.83159e-07     0.777143 
         700      58.9756 -0.000145424  4.69783e-07     0.777158 
         700      59.2113 -0.000145426  4.57542e-07     0.777173 
         700      59.4473 -0.000145418  4.47223e-07     0.777188 
         700       59.684   -0.0001454  4.39607e-07     0.777203 
         700      59.9212  -0.00014537  4.35505e-07     0.777218 
         700      60.1586 -0.000145328  4.35701e-07     0.777233 
         700      60.3967 -0.000145273  4.40944e-07     0.777249 
         700      60.6351 -0.000145247  4.30158e-07     0.777264 
         700      60.8741 -0.000145268  3.88815e-07      0.77728 
         700      61.1135 -0.000145278  3.47259e-07     0.777296 
         700      61.3534 -0.000145279  3.06738e-07     0.777312 
         700      61.5939 -0.000145273  2.68622e-07     0.777328 
         700      61.8346 -0.000145261  2.34261e-07     0.777344 
         700       62.076 -0.000145246  2.04863e-07      0.77736 
         700      62.3177  -0.00014523  1.81624e-07     0.777376 
         700        62.56 -0.000145213  1.65485e-07     0.777393 
         700      62.8026 -0.000145198   1.5722e-07     0.777409 
         700      63.0459 -0.000145186  1.57263e-07     0.777426 
         700      63.2894 -0.000145178  1.65685e-07     0.777442 
         700      63.5336 -0.000145175  1.82113e-07     0.777459 
         700      63.7783 -0.000145177  2.05611e-07     0.777476 
         700      64.0233 -0.000145184  2.34578e-07     0.777493 
         700      64.2689 -0.000145197  2.66746e-07      0.77751 
         700      64.5148 -0.000145214  2.98898e-07     0.777527 
         700      64.7613 -0.000145234  3.26949e-07     0.777545 
         700      65.0082 -0.000145257  3.45629e-07     0.777562 
         700      65.2557 -0.000145279  3.48512e-07      0.77758 
         700      65.5036 -0.000145299  3.27752e-07     0.777597 
         700      65.7519 -0.000145312  2.74062e-07     0.777615 
         700      66.0008 -0.000145314  1.83877e-07     0.777633 
         700        66.25   -0.0001453  2.61514e-07     0.777651 
         700      66.4998 -0.000145282  3.21571e-07     0.777669 
         700        66.75 -0.000145261  3.66325e-07     0.777687 
         700      67.0007 -0.000145239  3.98028e-07     0.777706 
         700      67.2518 -0.000145216  4.18627e-07     0.777724 
         700      67.5035 -0.000145194  4.29976e-07     0.777742 
         700      67.7557 -0.000145173   4.3371e-07     0.777761 
         700      68.0082 -0.000145153  4.31331e-07     0.777779 
         700      68.2614 -0.000145136  4.24176e-07     0.777798 
         700      68.5148 -0.000145121  4.13454e-07     0.777817 
         700      68.7688 -0.000145108  4.00209e-07     0.777836 
         700      69.0232 -0.000145099  3.85392e-07     0.777855 
         700      69.2782 -0.000145093  3.69789e-07     0.777874 
         700      69.5337 -0.000145091  3.54109e-07     0.777894 
         700      69.7895 -0.000145092  3.38952e-07     0.777913 
         700      70.0459 -0.000145097  3.24783e-07     0.777933 
         700      70.3026 -0.000145106   3.1202e-07     0.777953 
         700        70.56 -0.000145118  3.00953e-07     0.777973 
         700      70.8176 -0.000145134  2.91833e-07     0.777993 
         700      71.0759 -0.000145154  2.84804e-07     0.778014 
         700      71.3347 -0.000145177  2.79969e-07     0.778034 
         700      71.5938 -0.000145204  2.77366e-07     0.778055 
         700      71.8535 -0.000145234  2.76974e-07     0.778076 
         700      72.1135 -0.000145267   2.7873e-07     0.778097 
         700      72.3741 -0.000145305  2.82533e-07     0.778118 
         700       72.635 -0.000145345  2.88238e-07     0.778139 
         700      72.8967 -0.000145389  2.95685e-07     0.778161 
         700      73.1585 -0.000145437   3.0467e-07     0.778182 
         700      73.4211 -0.000145489  3.14994e-07     0.778204 
         700      73.6841 -0.000145544  3.26423e-07     0.778226 
         700      73.9473 -0.000145487  3.26805e-07     0.778247 
         700      74.2113 -0.000145406  3.19812e-07     0.778269 
         700      74.4755 -0.000145338  3.08957e-07     0.778291 
         700      74.7404 -0.000145281  2.94738e-07     0.778314 
         700      75.0056 -0.000145234   2.7767e-07     0.778336 
         700      75.2714 -0.000145198  2.58202e-07     0.778358 
         700      75.5377 -0.000145171  2.36812e-07      0.77838 
         700      75.8043 -0.000145152  2.13966e-07     0.778403 
         700      76.0715 -0.000145141  1.90065e-07     0.778426 
         700       76.339 -0.000145136  1.65573e-07     0.778448 
         700      76.6072 -0.000145137  1.40863e-07     0.778471 
         700      76.8756 -0.000145144  1.16373e-07     0.778494 
         700      77.1448 -0.000145154  9.24494e-08     0.778518 
         700      77.4141 -0.000145168  6.94963e-08     0.778541 
         700      77.6842 -0.000145185   4.7824e-08     0.778564 
         700      77.9547 -0.000145205  2.77737e-08     0.778588 
         700      78.2255 -0.000145225  9.65235e-09     0.778612 
         700       78.497 -0.000145247 -6.31028e-09     0.778636 
         700      78.7687 -0.000145269  -1.9871e-08      0.77866 
         700      79.0411 -0.000145291 -3.08817e-08     0.778684 
         700      79.3138 -0.000145311 -3.92112e-08     0.778708 
         700      79.5872  -0.00014533 -4.48239e-08     0.778733 
         700       79.861 -0.000145347 -4.77384e-08     0.778757 
         700      80.1351  -0.00014536 -4.80678e-08     0.778782 
         700      80.4098 -0.000145369 -4.60224e-08     0.778807 
         700      80.6849 -0.000145372  -4.1926e-08     0.778832 
         700      80.9606 -0.000145369 -3.62176e-08     0.778856 
         700      81.2365 -0.000145357 -2.94912e-08     0.778881 
         700      81.5132 -0.000145335 -2.24777e-08     0.778906 
         700      81.7903 -0.000145301 -1.60981e-08     0.778931 
         700      82.0676 -0.000145253 -1.14633e-08     0.778956 
         700      82.3457 -0.000145187 -9.88552e-09      0.77898 
         700       82.624   -0.0001451 -1.29184e-08     0.779005 
         700       82.903 -0.000144988 -2.23751e-08     0.779029 
         700      83.1822 -0.000144846  -4.0326e-08     0.779053 
         700      83.4622 -0.000144891 -4.07805e-08     0.779076 
         700      83.7424 -0.000145089 -1.46256e-08       0.7791 
         700      84.0232 -0.000145236  1.42899e-08     0.779126 
         700      84.3046 -0.000145339  4.44243e-08     0.779154 
         700      84.5862 -0.000145405  7.42226e-08     0.779184 
         700      84.8685 -0.000145441  1.02194e-07     0.779214 
         700       85.151 -0.000145452  1.26751e-07     0.779246 
         700      85.4342 -0.000145444  1.46385e-07     0.779278 
         700      85.7177 -0.000145422  1.59519e-07      0.77931 
         700      86.0019 -0.000145391  1.64627e-07     0.779343 
         700      86.2865 -0.000145355  1.60152e-07     0.779376 
         700      86.5714 -0.000145318  1.44576e-07     0.779409 
         700       86.857 -0.000145284  1.16348e-07     0.779442 
         700      87.1428 -0.000145256  7.40057e-08     0.779474 
         700      87.4293 -0.000145237  1.59864e-08     0.779507 
         700      87.7161  -0.00014523 -5.90884e-08     0.779539 
         700      88.0035 -0.000145238 -1.52787e-07     0.779571 
         700      88.2914 -0.000145262 -2.66479e-07     0.779603 
         700      88.5796 -0.000145278 -2.64228e-07     0.779633 
         700      88.8685 -0.000145256 -1.33321e-07     0.779662 
         700      89.1576 -0.000145226 -5.31087e-08      0.77969 
         700      89.4474 -0.000145195 -1.17966e-08     0.779717 
         700      89.7374 -0.000145167   5.8566e-10     0.779743 
         700      90.0282 -0.000145148 -7.39435e-09     0.779769 
         700      90.3192 -0.000145138 -2.85653e-08     0.779795 
         700      90.6109  -0.00014514 -5.70621e-08     0.779822 
         700       90.903 -0.000145153 -8.81254e-08     0.779848 
         700      91.1954 -0.000145178 -1.18033e-07     0.779876 
         700      91.4885 -0.000145212 -1.44074e-07     0.779903 
         700      91.7819 -0.000145255 -1.64286e-07     0.779932 
         700      92.0759 -0.000145303 -1.77515e-07     0.779962 
         700      92.3702 -0.000145356  -1.8319e-07     0.779992 
         700      92.6652  -0.00014541 -1.81314e-07     0.780023 
         700      92.9606 -0.000145462 -1.72329e-07     0.780056 
         700      93.2563 -0.000145511 -1.57068e-07     0.780089 
         700      93.5527 -0.000145554 -1.36606e-07     0.780123 
         700      93.8493 -0.000145588 -1.12287e-07     0.780157 
         700      94.1466 -0.000145613 -8.55154e-08     0.780192 
         700      94.4442 -0.000145625 -5.78405e-08     0.780228 
         700      94.7425 -0.000145626 -3.07278e-08     0.780264 
         700       95.041 -0.000145613 -5.66937e-09     0.780301 
         700      95.3402 -0.000145587  1.60374e-08     0.780338 
         700      95.6399 -0.000145548  3.31958e-08     0.780375 
         700      95.9398 -0.000145497  4.48284e-08     0.780411 
         700      96.2404 -0.000145436  5.02273e-08     0.780448 
         700      96.5412 -0.000145365  4.89325e-08     0.780485 
         700      96.8428 -0.000145289  4.07901e-08     0.780521 
         700      97.1446 -0.000145209  2.59803e-08     0.780556 
         700      97.4471 -0.000145128  4.97832e-09     0.780591 
         700      97.7501  -0.00014505 -2.13699e-08     0.780626 
         700      98.0533 -0.000144978 -5.18662e-08     0.780659 
         700      98.3572 -0.000144917 -8.50605e-08     0.780692 
         700      98.6613 -0.000144869 -1.19093e-07     0.780724 
         700      98.9662 -0.000144838 -1.51922e-07     0.780755 
         700      99.2712 -0.000144827  -1.8115e-07     0.780786 
         700       99.577 -0.000144839 -2.04259e-07     0.780816 
         700      99.8833 -0.000144876 -2.18497e-07     0.780845 
         700       100.19 -0.000144939 -2.21029e-07     0.780874 
         700      100.497 -0.000145028 -2.08987e-07     0.780903 
         700      100.804 -0.000145141 -1.79554e-07     0.780931 
         700      101.113 -0.000145276 -1.29969e-07      0.78096 
         700      101.421 -0.000145427 -5.78153e-08      0.78099 
         700       101.73 -0.000145589  3.91975e-08      0.78102 
         700      102.039  -0.00014575  1.62647e-07     0.781052 
         700      102.349 -0.000145874  2.57143e-07     0.781087 
         700       102.66 -0.000145823  7.07544e-08     0.781126 
         700      102.971 -0.000145738 -8.37727e-08     0.781167 
         700      103.282 -0.000145635 -2.04246e-07     0.781208 
         700      103.594 -0.000145525 -2.88793e-07      0.78125 
         700      103.906 -0.000145419 -3.36635e-07     0.781293 
         700      104.219 -0.000145323 -3.47548e-07     0.781338 
         700      104.532 -0.000145244 -3.22175e-07     0.781384 
         700      104.846 -0.000145187 -2.61889e-07     0.781432 
         700       105.16 -0.000145155 -1.68953e-07     0.781482 
         700      105.474 -0.000145152 -4.61635e-08     0.781533 
         700      105.789 -0.000145179  1.02569e-07     0.781586 
         700      106.105 -0.000145238  2.72993e-07     0.781641 
         700      106.421 -0.000145381  2.36684e-07      0.78168 
         700      106.738 -0.000145468  1.50537e-07      0.78171 
         700      107.055 -0.000145493  8.48913e-08     0.781735 
         700      107.372 -0.000145476  3.71299e-08     0.781758 
         700       107.69 -0.000145435  4.49893e-09     0.781779 
         700      108.008 -0.000145384 -1.56039e-08       0.7818 
         700      108.327 -0.000145331 -2.58016e-08      0.78182 
         700      108.646 -0.000145282 -2.85573e-08      0.78184 
         700      108.966 -0.000145243 -2.62099e-08     0.781862 
         700      109.286 -0.000145214 -2.09137e-08     0.781886 
         700      109.607 -0.000145195 -1.46009e-08     0.781911 
         700      109.928 -0.000145187 -8.97839e-09     0.781939 
         700       110.25 -0.000145186 -5.49228e-09      0.78197 
         700      110.572 -0.000145191 -5.30439e-09     0.782003 
         700      110.895 -0.000145198  -9.2939e-09     0.782039 
         700      111.218 -0.000145206 -1.80526e-08     0.782079 
         700      111.541 -0.000145211 -3.18554e-08     0.782122 
         700      111.865 -0.000145212 -5.07213e-08     0.782167 
         700       112.19 -0.000145209 -7.43546e-08     0.782216 
         700      112.515 -0.000145199 -1.02176e-07     0.782268 
         700       112.84 -0.000145183 -1.33428e-07     0.782322 
         700      113.166 -0.000145163 -1.67035e-07     0.782379 
         700      113.492 -0.000145139  -2.0184e-07     0.782438 
         700      113.819 -0.000145114 -2.36425e-07     0.782499 
         700      114.147 -0.000145091 -2.69378e-07     0.782562 
         700      114.474 -0.000145074 -2.99128e-07     0.782626 
         700      114.803 -0.000145065 -3.24211e-07     0.782692 
         700      115.131 -0.000145067  -3.4316e-07     0.782758 
         700       115.46 -0.000145083 -3.54676e-07     0.782825 
         700       115.79 -0.000145116 -3.57711e-07     0.782891 
         700       116.12 -0.000145165 -3.51508e-07     0.782958 
         700      116.451 -0.000145229 -3.35718e-07     0.783024 
         700      116.782 -0.000145304  -3.1054e-07     0.783089 
         700      117.113 -0.000145384 -2.76737e-07     0.783153 
         700      117.446 -0.000145457 -2.35876e-07     0.783216 
         700      117.778 -0.000145509 -1.90424e-07     0.783277 
         700      118.111 -0.000145518 -1.43752e-07     0.783337 
         700      118.444 -0.000145459 -1.00535e-07     0.783394 
         700      118.778 -0.000145297 -6.66277e-08      0.78345 
         700      119.112  -0.00014499 -4.94857e-08     0.783504 
         700      119.447 -0.000144486 -5.81498e-08     0.783556 
         700      119.783 -0.000143724 -1.03562e-07     0.783607 
         700      120.118 -0.000142629 -1.98586e-07     0.783656 
         700      120.455 -0.000141113 -3.58575e-07     0.783703 
         700      120.791  -0.00014204 -4.10801e-07     0.783801 
         700      121.128 -0.000144212 -3.64959e-07     0.783934 
         700      121.466 -0.000145804 -3.25355e-07      0.78407 
         700      121.804 -0.000146901 -2.91696e-07     0.784209 
         700      122.143 -0.000147577 -2.63724e-07      0.78435 
         700      122.482 -0.000147902 -2.41012e-07     0.784491 
         700      122.821 -0.000147939 -2.23135e-07     0.784631 
         700      123.161 -0.000147744 -2.09596e-07     0.784771 
         700      123.502  -0.00014737 -1.99819e-07     0.784908 
         700      123.843 -0.000146863 -1.93227e-07     0.785043 
         700      124.184 -0.000146261 -1.89183e-07     0.785174 
         700      124.526 -0.000145604 -1.87047e-07     0.785301 
         700      124.868 -0.000144919 -1.86154e-07     0.785423 
         700      125.211 -0.000144236 -1.85842e-07      0.78554 
         700      125.554 -0.000143578 -1.85453e-07      0.78565 
         700      125.898 -0.000142962 -1.84343e-07     0.785753 
         700      126.242 -0.000142406 -1.81896e-07     0.785848 
         700      126.587 -0.000141921 -1.77527e-07     0.785935 
         700      126.932 -0.000141519 -1.70707e-07     0.786014 
         700      127.278 -0.000141204 -1.60946e-07     0.786083 
         700      127.624 -0.000140983 -1.47837e-07     0.786142 
         700      127.971 -0.000140857 -1.31061e-07      0.78619 
         700      128.318 -0.000140827 -1.10348e-07     0.786228 
         700      128.665 -0.000140893   -8.559e-08     0.786254 
         700      129.013  -0.00014105 -5.67169e-08     0.786268 
         700      129.361 -0.000141297 -2.38706e-08      0.78627 
         700       129.71 -0.000141628  1.27688e-08     0.786259 
         700       130.06 -0.000142037  5.27611e-08     0.786234 
         700       130.41  -0.00014252  9.56269e-08     0.786196 
         700       130.76 -0.000143069  1.40616e-07     0.786143 
         700      131.111 -0.000143679  1.86785e-07     0.786076 
         700      131.462 -0.000144344    2.331e-07     0.785993 
         700      131.814 -0.000145056  2.78165e-07     0.785895 
         700      132.166 -0.000145814  3.20502e-07     0.785782 
         700      132.519 -0.000146609  3.58252e-07     0.785652 
         700      132.872 -0.000147441  3.89425e-07     0.785505 
         700      133.226 -0.000148306  4.11665e-07     0.785341 
         700       133.58 -0.000149201   4.2236e-07      0.78516 
         700      133.934 -0.000150129  4.18618e-07      0.78496 
         700      134.289 -0.000151005  3.61219e-07     0.784836 
         700      134.645  -0.00015183  2.82562e-07     0.784772 
         700          135 -0.000152569  2.09435e-07     0.784717 
         700      135.357  -0.00015315  1.41944e-07     0.784673 
         700      135.714 -0.000153512  8.03111e-08      0.78464 
         700      136.071 -0.000153609   2.4454e-08     0.784617 
         700      136.429  -0.00015341 -2.56486e-08     0.784605 
         700      136.787 -0.000152898 -7.01158e-08     0.784605 
         700      137.146  -0.00015207  -1.0924e-07     0.784616 
         700      137.505  -0.00015094 -1.43241e-07     0.784638 
         700      137.865 -0.000149529 -1.72504e-07     0.784671 
         700      138.225 -0.000147877 -1.97356e-07     0.784715 
         700      138.586 -0.000146032 -2.18242e-07      0.78477 
         700      138.947 -0.000144052 -2.35569e-07     0.784836 
         700      139.309 -0.000142008  -2.4977e-07     0.784912 
         700      139.671 -0.000139972 -2.61317e-07     0.784999 
         700      140.033 -0.000138028 -2.70636e-07     0.785094 
         700      140.397 -0.000136257 -2.78178e-07     0.785199 
         700       140.76 -0.000134745 -2.84346e-07     0.785313 
         700      141.124 -0.000133574 -2.89538e-07     0.785434 
         700      141.488 -0.000132823 -2.94104e-07     0.785564 
         700      141.853 -0.000132561 -2.98353e-07       0.7857 
         700      142.219 -0.000132848 -3.02555e-07     0.785842 
         700      142.584 -0.000133727  -3.0691e-07      0.78599 
         700      142.951 -0.000135223 -3.11568e-07     0.786143 
         700      143.317 -0.000137338 -3.16597e-07       0.7863 
         700      143.685 -0.000140046 -3.22004e-07      0.78646 
         700      144.052 -0.000143286 -3.27698e-07     0.786622 
         700      144.421 -0.000146965 -3.33518e-07     0.786787 
         700      144.789 -0.000150941 -3.39198e-07     0.786952 
         700      145.158 -0.000155022 -3.44373e-07     0.787117 
         700      145.528 -0.000158968 -3.48591e-07     0.787281 
         700      145.898 -0.000162468 -3.51276e-07     0.787444 
         700      146.269 -0.000165152 -3.51753e-07     0.787604 
         700       146.64 -0.000166566 -3.49229e-07      0.78776 
         700      147.011 -0.000166177 -3.42788e-07     0.787912 
         700      147.383 -0.000163359 -3.31396e-07     0.788058 
         700      147.755 -0.000157391 -3.13914e-07     0.788199 
         700      148.128 -0.000147433 -2.89031e-07     0.788332 
         700      148.502  -0.00013255 -2.55378e-07     0.788457 
         700      148.876 -0.000111643 -2.11364e-07     0.788574 
         700       149.25 -8.35346e-05 -1.55389e-07     0.788681 
         700      149.625 -4.68194e-05 -8.55658e-08     0.788778 
         700          150            0            0     0.788864 
