Variables = x, y, u, v, p

Zone, I=800, F=POINT
         -25            0  3.48775e-20 -8.54884e-24     -64.3431 
         -25     0.000234  1.72757e-06 -4.24713e-10     -64.3431 
         -25     0.000939  6.50561e-06 -1.61399e-09     -64.3431 
         -25     0.002113  1.31597e-05 -3.31583e-09     -64.3431 
         -25     0.003759  2.01375e-05  -5.1884e-09     -64.3431 
         -25     0.005872  2.58971e-05   -6.869e-09     -64.3431 
         -25     0.008457  2.94228e-05 -8.07932e-09     -64.3431 
         -25      0.01151  3.04763e-05 -8.67271e-09     -64.3431 
         -25     0.015036  2.96898e-05 -8.66394e-09     -64.3431 
         -25     0.019031   2.8325e-05 -8.19243e-09     -64.3431 
         -25     0.023493  2.77853e-05 -7.44305e-09     -64.3431 
         -25     0.028429  2.90128e-05  -6.5352e-09     -64.3431 
         -25     0.033831  3.20013e-05 -5.43108e-09     -64.3431 
         -25     0.039706  3.57085e-05 -3.89061e-09     -64.3431 
         -25     0.046047  3.85575e-05 -1.53216e-09     -64.3431 
         -25     0.052863  3.95704e-05  2.02842e-09     -64.3431 
         -25      0.06015   3.9621e-05  7.00147e-09     -64.3431 
         -25       0.0679  4.15839e-05  1.34489e-08     -64.3431 
         -25     0.076126  4.68231e-05  2.19526e-08     -64.3431 
         -25     0.084816  4.67316e-05  3.47422e-08     -64.3431 
         -25     0.093982  4.97638e-05  4.95212e-08     -64.3431 
         -25     0.103611   5.2245e-05  6.84197e-08     -64.3431 
         -25     0.113718  5.44054e-05   9.1938e-08     -64.3431 
         -25     0.124286  5.64027e-05  1.20549e-07     -64.3431 
         -25     0.135333  5.83287e-05  1.54855e-07     -64.3431 
         -25      0.14685  6.02016e-05  1.95417e-07     -64.3431 
         -25     0.158827  6.19891e-05  2.42795e-07      -64.343 
         -25     0.171284  6.36409e-05  2.97669e-07      -64.343 
         -25     0.184201  6.51131e-05  3.60526e-07      -64.343 
         -25     0.197599  6.64085e-05  4.32003e-07      -64.343 
         -25     0.211455  6.75765e-05  5.12445e-07      -64.343 
         -25     0.225792  6.86883e-05  6.02388e-07      -64.343 
         -25       0.2406  6.97204e-05  7.02132e-07      -64.343 
         -25     0.255865  7.05117e-05  8.12417e-07      -64.343 
         -25     0.271613   7.1275e-05  9.33263e-07      -64.343 
         -25     0.287818  7.19381e-05  1.06356e-06      -64.343 
         -25     0.304506  7.25153e-05   1.2034e-06      -64.343 
         -25      0.32165  7.30183e-05  1.35207e-06      -64.343 
         -25     0.339278  7.34593e-05  1.50902e-06      -64.343 
         -25     0.357377  7.38481e-05  1.67316e-06      -64.343 
         -25      0.37593  7.41934e-05  1.84331e-06      -64.343 
         -25     0.394968  7.45028e-05  2.01884e-06      -64.343 
         -25     0.414461  7.47813e-05  2.19885e-06      -64.343 
         -25      0.43444  7.50334e-05  2.38344e-06      -64.343 
         -25     0.454872   7.5261e-05  2.57271e-06      -64.343 
         -25     0.475791  7.54652e-05  2.76806e-06      -64.343 
         -25     0.497163  7.56452e-05  2.97089e-06      -64.343 
         -25     0.519021  7.57993e-05  3.18374e-06     -64.3429 
         -25      0.54135  7.59238e-05  3.40889e-06     -64.3429 
         -25     0.564131  7.60135e-05  3.64812e-06     -64.3429 
         -25       0.5874  7.60605e-05  3.90248e-06     -64.3429 
         -25     0.611121  7.60539e-05   4.1688e-06     -64.3429 
         -25      0.63533  7.59949e-05  4.42766e-06     -64.3429 
         -25      0.65999  7.58715e-05  4.67975e-06     -64.3429 
         -25     0.685139  7.56685e-05  4.92747e-06     -64.3429 
         -25     0.710759  7.53727e-05  5.17204e-06     -64.3429 
         -25     0.736828  7.49735e-05  5.41407e-06     -64.3428 
         -25     0.763387  7.44612e-05  5.65415e-06     -64.3428 
         -25     0.790396  7.38297e-05  5.89162e-06     -64.3428 
         -25     0.817896  7.30734e-05  6.12609e-06     -64.3428 
         -25     0.845843  7.21912e-05  6.35609e-06     -64.3428 
         -25     0.874283  7.11815e-05  6.58062e-06     -64.3427 
         -25      0.90317  7.00479e-05  6.79783e-06     -64.3427 
         -25     0.932551  6.87925e-05  7.00656e-06     -64.3427 
         -25     0.962401   6.7422e-05  7.20524e-06     -64.3427 
         -25     0.992697  6.59449e-05  7.39263e-06     -64.3427 
         -25      1.02349  6.43678e-05  7.56831e-06     -64.3426 
         -25      1.05472  6.27032e-05  7.73177e-06     -64.3426 
         -25      1.08645  6.09591e-05  7.88362e-06     -64.3426 
         -25      1.11863    5.915e-05  8.02458e-06     -64.3425 
         -25       1.1513  5.72849e-05  8.15645e-06     -64.3425 
         -25      1.18444  5.53774e-05  8.28118e-06     -64.3425 
         -25      1.21802  5.34412e-05  8.40109e-06     -64.3425 
         -25      1.25211  5.14856e-05  8.51885e-06     -64.3424 
         -25      1.28663  4.95262e-05  8.63634e-06     -64.3424 
         -25      1.32165  4.75723e-05  8.75485e-06     -64.3423 
         -25      1.35712  4.56406e-05  8.87356e-06     -64.3423 
         -25      1.39308  4.37428e-05  8.98923e-06     -64.3423 
         -25      1.42951  4.18973e-05   9.0943e-06     -64.3422 
         -25      1.46638  4.01261e-05  9.17559e-06     -64.3422 
         -25      1.50375  3.84521e-05  9.21253e-06     -64.3421 
         -25      1.54156  3.63313e-05  9.23963e-06     -64.3421 
         -25      1.57987   3.4584e-05   9.3032e-06      -64.342 
         -25      1.61863   3.3189e-05  9.39131e-06      -64.342 
         -25      1.65788  3.20691e-05  9.49343e-06     -64.3419 
         -25      1.69757  3.11572e-05  9.59963e-06     -64.3419 
         -25      1.73776   3.0389e-05  9.70131e-06     -64.3418 
         -25      1.77842   2.9709e-05  9.79065e-06     -64.3418 
         -25      1.81952  2.90679e-05  9.86092e-06     -64.3417 
         -25      1.86113  2.84219e-05   9.9067e-06     -64.3416 
         -25      1.90316   2.7736e-05   9.9235e-06     -64.3416 
         -25      1.94571    2.698e-05  9.90807e-06     -64.3415 
         -25      1.98869  2.61331e-05  9.85831e-06     -64.3414 
         -25      2.03217  2.51782e-05  9.77315e-06     -64.3414 
         -25      2.07612  2.41071e-05  9.65275e-06     -64.3413 
         -25      2.12051  2.29179e-05  9.49844e-06     -64.3412 
         -25       2.1654  2.16117e-05  9.31223e-06     -64.3412 
         -25      2.21073   2.0199e-05  9.09763e-06     -64.3411 
         -25      2.25656  1.86908e-05  8.85842e-06      -64.341 
         -25      2.30283  1.71071e-05  8.59992e-06     -64.3409 
         -25       2.3496  1.54667e-05  8.32742e-06     -64.3408 
         -25      2.39685   1.3795e-05  8.04741e-06     -64.3407 
         -25      2.44452  1.21199e-05  7.76693e-06     -64.3406 
         -25      2.49271  1.04665e-05  7.49272e-06     -64.3405 
         -25      2.54132  8.86577e-06  7.23259e-06     -64.3404 
         -25      2.59044  7.34339e-06  6.99364e-06     -64.3403 
         -25         2.64   5.9287e-06  6.78366e-06     -64.3402 
         -25      2.69006  4.64446e-06  6.60948e-06     -64.3401 
         -25      2.74056  3.51475e-06  6.47813e-06       -64.34 
         -25      2.79156  2.55622e-06  6.39559e-06     -64.3399 
         -25      2.84304  1.78379e-06  6.36737e-06     -64.3398 
         -25      2.89494   1.2067e-06  6.39788e-06     -64.3397 
         -25      2.94735  8.27173e-07  6.49051e-06     -64.3395 
         -25       3.0002  6.42832e-07  6.64713e-06     -64.3394 
         -25      3.05355  6.43939e-07  6.86855e-06     -64.3393 
         -25      3.10733  8.14534e-07  7.15339e-06     -64.3391 
         -25      3.16163  1.13251e-06  7.49928e-06      -64.339 
         -25      3.21639  1.56937e-06  7.90134e-06     -64.3389 
         -25      3.27158  2.09094e-06   8.3525e-06     -64.3387 
         -25      3.32729  2.66006e-06  8.84477e-06     -64.3386 
         -25      3.38342  3.23509e-06  9.36656e-06     -64.3384 
         -25      3.44007  3.77518e-06  9.90576e-06     -64.3383 
         -25      3.49714   4.2393e-06  1.04466e-05     -64.3381 
         -25      3.55472  4.59241e-06  1.09729e-05     -64.3379 
         -25      3.61273  4.80624e-06  1.14651e-05     -64.3378 
         -25      3.67125   4.8658e-06  1.19037e-05     -64.3376 
         -25      3.73025  4.77294e-06  1.22664e-05     -64.3374 
         -25      3.78967   5.0108e-06  1.25784e-05     -64.3372 
         -25      3.84961  5.42419e-06  1.29189e-05      -64.337 
         -25      3.90996  5.79175e-06  1.32753e-05     -64.3368 
         -25      3.97084  6.11327e-06  1.36366e-05     -64.3367 
         -25      4.03214  6.38971e-06   1.3992e-05     -64.3365 
         -25      4.09395   6.6248e-06  1.43322e-05     -64.3363 
         -25      4.15624  6.82286e-06  1.46487e-05      -64.336 
         -25      4.21895   6.9891e-06  1.49341e-05     -64.3358 
         -25      4.28217  7.12939e-06  1.51832e-05     -64.3356 
         -25      4.34582  7.24897e-06  1.53917e-05     -64.3354 
         -25      4.40998  7.35297e-06  1.55575e-05     -64.3352 
         -25      4.47457  7.44527e-06  1.56798e-05     -64.3349 
         -25      4.53968  7.52898e-06  1.57599e-05     -64.3347 
         -25      4.60525   7.6057e-06  1.58009e-05     -64.3344 
         -25      4.67125  7.67572e-06  1.58076e-05     -64.3342 
         -25      4.73777  7.73825e-06  1.57867e-05     -64.3339 
         -25       4.8047  7.79126e-06  1.57465e-05     -64.3337 
         -25      4.87216  7.83225e-06  1.56966e-05     -64.3334 
         -25      4.94003  7.85848e-06  1.56481e-05     -64.3332 
         -25      5.00843  7.86802e-06   1.5613e-05     -64.3329 
         -25      5.07724  7.86059e-06  1.56037e-05     -64.3326 
         -25      5.14658  7.83889e-06   1.5633e-05     -64.3323 
         -25      5.21639  7.81017e-06  1.57132e-05      -64.332 
         -25      5.28661  7.78812e-06  1.58553e-05     -64.3317 
         -25      5.35736  7.79502e-06  1.60691e-05     -64.3314 
         -25      5.42852  7.77647e-06  1.61762e-05     -64.3311 
         -25      5.50021  7.74365e-06  1.59151e-05     -64.3308 
         -25      5.57231  7.85349e-06  1.53026e-05     -64.3305 
         -25      5.64493  8.03455e-06  1.50848e-05     -64.3301 
         -25      5.71803  8.13447e-06  1.56298e-05     -64.3298 
         -25      5.79154  8.26223e-06  1.58112e-05     -64.3295 
         -25      5.86558  8.40757e-06  1.57512e-05     -64.3291 
         -25      5.94003  8.56185e-06  1.55435e-05     -64.3287 
         -25      6.01501  8.71872e-06  1.52563e-05     -64.3284 
         -25       6.0904  8.87291e-06  1.49373e-05      -64.328 
         -25      6.16632  9.02103e-06  1.46152e-05     -64.3276 
         -25      6.24271  9.16046e-06  1.43048e-05     -64.3273 
         -25       6.3195  9.28985e-06  1.40127e-05     -64.3269 
         -25      6.39683  9.41568e-06  1.37343e-05     -64.3265 
         -25      6.47457  9.53769e-06  1.34514e-05     -64.3261 
         -25      6.55284  9.65409e-06  1.31493e-05     -64.3257 
         -25      6.63152  9.76377e-06  1.28187e-05     -64.3252 
         -25      6.71073  9.86688e-06  1.24552e-05     -64.3248 
         -25      6.79034  9.96395e-06  1.20631e-05     -64.3244 
         -25      6.87049  1.00563e-05  1.16532e-05     -64.3239 
         -25      6.95111  1.01452e-05  1.12443e-05     -64.3235 
         -25      7.03214  1.02316e-05  1.08608e-05      -64.323 
         -25       7.1137  1.03161e-05   1.0529e-05     -64.3226 
         -25      7.19566  1.03979e-05  1.02748e-05     -64.3221 
         -25      7.27816  1.04744e-05  1.01162e-05     -64.3216 
         -25      7.36106  1.05405e-05  1.00577e-05     -64.3211 
         -25      7.44451  1.05876e-05  1.00804e-05     -64.3206 
         -25      7.52842  1.06031e-05  1.01314e-05     -64.3201 
         -25      7.61273  1.05687e-05   1.0111e-05     -64.3196 
         -25      7.69758    1.046e-05  9.85717e-06     -64.3191 
         -25      7.78283  1.02446e-05  9.12894e-06     -64.3185 
         -25      7.86862  1.05098e-05  8.58603e-06      -64.318 
         -25      7.95481  1.11302e-05  9.15602e-06     -64.3174 
         -25      8.04155  1.12688e-05  9.92528e-06     -64.3169 
         -25      8.12868  1.10573e-05  1.01749e-05     -64.3163 
         -25      8.21635   1.0815e-05  9.55391e-06     -64.3157 
         -25      8.30449  1.06594e-05  9.16732e-06     -64.3151 
         -25      8.39303  1.05704e-05  8.98216e-06     -64.3146 
         -25      8.48211  1.05297e-05  8.96385e-06     -64.3139 
         -25      8.57159  1.05209e-05  9.07769e-06     -64.3133 
         -25      8.66161  1.05304e-05   9.2894e-06     -64.3127 
         -25      8.75203   1.0547e-05   9.5653e-06     -64.3121 
         -25      8.84299  1.05876e-05   9.4036e-06     -64.3114 
         -25      8.93443  1.06248e-05  9.03719e-06     -64.3108 
         -25      9.02626  1.06553e-05  8.71043e-06     -64.3101 
         -25      9.11863  1.06888e-05  8.43517e-06     -64.3094 
         -25      9.21139  1.07327e-05   8.2186e-06     -64.3088 
         -25      9.30471  1.07922e-05  8.06217e-06     -64.3081 
         -25      9.39841  1.08706e-05  7.96359e-06     -64.3074 
         -25      9.49267  1.09694e-05  7.91658e-06     -64.3066 
         -25      9.58739  1.10888e-05  7.91221e-06     -64.3059 
         -25      9.68251  1.12275e-05  7.93928e-06     -64.3052 
         -25      9.77817  1.13835e-05  7.98534e-06     -64.3044 
         -25      9.87422  1.15537e-05  8.03723e-06     -64.3037 
         -25      9.97083  1.17346e-05   8.0822e-06     -64.3029 
         -25      10.0678  1.19221e-05  8.10843e-06     -64.3021 
         -25      10.1654  1.21123e-05   8.1061e-06     -64.3013 
         -25      10.2633  1.23005e-05  8.06814e-06     -64.3005 
         -25      10.3618  1.24828e-05  7.99103e-06     -64.2997 
         -25      10.4607  1.26551e-05   7.8758e-06     -64.2989 
         -25      10.5601  1.28133e-05    7.729e-06     -64.2981 
         -25        10.66  1.29542e-05  7.56298e-06     -64.2972 
         -25      10.7603  1.30745e-05  7.39772e-06     -64.2964 
         -25      10.8611  1.31714e-05  7.26058e-06     -64.2955 
         -25      10.9623  1.32422e-05  7.18817e-06     -64.2946 
         -25      11.0641  1.32846e-05  7.22638e-06     -64.2937 
         -25      11.1663  1.34082e-05  7.33218e-06     -64.2928 
         -25       11.269  1.35529e-05  7.27115e-06     -64.2919 
         -25      11.3721  1.35407e-05  7.16472e-06     -64.2909 
         -25      11.4757  1.34562e-05  7.05132e-06       -64.29 
         -25      11.5798  1.33587e-05  6.95777e-06      -64.289 
         -25      11.6844  1.32863e-05  6.90073e-06     -64.2881 
         -25      11.7894  1.32577e-05  6.88698e-06     -64.2871 
         -25       11.895  1.32762e-05  6.91458e-06     -64.2861 
         -25      12.0009  1.33324e-05  6.97338e-06     -64.2851 
         -25      12.1073  1.34076e-05  7.04599e-06     -64.2841 
         -25      12.2142  1.34765e-05  7.10824e-06      -64.283 
         -25      12.3216  1.35109e-05  7.13012e-06      -64.282 
         -25      12.4294  1.34827e-05  7.07618e-06     -64.2809 
         -25      12.5378  1.33666e-05  6.90607e-06     -64.2798 
         -25      12.6465  1.31441e-05  6.57549e-06     -64.2787 
         -25      12.7558  1.31026e-05  6.31959e-06     -64.2776 
         -25      12.8656  1.35243e-05  6.49523e-06     -64.2765 
         -25      12.9757  1.38327e-05  6.59885e-06     -64.2754 
         -25      13.0864  1.40437e-05  6.63419e-06     -64.2743 
         -25      13.1975  1.41739e-05  6.60778e-06     -64.2731 
         -25      13.3092  1.42416e-05  6.52885e-06     -64.2719 
         -25      13.4212   1.4265e-05   6.4091e-06     -64.2707 
         -25      13.5338  1.42622e-05  6.26169e-06     -64.2695 
         -25      13.6468   1.4251e-05  6.10125e-06     -64.2683 
         -25      13.7603  1.42481e-05  5.94288e-06     -64.2671 
         -25      13.8743  1.42692e-05  5.80086e-06     -64.2658 
         -25      13.9886  1.43294e-05  5.68848e-06     -64.2646 
         -25      14.1036   1.4443e-05  5.61607e-06     -64.2633 
         -25      14.2189  1.46242e-05  5.59037e-06      -64.262 
         -25      14.3348  1.48881e-05   5.6126e-06     -64.2607 
         -25       14.451  1.52504e-05  5.67702e-06     -64.2594 
         -25      14.5678  1.57308e-05  5.76923e-06     -64.2581 
         -25      14.6851  1.55781e-05  5.75964e-06     -64.2567 
         -25      14.8028  1.52747e-05  5.68951e-06     -64.2553 
         -25       14.921  1.50862e-05  5.61638e-06      -64.254 
         -25      15.0396  1.49845e-05  5.55493e-06     -64.2526 
         -25      15.1588  1.49456e-05  5.51363e-06     -64.2511 
         -25      15.2783  1.49501e-05  5.49615e-06     -64.2497 
         -25      15.3984  1.49818e-05  5.50211e-06     -64.2483 
         -25       15.519  1.50284e-05  5.52824e-06     -64.2468 
         -25        15.64  1.50803e-05  5.56909e-06     -64.2453 
         -25      15.7615  1.51308e-05  5.61814e-06     -64.2438 
         -25      15.8834  1.51752e-05   5.6683e-06     -64.2423 
         -25      16.0058  1.52113e-05  5.71292e-06     -64.2408 
         -25      16.1286  1.52379e-05   5.7461e-06     -64.2393 
         -25       16.252  1.52556e-05  5.76351e-06     -64.2377 
         -25      16.3759  1.52654e-05  5.76258e-06     -64.2361 
         -25      16.5002  1.52693e-05  5.74294e-06     -64.2345 
         -25       16.625  1.52695e-05  5.70655e-06     -64.2329 
         -25      16.7501  1.52681e-05  5.65781e-06     -64.2313 
         -25      16.8759  1.52671e-05  5.60328e-06     -64.2296 
         -25       17.002  1.52679e-05  5.55173e-06      -64.228 
         -25      17.1287  1.52711e-05  5.51334e-06     -64.2263 
         -25      17.2557  1.52764e-05   5.4994e-06     -64.2246 
         -25      17.3834  1.52824e-05   5.5213e-06     -64.2229 
         -25      17.5115  1.52862e-05  5.58963e-06     -64.2211 
         -25      17.6399  1.52839e-05  5.71272e-06     -64.2194 
         -25       17.769  1.52697e-05  5.89562e-06     -64.2176 
         -25      17.8984  1.53129e-05   5.9572e-06     -64.2158 
         -25      18.0284  1.54033e-05  5.87711e-06      -64.214 
         -25      18.1587  1.54688e-05  5.83018e-06     -64.2122 
         -25      18.2896  1.55105e-05  5.82172e-06     -64.2104 
         -25       18.421  1.55263e-05  5.84355e-06     -64.2085 
         -25      18.5528  1.55104e-05  5.86925e-06     -64.2066 
         -25      18.6851  1.54511e-05  5.84901e-06     -64.2047 
         -25      18.8178  1.53293e-05  5.70383e-06     -64.2028 
         -25      18.9511  1.54743e-05  5.76834e-06     -64.2009 
         -25      19.0847  1.56154e-05  5.87208e-06     -64.1989 
         -25      19.2189   1.5662e-05  5.92261e-06     -64.1969 
         -25      19.3535  1.56626e-05  5.96939e-06      -64.195 
         -25      19.4886  1.56591e-05  6.05433e-06     -64.1929 
         -25      19.6242  1.56624e-05  6.10194e-06     -64.1909 
         -25      19.7602  1.56483e-05  5.97306e-06     -64.1889 
         -25      19.8968  1.56423e-05  5.84555e-06     -64.1868 
         -25      20.0337  1.56381e-05   5.7339e-06     -64.1847 
         -25      20.1712  1.56331e-05  5.64694e-06     -64.1826 
         -25      20.3091  1.56278e-05  5.58919e-06     -64.1805 
         -25      20.4475  1.56242e-05   5.5611e-06     -64.1783 
         -25      20.5864  1.56257e-05  5.56015e-06     -64.1762 
         -25      20.7257  1.56359e-05  5.58125e-06      -64.174 
         -25      20.8655  1.56582e-05  5.61761e-06     -64.1718 
         -25      21.0058  1.56952e-05  5.66126e-06     -64.1696 
         -25      21.1465  1.57482e-05  5.70383e-06     -64.1673 
         -25      21.2877  1.58168e-05  5.73695e-06      -64.165 
         -25      21.4294  1.58992e-05  5.75305e-06     -64.1628 
         -25      21.5716  1.59916e-05  5.74567e-06     -64.1604 
         -25      21.7142  1.60884e-05  5.71014e-06     -64.1581 
         -25      21.8573  1.61829e-05  5.64382e-06     -64.1558 
         -25      22.0008  1.62673e-05  5.54681e-06     -64.1534 
         -25      22.1449  1.63335e-05  5.42182e-06      -64.151 
         -25      22.2893  1.63738e-05   5.2751e-06     -64.1486 
         -25      22.4344   1.6382e-05  5.11587e-06     -64.1462 
         -25      22.5797  1.63546e-05  4.95741e-06     -64.1437 
         -25      22.7257  1.62922e-05  4.81615e-06     -64.1413 
         -25      22.8721  1.62015e-05  4.71257e-06     -64.1388 
         -25      23.0189   1.6097e-05  4.67065e-06     -64.1362 
         -25      23.1663   1.6003e-05  4.71772e-06     -64.1337 
         -25       23.314  1.59565e-05  4.88424e-06     -64.1312 
         -25      23.4623  1.60101e-05  5.20392e-06     -64.1286 
         -25       23.611  1.62344e-05  5.71201e-06      -64.126 
         -25      23.7602  1.62061e-05  5.83313e-06     -64.1234 
         -25        23.91  1.58444e-05  5.36802e-06     -64.1207 
         -25        24.06  1.56867e-05  5.00523e-06     -64.1181 
         -25      24.2107  1.56663e-05  4.73471e-06     -64.1154 
         -25      24.3617  1.57303e-05  4.54645e-06     -64.1127 
         -25      24.5133  1.58386e-05  4.42903e-06     -64.1099 
         -25      24.6653   1.5961e-05  4.37126e-06     -64.1072 
         -25      24.8178  1.60774e-05   4.3616e-06     -64.1044 
         -25      24.9708  1.61744e-05    4.389e-06     -64.1016 
         -25      25.1242  1.62453e-05  4.44279e-06     -64.0988 
         -25      25.2781  1.62883e-05  4.51324e-06      -64.096 
         -25      25.4324  1.63051e-05  4.59142e-06     -64.0931 
         -25      25.5873  1.63001e-05  4.66981e-06     -64.0902 
         -25      25.7426  1.62789e-05  4.74193e-06     -64.0873 
         -25      25.8984   1.6248e-05  4.80299e-06     -64.0844 
         -25      26.0546  1.62133e-05  4.84948e-06     -64.0815 
         -25      26.2114  1.61801e-05   4.8796e-06     -64.0785 
         -25      26.3686  1.61521e-05  4.89295e-06     -64.0755 
         -25      26.5262  1.61313e-05  4.89068e-06     -64.0725 
         -25      26.6844  1.61177e-05  4.87529e-06     -64.0695 
         -25      26.8429  1.61095e-05  4.85054e-06     -64.0664 
         -25       27.002  1.61029e-05  4.82116e-06     -64.0633 
         -25      27.1615  1.60927e-05  4.79271e-06     -64.0602 
         -25      27.3216  1.60731e-05  4.77112e-06     -64.0571 
         -25      27.4821  1.60379e-05  4.76244e-06     -64.0539 
         -25       27.643  1.59825e-05  4.77231e-06     -64.0508 
         -25      27.8044  1.59041e-05  4.80546e-06     -64.0476 
         -25      27.9663  1.58042e-05  4.86508e-06     -64.0444 
         -25      28.1287  1.56899e-05  4.95232e-06     -64.0411 
         -25      28.2914  1.55766e-05   5.0652e-06     -64.0379 
         -25      28.4548  1.54895e-05   5.1983e-06     -64.0346 
         -25      28.6185  1.54674e-05  5.34113e-06     -64.0313 
         -25      28.7828  1.55462e-05  5.35795e-06      -64.028 
         -25      28.9475  1.55785e-05  4.80644e-06     -64.0246 
         -25      29.1126  1.55055e-05  3.69376e-06     -64.0212 
         -25      29.2784  1.54742e-05  4.50134e-06     -64.0178 
         -25      29.4444  1.51753e-05  5.10985e-06     -64.0144 
         -25       29.611  1.50049e-05  5.31709e-06      -64.011 
         -25       29.778  1.50133e-05  5.44064e-06     -64.0075 
         -25      29.9456   1.5053e-05   5.4804e-06      -64.004 
         -25      30.1137  1.51214e-05  5.44903e-06     -64.0005 
         -25      30.2821  1.52138e-05   5.3613e-06      -63.997 
         -25      30.4511   1.5324e-05  5.23274e-06     -63.9934 
         -25      30.6204  1.54451e-05  5.07939e-06     -63.9898 
         -25      30.7903  1.55696e-05  4.91629e-06     -63.9862 
         -25      30.9606  1.56901e-05  4.75779e-06     -63.9826 
         -25      31.1315  1.57999e-05  4.61595e-06     -63.9789 
         -25      31.3028  1.58926e-05  4.50101e-06     -63.9753 
         -25      31.4745  1.59633e-05  4.42058e-06     -63.9716 
         -25      31.6468  1.60084e-05  4.37925e-06     -63.9679 
         -25      31.8194  1.60258e-05  4.37892e-06     -63.9641 
         -25      31.9926  1.60148e-05  4.41849e-06     -63.9604 
         -25      32.1662  1.59768e-05  4.49406e-06     -63.9566 
         -25      32.3404  1.59145e-05  4.59942e-06     -63.9528 
         -25      32.5149  1.58325e-05  4.72609e-06     -63.9489 
         -25        32.69  1.57363e-05  4.86448e-06     -63.9451 
         -25      32.8655  1.56329e-05  5.00406e-06     -63.9412 
         -25      33.0414  1.55299e-05  5.13454e-06     -63.9373 
         -25       33.218   1.5435e-05  5.24739e-06     -63.9334 
         -25      33.3948  1.53558e-05  5.33638e-06     -63.9294 
         -25      33.5723  1.52987e-05  5.39985e-06     -63.9255 
         -25        33.75  1.52687e-05  5.44185e-06     -63.9215 
         -25      33.9284  1.52677e-05  5.47455e-06     -63.9174 
         -25      34.1073  1.52944e-05  5.52011e-06     -63.9134 
         -25      34.2865  1.53423e-05  5.61318e-06     -63.9093 
         -25      34.4663  1.52946e-05  5.64977e-06     -63.9053 
         -25      34.6465   1.5038e-05  5.26398e-06     -63.9012 
         -25      34.8272  1.50439e-05  5.07595e-06      -63.897 
         -25      35.0083  1.51892e-05  5.00748e-06     -63.8929 
         -25        35.19  1.53829e-05  4.99982e-06     -63.8887 
         -25      35.3721  1.55622e-05  5.01156e-06     -63.8845 
         -25      35.5546  1.56888e-05  5.01575e-06     -63.8803 
         -25      35.7377   1.5745e-05  4.99737e-06      -63.876 
         -25      35.9211   1.5729e-05  4.95099e-06     -63.8718 
         -25      36.1052  1.56521e-05  4.87831e-06     -63.8675 
         -25      36.2895  1.55339e-05  4.78633e-06     -63.8632 
         -25      36.4745  1.53988e-05  4.68501e-06     -63.8588 
         -25      36.6598  1.52728e-05    4.586e-06     -63.8545 
         -25      36.8457  1.51785e-05  4.50051e-06     -63.8501 
         -25      37.0321  1.51331e-05  4.43845e-06     -63.8457 
         -25      37.2188  1.51437e-05  4.40699e-06     -63.8413 
         -25      37.4062  1.52043e-05  4.40962e-06     -63.8368 
         -25      37.5938  1.52925e-05  4.44562e-06     -63.8324 
         -25      37.7821  1.53663e-05  4.50964e-06     -63.8279 
         -25      37.9707  1.53609e-05  4.59136e-06     -63.8234 
         -25      38.1599   1.5186e-05  4.67604e-06     -63.8188 
         -25      38.3496  1.47226e-05  4.74448e-06     -63.8143 
         -25      38.5396  1.42011e-05  4.73371e-06     -63.8097 
         -25      38.7302  1.41653e-05  4.68608e-06     -63.8051 
         -25      38.9211  1.42697e-05  4.69017e-06     -63.8005 
         -25      39.1127   1.4473e-05  4.74491e-06     -63.7958 
         -25      39.3046  1.47329e-05  4.84046e-06     -63.7912 
         -25      39.4971  1.50084e-05   4.9596e-06     -63.7865 
         -25      39.6899  1.52583e-05  5.07836e-06     -63.7818 
         -25      39.8833  1.54436e-05  5.16793e-06     -63.7771 
         -25      40.0772  1.55265e-05  5.19547e-06     -63.7723 
         -25      40.2714   1.5472e-05  5.12612e-06     -63.7675 
         -25      40.4663   1.5248e-05  4.92426e-06     -63.7627 
         -25      40.6615  1.48261e-05  4.55603e-06     -63.7579 
         -25      40.8573  1.41814e-05  3.98978e-06     -63.7531 
         -25      41.0534  1.37412e-05  3.90561e-06     -63.7482 
         -25      41.2501  1.38083e-05  4.56359e-06     -63.7434 
         -25      41.4473  1.38452e-05  5.04245e-06     -63.7385 
         -25      41.6448  1.38582e-05  5.37259e-06     -63.7336 
         -25      41.8429  1.38529e-05  5.58215e-06     -63.7286 
         -25      42.0414  1.38345e-05  5.69558e-06     -63.7237 
         -25      42.2405  1.38075e-05  5.73512e-06     -63.7187 
         -25      42.4399  1.37761e-05  5.72013e-06     -63.7137 
         -25      42.6399  1.37438e-05  5.66757e-06     -63.7087 
         -25      42.8404  1.37136e-05  5.59207e-06     -63.7036 
         -25      43.0412   1.3688e-05  5.50608e-06     -63.6986 
         -25      43.2426  1.36688e-05  5.41974e-06     -63.6935 
         -25      43.4444  1.36576e-05  5.34147e-06     -63.6884 
         -25      43.6467  1.36553e-05  5.27759e-06     -63.6832 
         -25      43.8494  1.36622e-05  5.23291e-06     -63.6781 
         -25      44.0527  1.36783e-05  5.21048e-06     -63.6729 
         -25      44.2563  1.37033e-05  5.21197e-06     -63.6678 
         -25      44.4606  1.37363e-05   5.2377e-06     -63.6626 
         -25      44.6653  1.37761e-05  5.28678e-06     -63.6574 
         -25      44.8704  1.38212e-05  5.35715e-06     -63.6521 
         -25       45.076    1.387e-05    5.446e-06     -63.6469 
         -25       45.282  1.39205e-05  5.54943e-06     -63.6416 
         -25      45.4886  1.39708e-05  5.66314e-06     -63.6363 
         -25      45.6955  1.40189e-05  5.78195e-06      -63.631 
         -25       45.903  1.40628e-05  5.90056e-06     -63.6256 
         -25      46.1111  1.41007e-05  6.01309e-06     -63.6203 
         -25      46.3194   1.4131e-05  6.11347e-06     -63.6149 
         -25      46.5283  1.41525e-05   6.1958e-06     -63.6095 
         -25      46.7376  1.41643e-05  6.25394e-06     -63.6041 
         -25      46.9475  1.41663e-05  6.28212e-06     -63.5987 
         -25      47.1577   1.4159e-05  6.27471e-06     -63.5933 
         -25      47.3685  1.41439e-05  6.22651e-06     -63.5878 
         -25      47.5798  1.41232e-05   6.1328e-06     -63.5823 
         -25      47.7914  1.41006e-05  5.98963e-06     -63.5768 
         -25      48.0037  1.40722e-05  5.80668e-06     -63.5713 
         -25      48.2162  1.39571e-05  5.72789e-06     -63.5658 
         -25      48.4294  1.38323e-05  5.64739e-06     -63.5602 
         -25      48.6429  1.36975e-05  5.57135e-06     -63.5547 
         -25       48.857  1.35541e-05  5.50923e-06     -63.5491 
         -25      49.0714  1.34069e-05  5.47515e-06     -63.5435 
         -25      49.2865  1.32639e-05  5.48854e-06     -63.5379 
         -25       49.502  1.31373e-05  5.57554e-06     -63.5322 
         -25      49.7179   1.3044e-05  5.76986e-06     -63.5266 
         -25      49.9343   1.3621e-05  5.52971e-06     -63.5209 
         -25      50.1511  1.43945e-05  5.20486e-06     -63.5152 
         -25      50.3685  1.53782e-05  4.77183e-06     -63.5095 
         -25      50.5862  1.47979e-05  4.96632e-06     -63.5038 
         -25      50.8046  1.43243e-05  5.17963e-06     -63.4981 
         -25      51.0234  1.39645e-05  5.39015e-06     -63.4923 
         -25      51.2425  1.36944e-05  5.59145e-06     -63.4866 
         -25      51.4623  1.34931e-05  5.77893e-06     -63.4808 
         -25      51.6824  1.33439e-05  5.94858e-06      -63.475 
         -25      51.9031  1.32325e-05  6.09804e-06     -63.4692 
         -25      52.1241  1.31479e-05   6.2254e-06     -63.4634 
         -25      52.3457  1.30813e-05  6.33001e-06     -63.4575 
         -25      52.5676   1.3026e-05  6.41157e-06     -63.4517 
         -25      52.7902  1.29772e-05  6.47066e-06     -63.4458 
         -25      53.0133  1.29317e-05  6.50815e-06     -63.4399 
         -25      53.2366  1.28876e-05  6.52535e-06      -63.434 
         -25      53.4606   1.2844e-05  6.52393e-06     -63.4281 
         -25      53.6849   1.2801e-05  6.50572e-06     -63.4222 
         -25      53.9099  1.27589e-05  6.47265e-06     -63.4163 
         -25      54.1351  1.27189e-05  6.42681e-06     -63.4103 
         -25       54.361   1.2682e-05  6.37015e-06     -63.4044 
         -25      54.5873  1.26495e-05  6.30467e-06     -63.3984 
         -25      54.8139  1.26224e-05  6.23233e-06     -63.3924 
         -25      55.0412  1.26016e-05  6.15474e-06     -63.3864 
         -25      55.2688  1.25877e-05  6.07365e-06     -63.3804 
         -25       55.497  1.25807e-05  5.99035e-06     -63.3744 
         -25      55.7255  1.25802e-05  5.90628e-06     -63.3683 
         -25      55.9547  1.25855e-05  5.82242e-06     -63.3623 
         -25      56.1844  1.25949e-05  5.73985e-06     -63.3562 
         -25      56.4143  1.26068e-05  5.65957e-06     -63.3501 
         -25      56.6449  1.26186e-05  5.58233e-06      -63.344 
         -25      56.8757  1.26278e-05  5.50918e-06     -63.3379 
         -25      57.1072  1.26313e-05  5.44104e-06     -63.3318 
         -25       57.339  1.26261e-05  5.37926e-06     -63.3257 
         -25      57.5715   1.2609e-05   5.3253e-06     -63.3196 
         -25      57.8042  1.25775e-05  5.28123e-06     -63.3134 
         -25      58.0376  1.25292e-05   5.2496e-06     -63.3073 
         -25      58.2715  1.24626e-05  5.23378e-06     -63.3011 
         -25      58.5057  1.23777e-05  5.23805e-06     -63.2949 
         -25      58.7405  1.22753e-05  5.26783e-06     -63.2887 
         -25      58.9756  1.21587e-05  5.32982e-06     -63.2825 
         -25      59.2113  1.20333e-05  5.43247e-06     -63.2763 
         -25      59.4473  1.19074e-05  5.58583e-06     -63.2701 
         -25       59.684  1.17924e-05  5.80246e-06     -63.2639 
         -25      59.9212  1.17081e-05  6.08541e-06     -63.2576 
         -25      60.1586  1.19321e-05  5.53845e-06     -63.2514 
         -25      60.3967  1.20938e-05  5.11398e-06     -63.2451 
         -25      60.6351  1.22072e-05  4.78986e-06     -63.2389 
         -25      60.8741   1.2284e-05  4.54647e-06     -63.2326 
         -25      61.1135  1.23334e-05  4.36844e-06     -63.2263 
         -25      61.3534  1.23628e-05  4.24268e-06     -63.2201 
         -25      61.5939  1.23774e-05  4.15921e-06     -63.2138 
         -25      61.8346  1.23812e-05  4.11019e-06     -63.2075 
         -25       62.076  1.23767e-05  4.08963e-06     -63.2011 
         -25      62.3177  1.23655e-05  4.09329e-06     -63.1948 
         -25        62.56  1.23481e-05  4.11823e-06     -63.1885 
         -25      62.8026  1.23248e-05  4.16244e-06     -63.1822 
         -25      63.0459  1.22949e-05  4.22474e-06     -63.1758 
         -25      63.2894  1.22579e-05  4.30422e-06     -63.1695 
         -25      63.5336  1.22131e-05  4.40031e-06     -63.1631 
         -25      63.7783  1.21599e-05  4.51215e-06     -63.1568 
         -25      64.0233  1.20978e-05  4.63849e-06     -63.1504 
         -25      64.2689  1.20269e-05  4.77777e-06      -63.144 
         -25      64.5148  1.19475e-05   4.9272e-06     -63.1377 
         -25      64.7613  1.18606e-05   5.0834e-06     -63.1313 
         -25      65.0082  1.17679e-05  5.24134e-06     -63.1249 
         -25      65.2557  1.16716e-05  5.39509e-06     -63.1185 
         -25      65.5036  1.15748e-05  5.53678e-06     -63.1121 
         -25      65.7519  1.14814e-05  5.65695e-06     -63.1057 
         -25      66.0008  1.13957e-05  5.74461e-06     -63.0993 
         -25        66.25  1.13231e-05  5.78661e-06     -63.0929 
         -25      66.4998  1.12695e-05  5.76801e-06     -63.0865 
         -25        66.75  1.12413e-05  5.67189e-06       -63.08 
         -25      67.0007  1.12454e-05  5.47909e-06     -63.0736 
         -25      67.2518  1.12893e-05  5.16888e-06     -63.0672 
         -25      67.5035  1.14602e-05  4.87129e-06     -63.0608 
         -25      67.7557  1.17302e-05  4.83595e-06     -63.0543 
         -25      68.0082  1.18987e-05  4.81598e-06     -63.0479 
         -25      68.2614  1.19794e-05   4.8097e-06     -63.0414 
         -25      68.5148  1.19848e-05  4.81564e-06      -63.035 
         -25      68.7688  1.19269e-05  4.83244e-06     -63.0286 
         -25      69.0232  1.18178e-05  4.85869e-06     -63.0221 
         -25      69.2782  1.16686e-05  4.89294e-06     -63.0157 
         -25      69.5337  1.14911e-05  4.93349e-06     -63.0092 
         -25      69.7895  1.12967e-05  4.97829e-06     -63.0028 
         -25      70.0459  1.10968e-05  5.02502e-06     -62.9963 
         -25      70.3026  1.09037e-05  5.07071e-06     -62.9899 
         -25        70.56  1.07293e-05  5.11194e-06     -62.9834 
         -25      70.8176  1.05868e-05  5.14445e-06     -62.9769 
         -25      71.0759  1.04895e-05  5.16328e-06     -62.9705 
         -25      71.3347  1.04519e-05  5.16252e-06      -62.964 
         -25      71.5938   1.0489e-05  5.13529e-06     -62.9576 
         -25      71.8535   1.0617e-05  5.07358e-06     -62.9511 
         -25      72.1135  1.08531e-05  4.96831e-06     -62.9447 
         -25      72.3741  1.11846e-05  4.83708e-06     -62.9382 
         -25       72.635  1.11405e-05  5.03691e-06     -62.9317 
         -25      72.8967  1.11327e-05   5.1378e-06     -62.9253 
         -25      73.1585  1.11486e-05  5.15792e-06     -62.9188 
         -25      73.4211  1.11777e-05  5.11381e-06     -62.9124 
         -25      73.6841  1.12113e-05  5.02011e-06     -62.9059 
         -25      73.9473  1.12425e-05  4.88997e-06     -62.8995 
         -25      74.2113  1.12662e-05   4.7346e-06      -62.893 
         -25      74.4755  1.12784e-05  4.56418e-06     -62.8866 
         -25      74.7404  1.12766e-05  4.38696e-06     -62.8802 
         -25      75.0056  1.12596e-05  4.21045e-06     -62.8737 
         -25      75.2714  1.12268e-05  4.04038e-06     -62.8673 
         -25      75.5377  1.11789e-05  3.88181e-06     -62.8608 
         -25      75.8043  1.11171e-05   3.7387e-06     -62.8544 
         -25      76.0715  1.10432e-05  3.61374e-06      -62.848 
         -25       76.339  1.09595e-05  3.50917e-06     -62.8416 
         -25      76.6072  1.08684e-05  3.42611e-06     -62.8351 
         -25      76.8756  1.07731e-05  3.36524e-06     -62.8287 
         -25      77.1448  1.06761e-05  3.32639e-06     -62.8223 
         -25      77.4141  1.05806e-05  3.30901e-06     -62.8159 
         -25      77.6842  1.04891e-05  3.31197e-06     -62.8095 
         -25      77.9547  1.04041e-05  3.33375e-06     -62.8031 
         -25      78.2255   1.0328e-05  3.37242e-06     -62.7967 
         -25       78.497  1.02622e-05  3.42588e-06     -62.7903 
         -25      78.7687  1.02081e-05  3.49161e-06     -62.7839 
         -25      79.0411  1.01662e-05  3.56712e-06     -62.7776 
         -25      79.3138  1.01366e-05  3.64952e-06     -62.7712 
         -25      79.5872  1.01183e-05  3.73611e-06     -62.7648 
         -25       79.861  1.01098e-05  3.82391e-06     -62.7585 
         -25      80.1351  1.01087e-05  3.90994e-06     -62.7521 
         -25      80.4098  1.01116e-05  3.99141e-06     -62.7458 
         -25      80.6849  1.01143e-05   4.0653e-06     -62.7395 
         -25      80.9606  1.01115e-05   4.1289e-06     -62.7331 
         -25      81.2365  1.00972e-05  4.17935e-06     -62.7268 
         -25      81.5132  1.00641e-05  4.21403e-06     -62.7205 
         -25      81.7903   1.0004e-05  4.23028e-06     -62.7142 
         -25      82.0676   9.9081e-06  4.22558e-06     -62.7079 
         -25      82.3457  9.76603e-06  4.19745e-06     -62.7016 
         -25       82.624  9.56712e-06  4.14351e-06     -62.6953 
         -25       82.903  9.29922e-06  4.06128e-06      -62.689 
         -25      83.1822  9.04741e-06  3.93384e-06     -62.6828 
         -25      83.4622  9.39774e-06  3.72683e-06     -62.6765 
         -25      83.7424  9.65553e-06  3.58622e-06     -62.6703 
         -25      84.0232  9.83174e-06  3.50565e-06      -62.664 
         -25      84.3046  9.93519e-06  3.47969e-06     -62.6578 
         -25      84.5862  9.97353e-06  3.50335e-06     -62.6516 
         -25      84.8685   9.9531e-06  3.57234e-06     -62.6454 
         -25       85.151  9.87897e-06  3.68293e-06     -62.6392 
         -25      85.4342  9.75487e-06  3.83236e-06      -62.633 
         -25      85.7177  9.58376e-06  4.01823e-06     -62.6268 
         -25      86.0019  9.36713e-06  4.23943e-06     -62.6207 
         -25      86.2865  9.51888e-06  4.00259e-06     -62.6145 
         -25      86.5714  9.63938e-06  3.81812e-06     -62.6084 
         -25       86.857  9.72842e-06  3.67847e-06     -62.6023 
         -25      87.1428  9.78754e-06  3.57605e-06     -62.5961 
         -25      87.4293  9.81944e-06  3.50349e-06       -62.59 
         -25      87.7161  9.82736e-06  3.45435e-06     -62.5839 
         -25      88.0035  9.81509e-06  3.42261e-06     -62.5779 
         -25      88.2914  9.78665e-06  3.40307e-06     -62.5718 
         -25      88.5796  9.74622e-06  3.39114e-06     -62.5657 
         -25      88.8685   9.6978e-06  3.38288e-06     -62.5597 
         -25      89.1576  9.64532e-06  3.37504e-06     -62.5537 
         -25      89.4474  9.59219e-06  3.36501e-06     -62.5477 
         -25      89.7374  9.54154e-06  3.35084e-06     -62.5417 
         -25      90.0282  9.49579e-06  3.33113e-06     -62.5357 
         -25      90.3192  9.45691e-06  3.30514e-06     -62.5297 
         -25      90.6109  9.42607e-06  3.27259e-06     -62.5238 
         -25       90.903  9.40386e-06  3.23377e-06     -62.5178 
         -25      91.1954  9.39017e-06  3.18942e-06     -62.5119 
         -25      91.4885  9.38419e-06  3.14059e-06      -62.506 
         -25      91.7819  9.38456e-06  3.08878e-06     -62.5001 
         -25      92.0759  9.38935e-06  3.03559e-06     -62.4942 
         -25      92.3702  9.39623e-06  2.98297e-06     -62.4883 
         -25      92.6652  9.40255e-06  2.93277e-06     -62.4825 
         -25      92.9606  9.40552e-06  2.88697e-06     -62.4766 
         -25      93.2563  9.40239e-06   2.8474e-06     -62.4708 
         -25      93.5527  9.39068e-06  2.81556e-06      -62.465 
         -25      93.8493  9.36843e-06  2.79271e-06     -62.4593 
         -25      94.1466   9.3344e-06  2.77953e-06     -62.4535 
         -25      94.4442  9.28855e-06   2.7761e-06     -62.4477 
         -25      94.7425  9.23215e-06  2.78171e-06      -62.442 
         -25       95.041  9.16846e-06  2.79467e-06     -62.4363 
         -25      95.3402  9.10279e-06  2.81219e-06     -62.4306 
         -25      95.6399  9.04328e-06  2.83015e-06     -62.4249 
         -25      95.9398  9.00126e-06  2.84292e-06     -62.4193 
         -25      96.2404  8.99164e-06  2.84316e-06     -62.4136 
         -25      96.5412  9.03371e-06  2.82161e-06      -62.408 
         -25      96.8428  9.05328e-06  2.78988e-06     -62.4024 
         -25      97.1446  9.03191e-06  2.76682e-06     -62.3968 
         -25      97.4471  9.00992e-06  2.74677e-06     -62.3912 
         -25      97.7501   8.9869e-06   2.7297e-06     -62.3857 
         -25      98.0533  8.96259e-06  2.71547e-06     -62.3802 
         -25      98.3572  8.93683e-06  2.70386e-06     -62.3747 
         -25      98.6613  8.90966e-06  2.69459e-06     -62.3692 
         -25      98.9662  8.88116e-06   2.6873e-06     -62.3637 
         -25      99.2712  8.85156e-06  2.68161e-06     -62.3583 
         -25       99.577  8.82113e-06  2.67708e-06     -62.3529 
         -25      99.8833  8.79024e-06  2.67324e-06     -62.3475 
         -25       100.19  8.75933e-06  2.66962e-06     -62.3421 
         -25      100.497  8.72881e-06  2.66572e-06     -62.3367 
         -25      100.804  8.69919e-06  2.66105e-06     -62.3314 
         -25      101.113  8.67094e-06  2.65512e-06     -62.3261 
         -25      101.421  8.64458e-06  2.64747e-06     -62.3208 
         -25       101.73  8.62055e-06  2.63765e-06     -62.3155 
         -25      102.039  8.59935e-06  2.62527e-06     -62.3102 
         -25      102.349  8.58134e-06  2.60994e-06      -62.305 
         -25       102.66  8.56692e-06  2.59135e-06     -62.2998 
         -25      102.971   8.5564e-06  2.56927e-06     -62.2946 
         -25      103.282  8.54998e-06  2.54346e-06     -62.2895 
         -25      103.594  8.54784e-06  2.51385e-06     -62.2843 
         -25      103.906  8.55001e-06  2.48034e-06     -62.2792 
         -25      104.219  8.55645e-06  2.44303e-06     -62.2741 
         -25      104.532    8.567e-06  2.40199e-06     -62.2691 
         -25      104.846  8.58138e-06  2.35746e-06      -62.264 
         -25       105.16  8.59916e-06  2.30981e-06      -62.259 
         -25      105.474  8.61982e-06   2.2594e-06      -62.254 
         -25      105.789  8.64263e-06  2.20683e-06     -62.2491 
         -25      106.105  8.66679e-06  2.15268e-06     -62.2441 
         -25      106.421  8.69124e-06   2.0978e-06     -62.2392 
         -25      106.738  8.71486e-06  2.04298e-06     -62.2343 
         -25      107.055   8.7363e-06  1.98926e-06     -62.2295 
         -25      107.372  8.75403e-06  1.93783e-06     -62.2246 
         -25       107.69   8.7664e-06  1.88983e-06     -62.2198 
         -25      108.008  8.77153e-06  1.84673e-06      -62.215 
         -25      108.327  8.76738e-06  1.80995e-06     -62.2103 
         -25      108.646  8.75173e-06  1.78116e-06     -62.2056 
         -25      108.966  8.72215e-06  1.76208e-06     -62.2008 
         -25      109.286  8.67609e-06  1.75459e-06     -62.1962 
         -25      109.607  8.61071e-06  1.76067e-06     -62.1915 
         -25      109.928  8.52307e-06  1.78242e-06     -62.1869 
         -25       110.25  8.41014e-06  1.82204e-06     -62.1823 
         -25      110.572  8.26843e-06   1.8819e-06     -62.1777 
         -25      110.895  8.09468e-06  1.96433e-06     -62.1732 
         -25      111.218  7.88498e-06  2.07199e-06     -62.1687 
         -25      111.541  7.66277e-06  2.19214e-06     -62.1642 
         -25      111.865  7.69135e-06  2.16943e-06     -62.1598 
         -25       112.19  7.73633e-06  2.13109e-06     -62.1554 
         -25      112.515  7.79479e-06  2.08009e-06      -62.151 
         -25       112.84  7.86407e-06   2.0191e-06     -62.1466 
         -25      113.166  7.94134e-06  1.95084e-06     -62.1423 
         -25      113.492   8.0241e-06  1.87766e-06      -62.138 
         -25      113.819   8.1096e-06  1.80204e-06     -62.1337 
         -25      114.147  8.19538e-06  1.72611e-06     -62.1295 
         -25      114.474  8.27867e-06  1.65216e-06     -62.1253 
         -25      114.803  8.35693e-06  1.58219e-06     -62.1211 
         -25      115.131  8.42734e-06  1.51834e-06     -62.1169 
         -25       115.46  8.48697e-06  1.46273e-06     -62.1128 
         -25       115.79  8.53286e-06  1.41735e-06     -62.1087 
         -25       116.12   8.5617e-06  1.38444e-06     -62.1047 
         -25      116.451  8.57004e-06  1.36615e-06     -62.1006 
         -25      116.782  8.55406e-06  1.36488e-06     -62.0966 
         -25      117.113  8.50959e-06  1.38311e-06     -62.0927 
         -25      117.446  8.43205e-06  1.42355e-06     -62.0887 
         -25      117.778  8.31652e-06  1.48908e-06     -62.0848 
         -25      118.111  8.15724e-06  1.58301e-06      -62.081 
         -25      118.444  7.94829e-06  1.70872e-06     -62.0771 
         -25      118.778  7.73552e-06  1.79564e-06     -62.0733 
         -25      119.112  7.69946e-06  1.66983e-06     -62.0696 
         -25      119.447  7.68741e-06  1.58177e-06     -62.0659 
         -25      119.783  7.69064e-06   1.5232e-06     -62.0622 
         -25      120.118  7.70198e-06  1.48617e-06     -62.0586 
         -25      120.455  7.71588e-06  1.46322e-06     -62.0549 
         -25      120.791  7.72829e-06  1.44756e-06     -62.0513 
         -25      121.128   7.7366e-06  1.43305e-06     -62.0478 
         -25      121.466  7.73953e-06  1.41438e-06     -62.0442 
         -25      121.804  7.73706e-06  1.38708e-06     -62.0407 
         -25      122.143  7.73027e-06  1.34769e-06     -62.0373 
         -25      122.482  7.72122e-06  1.29373e-06     -62.0338 
         -25      122.821  7.71283e-06  1.22393e-06     -62.0304 
         -25      123.161  7.70867e-06  1.13834e-06      -62.027 
         -25      123.502  7.75785e-06  1.08012e-06     -62.0237 
         -25      123.843  7.90198e-06  1.12236e-06     -62.0204 
         -25      124.184  8.00363e-06  1.15293e-06     -62.0172 
         -25      124.526  8.06925e-06  1.17294e-06      -62.014 
         -25      124.868  8.10498e-06  1.18358e-06     -62.0109 
         -25      125.211  8.11624e-06  1.18592e-06     -62.0078 
         -25      125.554  8.10802e-06  1.18102e-06     -62.0047 
         -25      125.898  8.08475e-06  1.16986e-06     -62.0017 
         -25      126.242  8.05044e-06   1.1534e-06     -61.9987 
         -25      126.587  8.00853e-06  1.13249e-06     -61.9957 
         -25      126.932  7.96219e-06  1.10797e-06     -61.9928 
         -25      127.278  7.91398e-06  1.08056e-06     -61.9899 
         -25      127.624  7.86623e-06  1.05096e-06     -61.9871 
         -25      127.971  7.82088e-06  1.01979e-06     -61.9843 
         -25      128.318  7.77941e-06   9.8755e-07     -61.9815 
         -25      128.665  7.74314e-06  9.54747e-07     -61.9787 
         -25      129.013  7.71293e-06  9.21725e-07      -61.976 
         -25      129.361  7.68951e-06  8.88856e-07     -61.9734 
         -25       129.71  7.67323e-06  8.56339e-07     -61.9708 
         -25       130.06  7.66429e-06  8.24408e-07     -61.9682 
         -25       130.41  7.66264e-06  7.93129e-07     -61.9656 
         -25       130.76  7.66804e-06   7.6258e-07     -61.9631 
         -25      131.111  7.68007e-06  7.32779e-07     -61.9606 
         -25      131.462   7.6982e-06  7.03619e-07     -61.9582 
         -25      131.814  7.72169e-06  6.75035e-07     -61.9558 
         -25      132.166  7.74979e-06  6.46829e-07     -61.9534 
         -25      132.519  7.78155e-06  6.18857e-07     -61.9511 
         -25      132.872  7.81605e-06  5.90853e-07     -61.9488 
         -25      133.226  7.85224e-06  5.62598e-07     -61.9466 
         -25       133.58  7.88903e-06  5.33864e-07     -61.9443 
         -25      133.934  7.92539e-06  5.04348e-07     -61.9422 
         -25      134.289  7.96019e-06  4.73851e-07       -61.94 
         -25      134.645  7.99242e-06  4.42097e-07      -61.938 
         -25          135  8.02098e-06  4.08942e-07     -61.9359 
         -25      135.357  8.04494e-06  3.74184e-07     -61.9339 
         -25      135.714  8.06334e-06  3.37788e-07     -61.9319 
         -25      136.071  8.07534e-06  2.99682e-07       -61.93 
         -25      136.429   8.0802e-06  2.59971e-07     -61.9281 
         -25      136.787  8.07725e-06  2.18874e-07     -61.9263 
         -25      137.146  8.06597e-06  1.76636e-07     -61.9245 
         -25      137.505  8.04597e-06  1.33782e-07     -61.9228 
         -25      137.865  8.01697e-06  9.08669e-08      -61.921 
         -25      138.225  7.97891e-06  4.87679e-08     -61.9194 
         -25      138.586   7.9318e-06  8.43761e-09     -61.9178 
         -25      138.947  7.87589e-06 -2.88361e-08     -61.9162 
         -25      139.309  7.81167e-06 -6.15179e-08     -61.9147 
         -25      139.671  7.73965e-06 -8.78658e-08     -61.9132 
         -25      140.033  7.66075e-06 -1.05735e-07     -61.9118 
         -25      140.397  7.57586e-06 -1.12711e-07     -61.9104 
         -25       140.76  7.48635e-06 -1.05974e-07     -61.9091 
         -25      141.124  7.39352e-06 -8.23031e-08     -61.9078 
         -25      141.488  7.29911e-06 -3.80531e-08     -61.9066 
         -25      141.853  7.20508e-06   3.0818e-08     -61.9054 
         -25      142.219  7.11339e-06  1.29025e-07     -61.9042 
         -25      142.584  6.92961e-06  2.30032e-07     -61.9033 
         -25      142.951   6.7106e-06  3.33452e-07     -61.9024 
         -25      143.317  6.48389e-06  4.35159e-07     -61.9015 
         -25      143.685  6.26863e-06  5.30251e-07     -61.9008 
         -25      144.052  6.08373e-06  6.14294e-07        -61.9 
         -25      144.421  5.94573e-06  6.83915e-07     -61.8993 
         -25      144.789  5.86881e-06  7.36321e-07     -61.8987 
         -25      145.158    5.863e-06  7.69565e-07     -61.8981 
         -25      145.528  5.93316e-06  7.82566e-07     -61.8976 
         -25      145.898  6.07735e-06  7.74959e-07     -61.8972 
         -25      146.269  6.28584e-06  7.47175e-07     -61.8967 
         -25       146.64  6.53841e-06  7.00481e-07     -61.8963 
         -25      147.011  6.80388e-06  6.36798e-07      -61.896 
         -25      147.383  7.03668e-06  5.58915e-07     -61.8957 
         -25      147.755  7.17551e-06  4.70412e-07     -61.8954 
         -25      148.128  7.14124e-06   3.7538e-07     -61.8952 
         -25      148.502  6.83404e-06   2.7891e-07      -61.895 
         -25      148.876  6.13016e-06  1.86477e-07     -61.8948 
         -25       149.25  4.88162e-06  1.04516e-07     -61.8947 
         -25      149.625  2.90816e-06  3.98222e-08     -61.8946 
         -25          150            0            0     -61.8945 
