Variables = x, y, u, v, p

Zone, I=800, F=POINT
         -70            0           -0           -0     -59.6991 
         -70     0.000234 -1.69787e-05 -3.80184e-09     -59.6991 
         -70     0.000939 -6.39939e-05 -1.49789e-08     -59.6991 
         -70     0.002113 -0.000129613 -3.27308e-08     -59.6991 
         -70     0.003759 -0.000198588 -5.60168e-08     -59.6991 
         -70     0.005872 -0.000255485 -8.36174e-08     -59.6991 
         -70     0.008457 -0.000289618 -1.14652e-07     -59.6991 
         -70      0.01151 -0.000297527 -1.48551e-07     -59.6991 
         -70     0.015036 -0.000284079 -1.85399e-07     -59.6991 
         -70     0.019031 -0.000260496 -2.25725e-07     -59.6991 
         -70     0.023493 -0.000240058 -2.70486e-07     -59.6991 
         -70     0.028429 -0.000232542 -3.20901e-07     -59.6991 
         -70     0.033831 -0.000239667 -3.77964e-07     -59.6991 
         -70     0.039706  -0.00025371 -4.42599e-07     -59.6991 
         -70     0.046047 -0.000261511  -5.1537e-07     -59.6991 
         -70     0.052863 -0.000253987 -5.97017e-07     -59.6991 
         -70      0.06015 -0.000237265 -6.88381e-07     -59.6991 
         -70       0.0679 -0.000234713 -7.90336e-07     -59.6991 
         -70     0.076126 -0.000257864 -9.02693e-07     -59.6991 
         -70     0.084816 -0.000235608 -1.02173e-06     -59.6991 
         -70     0.093982 -0.000243054 -1.15337e-06     -59.6991 
         -70     0.103611  -0.00024449 -1.29202e-06     -59.6991 
         -70     0.113718 -0.000242964 -1.44036e-06     -59.6991 
         -70     0.124286 -0.000240653 -1.59797e-06     -59.6991 
         -70     0.135333 -0.000238766 -1.76249e-06     -59.6991 
         -70      0.14685 -0.000237625 -1.92943e-06     -59.6991 
         -70     0.158827 -0.000236891 -2.09365e-06     -59.6991 
         -70     0.171284 -0.000235942 -2.25123e-06      -59.699 
         -70     0.184201 -0.000234323 -2.39983e-06      -59.699 
         -70     0.197599 -0.000232109 -2.54051e-06      -59.699 
         -70     0.211455 -0.000230004 -2.67624e-06      -59.699 
         -70     0.225792  -0.00022883 -2.80993e-06      -59.699 
         -70       0.2406 -0.000228001 -2.93686e-06      -59.699 
         -70     0.255865 -0.000225268 -3.08357e-06     -59.6989 
         -70     0.271613 -0.000223857 -3.27485e-06     -59.6989 
         -70     0.287818 -0.000222284 -3.49371e-06     -59.6989 
         -70     0.304506 -0.000220613  -3.7918e-06     -59.6989 
         -70      0.32165 -0.000218903 -4.19343e-06     -59.6988 
         -70     0.339278 -0.000217202 -4.69937e-06     -59.6988 
         -70     0.357377 -0.000215553 -5.28853e-06     -59.6988 
         -70      0.37593 -0.000213992 -5.92411e-06     -59.6987 
         -70     0.394968  -0.00021254 -6.56274e-06     -59.6987 
         -70     0.414461 -0.000211217 -7.15906e-06     -59.6986 
         -70      0.43444 -0.000210032 -7.67839e-06     -59.6986 
         -70     0.454872 -0.000208994 -8.10131e-06     -59.6985 
         -70     0.475791 -0.000208103  -8.4335e-06     -59.6985 
         -70     0.497163 -0.000207356 -8.70606e-06     -59.6984 
         -70     0.519021 -0.000206744 -8.97554e-06     -59.6983 
         -70      0.54135  -0.00020625 -9.31195e-06     -59.6983 
         -70     0.564131 -0.000205845 -9.77775e-06     -59.6982 
         -70       0.5874 -0.000205473 -1.03928e-05     -59.6981 
         -70     0.611121 -0.000205079 -1.10669e-05      -59.698 
         -70      0.63533  -0.00020495 -1.15871e-05     -59.6979 
         -70      0.65999 -0.000204851 -1.20518e-05     -59.6979 
         -70     0.685139 -0.000204789 -1.24841e-05     -59.6978 
         -70     0.710759 -0.000204771 -1.29018e-05     -59.6977 
         -70     0.736828 -0.000204806 -1.33181e-05     -59.6975 
         -70     0.763387 -0.000204901 -1.37428e-05     -59.6974 
         -70     0.790396 -0.000205063 -1.41804e-05     -59.6973 
         -70     0.817896 -0.000205299 -1.46329e-05     -59.6972 
         -70     0.845843 -0.000205613 -1.50982e-05      -59.697 
         -70     0.874283  -0.00020601 -1.55727e-05     -59.6969 
         -70      0.90317 -0.000206491   -1.605e-05     -59.6968 
         -70     0.932551 -0.000207057 -1.65242e-05     -59.6966 
         -70     0.962401 -0.000207704 -1.69884e-05     -59.6964 
         -70     0.992697 -0.000208426 -1.74366e-05     -59.6963 
         -70      1.02349 -0.000209217 -1.78656e-05     -59.6961 
         -70      1.05472 -0.000210066 -1.82734e-05     -59.6959 
         -70      1.08645 -0.000210959 -1.86623e-05     -59.6957 
         -70      1.11863 -0.000211882 -1.90366e-05     -59.6955 
         -70       1.1513  -0.00021282 -1.94052e-05     -59.6953 
         -70      1.18444 -0.000213756 -1.97788e-05     -59.6951 
         -70      1.21802 -0.000214676 -2.01695e-05     -59.6948 
         -70      1.25211  -0.00021557 -2.05899e-05     -59.6946 
         -70      1.28663 -0.000216433  -2.1048e-05     -59.6943 
         -70      1.32165 -0.000217271 -2.15462e-05     -59.6941 
         -70      1.35712   -0.0002181 -2.20723e-05     -59.6938 
         -70      1.39308 -0.000218959 -2.25965e-05     -59.6935 
         -70      1.42951 -0.000219905 -2.30595e-05     -59.6932 
         -70      1.46638  -0.00022103 -2.33628e-05     -59.6929 
         -70      1.50375 -0.000222465 -2.33566e-05     -59.6926 
         -70      1.54156  -0.00022403 -2.40333e-05     -59.6923 
         -70      1.57987  -0.00022566  -2.4551e-05     -59.6919 
         -70      1.61863 -0.000227328 -2.48786e-05     -59.6916 
         -70      1.65788 -0.000229002  -2.5062e-05     -59.6912 
         -70      1.69757  -0.00023065  -2.5142e-05     -59.6908 
         -70      1.73776 -0.000232249 -2.51554e-05     -59.6904 
         -70      1.77842 -0.000233776  -2.5134e-05       -59.69 
         -70      1.81952 -0.000235213 -2.51054e-05     -59.6896 
         -70      1.86113 -0.000236548 -2.50922e-05     -59.6891 
         -70      1.90316 -0.000237768 -2.51129e-05     -59.6887 
         -70      1.94571  -0.00023887 -2.51812e-05     -59.6882 
         -70      1.98869 -0.000239848 -2.53068e-05     -59.6877 
         -70      2.03217 -0.000240704 -2.54955e-05     -59.6872 
         -70      2.07612 -0.000241439  -2.5749e-05     -59.6867 
         -70      2.12051 -0.000242058 -2.60656e-05     -59.6862 
         -70       2.1654 -0.000242569 -2.64414e-05     -59.6856 
         -70      2.21073  -0.00024298 -2.68685e-05     -59.6851 
         -70      2.25656 -0.000243302 -2.73383e-05     -59.6845 
         -70      2.30283 -0.000243544 -2.78392e-05     -59.6839 
         -70       2.3496 -0.000243717 -2.83599e-05     -59.6832 
         -70      2.39685 -0.000243834 -2.88873e-05     -59.6826 
         -70      2.44452 -0.000243902 -2.94081e-05     -59.6819 
         -70      2.49271 -0.000243933 -2.99108e-05     -59.6813 
         -70      2.54132 -0.000243933 -3.03833e-05     -59.6806 
         -70      2.59044 -0.000243908 -3.08164e-05     -59.6798 
         -70         2.64 -0.000243863 -3.12016e-05     -59.6791 
         -70      2.69006 -0.000243799 -3.15339e-05     -59.6783 
         -70      2.74056 -0.000243716 -3.18097e-05     -59.6776 
         -70      2.79156  -0.00024361 -3.20295e-05     -59.6768 
         -70      2.84304 -0.000243476 -3.21957e-05     -59.6759 
         -70      2.89494  -0.00024331 -3.23142e-05     -59.6751 
         -70      2.94735 -0.000243101 -3.23935e-05     -59.6742 
         -70       3.0002 -0.000242844 -3.24442e-05     -59.6733 
         -70      3.05355 -0.000242529 -3.24786e-05     -59.6724 
         -70      3.10733 -0.000242153 -3.25097e-05     -59.6715 
         -70      3.16163 -0.000241715 -3.25497e-05     -59.6705 
         -70      3.21639 -0.000241218 -3.26089e-05     -59.6695 
         -70      3.27158 -0.000240678  -3.2693e-05     -59.6685 
         -70      3.32729 -0.000240119 -3.28016e-05     -59.6674 
         -70      3.38342 -0.000239582 -3.29241e-05     -59.6664 
         -70      3.44007 -0.000239126 -3.30377e-05     -59.6653 
         -70      3.49714 -0.000238837 -3.31017e-05     -59.6642 
         -70      3.55472 -0.000238827 -3.30542e-05      -59.663 
         -70      3.61273 -0.000239247 -3.28057e-05     -59.6618 
         -70      3.67125 -0.000240291 -3.22328e-05     -59.6606 
         -70      3.73025 -0.000242203 -3.11716e-05     -59.6594 
         -70      3.78967  -0.00024291 -3.06686e-05     -59.6581 
         -70      3.84961 -0.000242678 -3.11282e-05     -59.6569 
         -70      3.90996 -0.000242472 -3.20443e-05     -59.6555 
         -70      3.97084 -0.000242273 -3.32945e-05     -59.6542 
         -70      4.03214 -0.000242047 -3.47465e-05     -59.6528 
         -70      4.09395 -0.000241745 -3.62649e-05     -59.6514 
         -70      4.15624 -0.000242121 -3.70785e-05     -59.6499 
         -70      4.21895 -0.000242793 -3.75896e-05     -59.6485 
         -70      4.28217 -0.000243218 -3.82646e-05      -59.647 
         -70      4.34582 -0.000243439  -3.9067e-05     -59.6454 
         -70      4.40998 -0.000243494 -3.99666e-05     -59.6439 
         -70      4.47457 -0.000243412 -4.09333e-05     -59.6422 
         -70      4.53968 -0.000243217 -4.19418e-05     -59.6406 
         -70      4.60525  -0.00024293 -4.29652e-05     -59.6389 
         -70      4.67125 -0.000242568 -4.39765e-05     -59.6372 
         -70      4.73777 -0.000242145 -4.49508e-05     -59.6355 
         -70       4.8047 -0.000241677 -4.58598e-05     -59.6337 
         -70      4.87216 -0.000241177 -4.66785e-05     -59.6319 
         -70      4.94003  -0.00024066 -4.73805e-05       -59.63 
         -70      5.00843 -0.000240141 -4.79445e-05     -59.6281 
         -70      5.07724 -0.000239637 -4.83525e-05     -59.6262 
         -70      5.14658 -0.000239162 -4.85963e-05     -59.6242 
         -70      5.21639 -0.000238733 -4.86787e-05     -59.6222 
         -70      5.28661 -0.000238366 -4.86201e-05     -59.6202 
         -70      5.35736 -0.000238073 -4.84635e-05     -59.6181 
         -70      5.42852  -0.00023786 -4.82819e-05      -59.616 
         -70      5.50021 -0.000237728 -4.81862e-05     -59.6138 
         -70      5.57231 -0.000237667  -4.8335e-05     -59.6116 
         -70      5.64493 -0.000237649 -4.89462e-05     -59.6094 
         -70      5.71803 -0.000237631 -5.03093e-05     -59.6071 
         -70      5.79154 -0.000237541 -5.27975e-05     -59.6048 
         -70      5.86558  -0.00023794 -5.35083e-05     -59.6024 
         -70      5.94003 -0.000238497 -5.17106e-05        -59.6 
         -70      6.01501 -0.000238486 -5.09712e-05     -59.5975 
         -70       6.0904 -0.000238122 -5.09797e-05      -59.595 
         -70      6.16632 -0.000237575 -5.14883e-05     -59.5925 
         -70      6.24271 -0.000236976 -5.23039e-05     -59.5899 
         -70       6.3195 -0.000236419 -5.32786e-05     -59.5873 
         -70      6.39683 -0.000235966 -5.43053e-05     -59.5846 
         -70      6.47457 -0.000235651 -5.53041e-05     -59.5819 
         -70      6.55284 -0.000235484 -5.62227e-05     -59.5791 
         -70      6.63152 -0.000235455 -5.70238e-05     -59.5763 
         -70      6.71073 -0.000235542 -5.76873e-05     -59.5734 
         -70      6.79034  -0.00023571 -5.82017e-05     -59.5705 
         -70      6.87049 -0.000235917 -5.85671e-05     -59.5676 
         -70      6.95111 -0.000236125 -5.87927e-05     -59.5646 
         -70      7.03214 -0.000236292 -5.89012e-05     -59.5615 
         -70       7.1137 -0.000236391 -5.89331e-05     -59.5584 
         -70      7.19566   -0.0002364 -5.89544e-05     -59.5553 
         -70      7.27816 -0.000236317 -5.90669e-05     -59.5521 
         -70      7.36106 -0.000236158 -5.94223e-05     -59.5488 
         -70      7.44451 -0.000235962 -6.02397e-05     -59.5455 
         -70      7.52842 -0.000235794 -6.18264e-05     -59.5422 
         -70      7.61273 -0.000234616 -6.19313e-05     -59.5388 
         -70      7.69758 -0.000233154 -6.15624e-05     -59.5353 
         -70      7.78283 -0.000231943 -6.06192e-05     -59.5318 
         -70      7.86862 -0.000231472  -5.8676e-05     -59.5283 
         -70      7.95481 -0.000230943 -5.73655e-05     -59.5247 
         -70      8.04155 -0.000229263 -5.90375e-05      -59.521 
         -70      8.12868 -0.000228558 -5.99369e-05     -59.5173 
         -70      8.21635 -0.000228442 -6.03713e-05     -59.5135 
         -70      8.30449 -0.000228613 -6.05931e-05     -59.5097 
         -70      8.39303 -0.000228841 -6.08073e-05     -59.5058 
         -70      8.48211 -0.000228923 -6.11526e-05     -59.5019 
         -70      8.57159  -0.00022811 -6.12897e-05     -59.4979 
         -70      8.66161 -0.000227224  -6.1503e-05     -59.4938 
         -70      8.75203 -0.000226389 -6.17973e-05     -59.4898 
         -70      8.84299 -0.000225695 -6.22129e-05     -59.4856 
         -70      8.93443 -0.000225196  -6.2795e-05     -59.4814 
         -70      9.02626 -0.000224905 -6.35713e-05     -59.4771 
         -70      9.11863 -0.000224791 -6.45384e-05     -59.4728 
         -70      9.21139 -0.000224786 -6.56494e-05     -59.4684 
         -70      9.30471 -0.000224798 -6.68209e-05      -59.464 
         -70      9.39841 -0.000224718 -6.79374e-05     -59.4595 
         -70      9.49267 -0.000224446 -6.88804e-05     -59.4549 
         -70      9.58739 -0.000223918 -6.95559e-05     -59.4503 
         -70      9.68251 -0.000223138 -6.99455e-05     -59.4456 
         -70      9.77817 -0.000222216 -7.01681e-05     -59.4409 
         -70      9.87422 -0.000221427 -7.05552e-05     -59.4361 
         -70      9.97083 -0.000221256 -7.17477e-05     -59.4313 
         -70      10.0678 -0.000222476  -7.4804e-05     -59.4264 
         -70      10.1654 -0.000224199 -7.80679e-05     -59.4214 
         -70      10.2633 -0.000222918  -7.6986e-05     -59.4164 
         -70      10.3618 -0.000221532 -7.64592e-05     -59.4113 
         -70      10.4607 -0.000220227 -7.63628e-05     -59.4061 
         -70      10.5601 -0.000219135  -7.6584e-05     -59.4009 
         -70        10.66 -0.000218331 -7.70178e-05     -59.3957 
         -70      10.7603 -0.000217837 -7.75595e-05     -59.3903 
         -70      10.8611 -0.000217617 -7.81012e-05     -59.3849 
         -70      10.9623 -0.000217583 -7.85238e-05     -59.3795 
         -70      11.0641 -0.000217589 -7.86947e-05      -59.374 
         -70      11.1663 -0.000217126 -7.90465e-05     -59.3684 
         -70       11.269 -0.000216174 -7.97406e-05     -59.3627 
         -70      11.3721 -0.000215214 -8.02103e-05      -59.357 
         -70      11.4757 -0.000214318 -8.04971e-05     -59.3513 
         -70      11.5798  -0.00021353 -8.06371e-05     -59.3454 
         -70      11.6844 -0.000212873 -8.06622e-05     -59.3395 
         -70      11.7894 -0.000212351 -8.06028e-05     -59.3336 
         -70       11.895 -0.000211957   -8.049e-05     -59.3276 
         -70      12.0009  -0.00021167 -8.03559e-05     -59.3215 
         -70      12.1073 -0.000211463 -8.02334e-05     -59.3153 
         -70      12.2142 -0.000211305 -8.01558e-05     -59.3091 
         -70      12.3216 -0.000211157 -8.01538e-05     -59.3029 
         -70      12.4294 -0.000210984 -8.02533e-05     -59.2965 
         -70      12.5378 -0.000210744 -8.04702e-05     -59.2901 
         -70      12.6465 -0.000210398 -8.08044e-05     -59.2837 
         -70      12.7558   -0.0002099 -8.12335e-05     -59.2771 
         -70      12.8656 -0.000209203 -8.17026e-05     -59.2705 
         -70      12.9757 -0.000208252 -8.21143e-05     -59.2639 
         -70      13.0864 -0.000206979 -8.23173e-05     -59.2572 
         -70      13.1975 -0.000205306 -8.20902e-05     -59.2504 
         -70      13.3092 -0.000203125  -8.1126e-05     -59.2435 
         -70      13.4212 -0.000202369 -8.08778e-05     -59.2366 
         -70      13.5338 -0.000202686 -8.15978e-05     -59.2296 
         -70      13.6468 -0.000202555 -8.20829e-05     -59.2226 
         -70      13.7603 -0.000202122 -8.24219e-05     -59.2155 
         -70      13.8743 -0.000201502 -8.26849e-05     -59.2083 
         -70      13.9886 -0.000200781 -8.29233e-05     -59.2011 
         -70      14.1036 -0.000200022  -8.3174e-05     -59.1938 
         -70      14.2189 -0.000199266 -8.34607e-05     -59.1864 
         -70      14.3348 -0.000198538 -8.37969e-05      -59.179 
         -70       14.451 -0.000197847  -8.4187e-05     -59.1715 
         -70      14.5678 -0.000197193 -8.46298e-05      -59.164 
         -70      14.6851 -0.000196568 -8.51184e-05     -59.1563 
         -70      14.8028 -0.000195957  -8.5643e-05     -59.1486 
         -70       14.921 -0.000195343 -8.61936e-05     -59.1409 
         -70      15.0396 -0.000194711 -8.67584e-05     -59.1331 
         -70      15.1588 -0.000194044 -8.73281e-05     -59.1252 
         -70      15.2783 -0.000193332 -8.78938e-05     -59.1173 
         -70      15.3984 -0.000192567 -8.84508e-05     -59.1093 
         -70       15.519 -0.000191748 -8.89958e-05     -59.1012 
         -70        15.64 -0.000190882 -8.95284e-05     -59.0931 
         -70      15.7615 -0.000189981  -9.0052e-05     -59.0849 
         -70      15.8834 -0.000189063   -9.057e-05     -59.0766 
         -70      16.0058 -0.000188152 -9.10883e-05     -59.0683 
         -70      16.1286 -0.000187278 -9.16103e-05     -59.0599 
         -70       16.252 -0.000186469 -9.21382e-05     -59.0515 
         -70      16.3759 -0.000185755 -9.26677e-05      -59.043 
         -70      16.5002 -0.000185164 -9.31864e-05     -59.0344 
         -70       16.625 -0.000184712 -9.36711e-05     -59.0257 
         -70      16.7501 -0.000184404 -9.40814e-05     -59.0171 
         -70      16.8759 -0.000184226 -9.43572e-05     -59.0083 
         -70       17.002 -0.000184138 -9.44115e-05     -58.9995 
         -70      17.1287 -0.000184068 -9.41253e-05     -58.9906 
         -70      17.2557 -0.000184235  -9.3847e-05     -58.9816 
         -70      17.3834 -0.000184115 -9.35781e-05     -58.9726 
         -70      17.5115 -0.000183811 -9.39222e-05     -58.9636 
         -70      17.6399 -0.000183444 -9.55431e-05     -58.9544 
         -70       17.769 -0.000183009 -9.50953e-05     -58.9453 
         -70      17.8984 -0.000182289 -9.52426e-05      -58.936 
         -70      18.0284 -0.000181258 -9.60443e-05     -58.9267 
         -70      18.1587 -0.000179921  -9.7282e-05     -58.9173 
         -70      18.2896 -0.000178299 -9.88051e-05     -58.9079 
         -70       18.421 -0.000176735 -0.000100015     -58.8984 
         -70      18.5528  -0.00017597 -9.97024e-05     -58.8889 
         -70      18.6851 -0.000175207  -9.9315e-05     -58.8793 
         -70      18.8178 -0.000174449 -9.89145e-05     -58.8696 
         -70      18.9511 -0.000173693 -9.85453e-05     -58.8599 
         -70      19.0847 -0.000172937 -9.82388e-05     -58.8501 
         -70      19.2189  -0.00017218 -9.80135e-05     -58.8402 
         -70      19.3535  -0.00017142 -9.78787e-05     -58.8304 
         -70      19.4886 -0.000170654  -9.7835e-05     -58.8204 
         -70      19.6242 -0.000169881 -9.78772e-05     -58.8104 
         -70      19.7602 -0.000169102 -9.79951e-05     -58.8003 
         -70      19.8968 -0.000168316  -9.8176e-05     -58.7902 
         -70      20.0337 -0.000167526 -9.84052e-05       -58.78 
         -70      20.1712 -0.000166735 -9.86682e-05     -58.7698 
         -70      20.3091 -0.000165947 -9.89506e-05     -58.7595 
         -70      20.4475 -0.000165167 -9.92406e-05     -58.7491 
         -70      20.5864   -0.0001644 -9.95281e-05     -58.7387 
         -70      20.7257 -0.000163654 -9.98061e-05     -58.7283 
         -70      20.8655 -0.000162934 -0.000100071     -58.7178 
         -70      21.0058 -0.000162247 -0.000100322     -58.7072 
         -70      21.1465 -0.000161596 -0.000100562     -58.6966 
         -70      21.2877 -0.000160986 -0.000100794     -58.6859 
         -70      21.4294 -0.000160416 -0.000101026     -58.6752 
         -70      21.5716 -0.000159882 -0.000101262     -58.6644 
         -70      21.7142 -0.000159376 -0.000101506     -58.6536 
         -70      21.8573 -0.000158884 -0.000101761     -58.6427 
         -70      22.0008 -0.000158384 -0.000102022     -58.6318 
         -70      22.1449 -0.000157844 -0.000102274     -58.6208 
         -70      22.2893 -0.000157221 -0.000102493     -58.6098 
         -70      22.4344  -0.00015646 -0.000102637     -58.5987 
         -70      22.5797 -0.000155492 -0.000102646     -58.5876 
         -70      22.7257 -0.000154227 -0.000102434     -58.5764 
         -70      22.8721 -0.000152955 -0.000102462     -58.5651 
         -70      23.0189 -0.000152076 -0.000103047     -58.5539 
         -70      23.1663 -0.000151285 -0.000103658     -58.5425 
         -70       23.314 -0.000150566 -0.000104273     -58.5312 
         -70      23.4623   -0.0001499 -0.000104872     -58.5197 
         -70       23.611 -0.000149272 -0.000105436     -58.5083 
         -70      23.7602 -0.000148666 -0.000105949     -58.4968 
         -70        23.91 -0.000148069   -0.0001064     -58.4852 
         -70        24.06 -0.000147472  -0.00010678     -58.4736 
         -70      24.2107 -0.000146864 -0.000107082      -58.462 
         -70      24.3617  -0.00014624 -0.000107304     -58.4503 
         -70      24.5133 -0.000145594 -0.000107448     -58.4385 
         -70      24.6653 -0.000144926 -0.000107517     -58.4267 
         -70      24.8178 -0.000144235 -0.000107521     -58.4149 
         -70      24.9708 -0.000143526 -0.000107468      -58.403 
         -70      25.1242 -0.000142805 -0.000107373     -58.3911 
         -70      25.2781 -0.000142081 -0.000107252     -58.3792 
         -70      25.4324 -0.000141366 -0.000107121     -58.3672 
         -70      25.5873 -0.000140676 -0.000106998     -58.3552 
         -70      25.7426 -0.000140028 -0.000106904     -58.3431 
         -70      25.8984 -0.000139443 -0.000106855      -58.331 
         -70      26.0546 -0.000138944 -0.000106869     -58.3188 
         -70      26.2114 -0.000138557  -0.00010696     -58.3066 
         -70      26.3686 -0.000138341 -0.000106526     -58.2944 
         -70      26.5262 -0.000137971 -0.000106106     -58.2821 
         -70      26.6844 -0.000137452 -0.000105795     -58.2698 
         -70      26.8429 -0.000136814 -0.000105593     -58.2575 
         -70       27.002 -0.000136085 -0.000105499     -58.2451 
         -70      27.1615 -0.000135293 -0.000105506     -58.2326 
         -70      27.3216 -0.000134463 -0.000105605     -58.2202 
         -70      27.4821 -0.000133619 -0.000105786     -58.2077 
         -70       27.643 -0.000132784 -0.000106037     -58.1952 
         -70      27.8044 -0.000131973 -0.000106346     -58.1826 
         -70      27.9663 -0.000131205 -0.000106699       -58.17 
         -70      28.1287  -0.00013049 -0.000107086     -58.1574 
         -70      28.2914 -0.000129838 -0.000107495     -58.1447 
         -70      28.4548 -0.000129254 -0.000107919      -58.132 
         -70      28.6185 -0.000128739 -0.000108351     -58.1193 
         -70      28.7828 -0.000128289 -0.000108787     -58.1065 
         -70      28.9475 -0.000127896 -0.000109229     -58.0937 
         -70      29.1126 -0.000127549 -0.000109679     -58.0809 
         -70      29.2784  -0.00012723 -0.000110147      -58.068 
         -70      29.4444 -0.000126916 -0.000110644     -58.0551 
         -70       29.611 -0.000126581 -0.000111188     -58.0422 
         -70       29.778 -0.000126085 -0.000111431     -58.0293 
         -70      29.9456 -0.000125064 -0.000110321     -58.0163 
         -70      30.1137 -0.000123952 -0.000109329     -58.0033 
         -70      30.2821 -0.000122805 -0.000108477     -57.9903 
         -70      30.4511 -0.000121665 -0.000107772     -57.9772 
         -70      30.6204 -0.000120567 -0.000107219     -57.9641 
         -70      30.7903  -0.00011953  -0.00010681      -57.951 
         -70      30.9606  -0.00011857 -0.000106538     -57.9379 
         -70      31.1315 -0.000117692 -0.000106388     -57.9247 
         -70      31.3028 -0.000116895 -0.000106342     -57.9115 
         -70      31.4745 -0.000116175 -0.000106384     -57.8983 
         -70      31.6468  -0.00011552 -0.000106493     -57.8851 
         -70      31.8194 -0.000114919 -0.000106651     -57.8718 
         -70      31.9926 -0.000114355 -0.000106838     -57.8585 
         -70      32.1662 -0.000113812 -0.000107038     -57.8452 
         -70      32.3404 -0.000113272 -0.000107236     -57.8319 
         -70      32.5149 -0.000112722 -0.000107418     -57.8186 
         -70        32.69 -0.000112143 -0.000107574     -57.8052 
         -70      32.8655 -0.000111526 -0.000107695     -57.7918 
         -70      33.0414  -0.00011086 -0.000107774     -57.7784 
         -70       33.218 -0.000110139 -0.000107806     -57.7649 
         -70      33.3948 -0.000109362 -0.000107789     -57.7515 
         -70      33.5723 -0.000108531 -0.000107717      -57.738 
         -70        33.75 -0.000107655 -0.000107587     -57.7245 
         -70      33.9284 -0.000106747 -0.000107392      -57.711 
         -70      34.1073 -0.000105827 -0.000107122     -57.6975 
         -70      34.2865 -0.000104921 -0.000106763     -57.6839 
         -70      34.4663 -0.000104059  -0.00010629     -57.6704 
         -70      34.6465  -0.00010328 -0.000105674     -57.6568 
         -70      34.8272 -0.000102626 -0.000104869     -57.6432 
         -70      35.0083 -0.000104585 -0.000104193     -57.6296 
         -70        35.19 -0.000107556 -0.000104391      -57.616 
         -70      35.3721 -0.000106813 -0.000104478     -57.6023 
         -70      35.5546 -0.000105789 -0.000104267     -57.5887 
         -70      35.7377  -0.00010462 -0.000103896      -57.575 
         -70      35.9211 -0.000103412  -0.00010347     -57.5613 
         -70      36.1052 -0.000102239 -0.000103064     -57.5476 
         -70      36.2895 -0.000101155 -0.000102727     -57.5339 
         -70      36.4745 -0.000100189 -0.000102486     -57.5202 
         -70      36.6598 -9.93551e-05 -0.000102351     -57.5065 
         -70      36.8457 -9.86518e-05 -0.000102318     -57.4927 
         -70      37.0321 -9.80682e-05 -0.000102372      -57.479 
         -70      37.2188 -9.75849e-05  -0.00010249     -57.4652 
         -70      37.4062 -9.71763e-05 -0.000102645     -57.4514 
         -70      37.5938 -9.68158e-05 -0.000102809     -57.4376 
         -70      37.7821 -9.64747e-05 -0.000102954     -57.4238 
         -70      37.9707 -9.61271e-05 -0.000103053       -57.41 
         -70      38.1599 -9.57493e-05 -0.000103087     -57.3962 
         -70      38.3496 -9.53228e-05 -0.000103039     -57.3824 
         -70      38.5396  -9.4835e-05 -0.000102901     -57.3686 
         -70      38.7302 -9.42785e-05 -0.000102673     -57.3547 
         -70      38.9211 -9.36542e-05 -0.000102362     -57.3409 
         -70      39.1127  -9.2968e-05  -0.00010198     -57.3271 
         -70      39.3046 -9.22343e-05  -0.00010155     -57.3132 
         -70      39.4971 -9.14704e-05 -0.000101098     -57.2993 
         -70      39.6899 -9.07006e-05 -0.000100655     -57.2855 
         -70      39.8833  -8.9949e-05 -0.000100253     -57.2716 
         -70      40.0772 -8.92423e-05 -9.99225e-05     -57.2577 
         -70      40.2714 -8.86041e-05  -9.9692e-05     -57.2438 
         -70      40.4663 -8.80514e-05 -9.95795e-05       -57.23 
         -70      40.6615 -8.75935e-05 -9.95911e-05     -57.2161 
         -70      40.8573 -8.72241e-05 -9.97147e-05     -57.2022 
         -70      41.0534 -8.69199e-05  -9.9914e-05     -57.1883 
         -70      41.2501 -8.66319e-05 -0.000100122     -57.1744 
         -70      41.4473 -8.62814e-05 -0.000100235     -57.1605 
         -70      41.6448 -8.57523e-05 -0.000100101     -57.1466 
         -70      41.8429 -8.53455e-05 -0.000100029     -57.1327 
         -70      42.0414 -8.52213e-05 -9.96891e-05     -57.1188 
         -70      42.2405 -8.47662e-05   -9.819e-05     -57.1049 
         -70      42.4399 -8.43389e-05 -9.71503e-05      -57.091 
         -70      42.6399   -8.393e-05 -9.64824e-05     -57.0771 
         -70      42.8404 -8.35325e-05 -9.61086e-05     -57.0632 
         -70      43.0412 -8.31404e-05  -9.5958e-05     -57.0493 
         -70      43.2426 -8.27482e-05 -9.59668e-05     -57.0354 
         -70      43.4444 -8.23527e-05 -9.60789e-05     -57.0215 
         -70      43.6467 -8.19505e-05 -9.62454e-05     -57.0076 
         -70      43.8494   -8.154e-05 -9.64241e-05     -56.9937 
         -70      44.0527 -8.11194e-05 -9.65804e-05     -56.9798 
         -70      44.2563 -8.06887e-05 -9.66855e-05     -56.9659 
         -70      44.4606 -8.02472e-05 -9.67178e-05      -56.952 
         -70      44.6653 -7.97956e-05 -9.66613e-05     -56.9381 
         -70      44.8704  -7.9335e-05 -9.65064e-05     -56.9243 
         -70       45.076 -7.88658e-05 -9.62486e-05     -56.9104 
         -70       45.282 -7.83901e-05 -9.58892e-05     -56.8965 
         -70      45.4886 -7.79085e-05 -9.54335e-05     -56.8827 
         -70      45.6955 -7.74234e-05 -9.48923e-05     -56.8688 
         -70       45.903 -7.69355e-05 -9.42789e-05     -56.8549 
         -70      46.1111 -7.64468e-05 -9.36114e-05     -56.8411 
         -70      46.3194 -7.59561e-05 -9.29096e-05     -56.8273 
         -70      46.5283 -7.54609e-05 -9.22107e-05     -56.8134 
         -70      46.7376 -7.49831e-05 -9.15569e-05     -56.7996 
         -70      46.9475  -7.4521e-05 -9.09664e-05     -56.7858 
         -70      47.1577 -7.40735e-05 -9.04567e-05      -56.772 
         -70      47.3685 -7.36379e-05 -9.00405e-05     -56.7582 
         -70      47.5798 -7.32118e-05 -8.97281e-05     -56.7444 
         -70      47.7914 -7.27927e-05 -8.95255e-05     -56.7306 
         -70      48.0037  -7.2377e-05 -8.94335e-05     -56.7168 
         -70      48.2162 -7.19625e-05 -8.94489e-05      -56.703 
         -70      48.4294 -7.15458e-05 -8.95636e-05     -56.6893 
         -70      48.6429 -7.11255e-05  -8.9764e-05     -56.6755 
         -70       48.857 -7.06998e-05  -9.0032e-05     -56.6618 
         -70      49.0714 -7.02691e-05 -9.03441e-05      -56.648 
         -70      49.2865 -6.98343e-05 -9.06727e-05     -56.6343 
         -70       49.502 -6.93988e-05 -9.09851e-05     -56.6206 
         -70      49.7179 -6.89686e-05 -9.12444e-05     -56.6069 
         -70      49.9343 -6.85512e-05  -9.1411e-05     -56.5932 
         -70      50.1511 -6.81587e-05 -9.14416e-05     -56.5796 
         -70      50.3685 -6.78058e-05 -9.12909e-05     -56.5659 
         -70      50.5862 -6.75126e-05 -9.09127e-05     -56.5522 
         -70      50.8046 -6.73033e-05 -9.02594e-05     -56.5386 
         -70      51.0234 -6.72084e-05 -8.92853e-05      -56.525 
         -70      51.2425 -6.72643e-05 -8.79477e-05     -56.5114 
         -70      51.4623 -6.66726e-05 -8.72633e-05     -56.4978 
         -70      51.6824 -6.57781e-05   -8.794e-05     -56.4842 
         -70      51.9031 -6.65759e-05  -8.8173e-05     -56.4706 
         -70      52.1241 -6.64588e-05  -8.8174e-05      -56.457 
         -70      52.3457 -6.60654e-05 -8.78257e-05     -56.4435 
         -70      52.5676 -6.56793e-05 -8.74797e-05       -56.43 
         -70      52.7902 -6.52928e-05 -8.71369e-05     -56.4164 
         -70      53.0133  -6.4901e-05 -8.67981e-05     -56.4029 
         -70      53.2366 -6.45011e-05 -8.64639e-05     -56.3895 
         -70      53.4606 -6.40905e-05 -8.61335e-05      -56.376 
         -70      53.6849 -6.36695e-05 -8.58068e-05     -56.3625 
         -70      53.9099 -6.32379e-05 -8.54824e-05     -56.3491 
         -70      54.1351 -6.27979e-05 -8.51598e-05     -56.3357 
         -70       54.361 -6.23509e-05 -8.48375e-05     -56.3223 
         -70      54.5873 -6.18997e-05 -8.45146e-05     -56.3089 
         -70      54.8139 -6.14476e-05 -8.41903e-05     -56.2955 
         -70      55.0412 -6.09969e-05 -8.38629e-05     -56.2822 
         -70      55.2688 -6.05511e-05 -8.35323e-05     -56.2688 
         -70       55.497 -6.01123e-05 -8.31971e-05     -56.2555 
         -70      55.7255 -5.96838e-05 -8.28576e-05     -56.2422 
         -70      55.9547  -5.9267e-05 -8.25129e-05     -56.2289 
         -70      56.1844  -5.8864e-05 -8.21634e-05     -56.2156 
         -70      56.4143 -5.84761e-05 -8.18098e-05     -56.2024 
         -70      56.6449 -5.81036e-05 -8.14522e-05     -56.1892 
         -70      56.8757 -5.77469e-05  -8.1092e-05      -56.176 
         -70      57.1072 -5.74051e-05 -8.07299e-05     -56.1628 
         -70       57.339 -5.70778e-05  -8.0368e-05     -56.1496 
         -70      57.5715 -5.67629e-05 -8.00074e-05     -56.1365 
         -70      57.8042  -5.6459e-05 -7.96505e-05     -56.1234 
         -70      58.0376 -5.61635e-05 -7.92986e-05     -56.1102 
         -70      58.2715 -5.58743e-05 -7.89542e-05     -56.0972 
         -70      58.5057 -5.55892e-05 -7.86195e-05     -56.0841 
         -70      58.7405 -5.53057e-05 -7.82958e-05      -56.071 
         -70      58.9756 -5.50223e-05 -7.79854e-05      -56.058 
         -70      59.2113 -5.47376e-05 -7.76889e-05      -56.045 
         -70      59.4473 -5.44517e-05 -7.74078e-05      -56.032 
         -70       59.684 -5.41654e-05 -7.71419e-05     -56.0191 
         -70      59.9212 -5.38814e-05 -7.68907e-05     -56.0061 
         -70      60.1586 -5.36046e-05 -7.66532e-05     -55.9932 
         -70      60.3967 -5.33416e-05 -7.64262e-05     -55.9803 
         -70      60.6351 -5.31029e-05 -7.62063e-05     -55.9675 
         -70      60.8741 -5.29012e-05 -7.59874e-05     -55.9546 
         -70      61.1135 -5.27542e-05 -7.57628e-05     -55.9418 
         -70      61.3534 -5.26833e-05 -7.55227e-05      -55.929 
         -70      61.5939 -5.27156e-05 -7.52555e-05     -55.9162 
         -70      61.8346 -5.28837e-05 -7.49473e-05     -55.9034 
         -70       62.076 -5.32271e-05 -7.45802e-05     -55.8907 
         -70      62.3177  -5.2767e-05 -7.46414e-05      -55.878 
         -70        62.56 -5.22193e-05 -7.46393e-05     -55.8653 
         -70      62.8026 -5.17415e-05 -7.45085e-05     -55.8527 
         -70      63.0459 -5.13159e-05  -7.4279e-05       -55.84 
         -70      63.2894 -5.09285e-05 -7.39776e-05     -55.8274 
         -70      63.5336 -5.05667e-05 -7.36265e-05     -55.8148 
         -70      63.7783 -5.02213e-05  -7.3245e-05     -55.8023 
         -70      64.0233 -4.98854e-05 -7.28496e-05     -55.7897 
         -70      64.2689 -4.95536e-05 -7.24523e-05     -55.7772 
         -70      64.5148 -4.92236e-05 -7.20639e-05     -55.7648 
         -70      64.7613 -4.88943e-05  -7.1691e-05     -55.7523 
         -70      65.0082 -4.85673e-05 -7.13393e-05     -55.7399 
         -70      65.2557 -4.82445e-05 -7.10107e-05     -55.7275 
         -70      65.5036   -4.793e-05 -7.07062e-05     -55.7151 
         -70      65.7519 -4.76286e-05 -7.04247e-05     -55.7027 
         -70      66.0008 -4.73447e-05 -7.01628e-05     -55.6904 
         -70        66.25 -4.70837e-05 -6.99164e-05     -55.6781 
         -70      66.4998 -4.68495e-05 -6.96792e-05     -55.6658 
         -70        66.75 -4.66457e-05 -6.94445e-05     -55.6536 
         -70      67.0007 -4.64734e-05  -6.9204e-05     -55.6414 
         -70      67.2518 -4.63317e-05  -6.8949e-05     -55.6292 
         -70      67.5035 -4.62162e-05 -6.86694e-05      -55.617 
         -70      67.7557 -4.61188e-05  -6.8355e-05     -55.6049 
         -70      68.0082 -4.60263e-05 -6.79953e-05     -55.5928 
         -70      68.2614 -4.59195e-05 -6.75785e-05     -55.5807 
         -70      68.5148 -4.57727e-05 -6.70939e-05     -55.5686 
         -70      68.7688 -4.56009e-05  -6.6672e-05     -55.5566 
         -70      69.0232 -4.54186e-05 -6.63469e-05     -55.5446 
         -70      69.2782 -4.52067e-05 -6.60182e-05     -55.5326 
         -70      69.5337 -4.49753e-05 -6.56876e-05     -55.5207 
         -70      69.7895 -4.47326e-05 -6.53559e-05     -55.5088 
         -70      70.0459 -4.44844e-05 -6.50221e-05     -55.4969 
         -70      70.3026 -4.42356e-05 -6.46853e-05     -55.4851 
         -70        70.56 -4.39889e-05 -6.43436e-05     -55.4732 
         -70      70.8176 -4.37467e-05 -6.39956e-05     -55.4614 
         -70      71.0759 -4.35096e-05 -6.36395e-05     -55.4497 
         -70      71.3347 -4.32785e-05 -6.32747e-05     -55.4379 
         -70      71.5938 -4.30537e-05 -6.29016e-05     -55.4262 
         -70      71.8535 -4.28351e-05 -6.25212e-05     -55.4146 
         -70      72.1135 -4.26237e-05 -6.21374e-05     -55.4029 
         -70      72.3741 -4.24204e-05 -6.17552e-05     -55.3913 
         -70       72.635 -4.22277e-05 -6.13837e-05     -55.3797 
         -70      72.8967 -4.20493e-05 -6.10337e-05     -55.3682 
         -70      73.1585  -4.1891e-05 -6.07211e-05     -55.3567 
         -70      73.4211 -4.17603e-05  -6.0465e-05     -55.3452 
         -70      73.6841 -4.16681e-05 -6.02902e-05     -55.3337 
         -70      73.9473 -4.16278e-05 -6.02267e-05     -55.3223 
         -70      74.2113 -4.16569e-05 -6.03104e-05     -55.3109 
         -70      74.4755 -4.14937e-05 -6.00559e-05     -55.2996 
         -70      74.7404 -4.12408e-05 -5.97151e-05     -55.2882 
         -70      75.0056 -4.09693e-05 -5.94083e-05     -55.2769 
         -70      75.2714 -4.06848e-05 -5.91283e-05     -55.2657 
         -70      75.5377 -4.03929e-05 -5.88692e-05     -55.2544 
         -70      75.8043 -4.00987e-05 -5.86261e-05     -55.2432 
         -70      76.0715  -3.9806e-05 -5.83942e-05     -55.2321 
         -70       76.339 -3.95187e-05 -5.81703e-05     -55.2209 
         -70      76.6072 -3.92395e-05 -5.79509e-05     -55.2098 
         -70      76.8756 -3.89711e-05  -5.7734e-05     -55.1987 
         -70      77.1448 -3.87152e-05 -5.75172e-05     -55.1877 
         -70      77.4141 -3.84736e-05 -5.72994e-05     -55.1767 
         -70      77.6842  -3.8247e-05 -5.70792e-05     -55.1657 
         -70      77.9547 -3.80361e-05 -5.68561e-05     -55.1548 
         -70      78.2255 -3.78412e-05 -5.66296e-05     -55.1439 
         -70       78.497 -3.76618e-05 -5.63991e-05      -55.133 
         -70      78.7687 -3.74978e-05 -5.61651e-05     -55.1222 
         -70      79.0411 -3.73479e-05 -5.59272e-05     -55.1114 
         -70      79.3138 -3.72114e-05 -5.56858e-05     -55.1006 
         -70      79.5872 -3.70867e-05  -5.5441e-05     -55.0899 
         -70       79.861 -3.69723e-05  -5.5193e-05     -55.0792 
         -70      80.1351 -3.68667e-05 -5.49424e-05     -55.0685 
         -70      80.4098 -3.67678e-05  -5.4689e-05     -55.0579 
         -70      80.6849 -3.66738e-05 -5.44333e-05     -55.0473 
         -70      80.9606 -3.65827e-05  -5.4175e-05     -55.0368 
         -70      81.2365 -3.64926e-05 -5.39145e-05     -55.0262 
         -70      81.5132 -3.64013e-05 -5.36513e-05     -55.0158 
         -70      81.7903  -3.6307e-05 -5.33854e-05     -55.0053 
         -70      82.0676 -3.62081e-05 -5.31167e-05     -54.9949 
         -70      82.3457 -3.61026e-05 -5.28444e-05     -54.9845 
         -70       82.624 -3.59893e-05 -5.25684e-05     -54.9742 
         -70       82.903 -3.58668e-05 -5.22879e-05     -54.9638 
         -70      83.1822 -3.57344e-05 -5.20025e-05     -54.9536 
         -70      83.4622  -3.5591e-05 -5.17112e-05     -54.9433 
         -70      83.7424 -3.54369e-05  -5.1414e-05     -54.9331 
         -70      84.0232 -3.52718e-05 -5.11098e-05     -54.9229 
         -70      84.3046 -3.50965e-05 -5.07984e-05     -54.9128 
         -70      84.5862 -3.49122e-05 -5.04797e-05     -54.9027 
         -70      84.8685 -3.47205e-05 -5.01532e-05     -54.8926 
         -70       85.151 -3.45239e-05 -4.98197e-05     -54.8826 
         -70      85.4342  -3.4325e-05 -4.94791e-05     -54.8726 
         -70      85.7177 -3.41278e-05  -4.9133e-05     -54.8627 
         -70      86.0019 -3.39366e-05 -4.87824e-05     -54.8528 
         -70      86.2865 -3.37567e-05 -4.84297e-05     -54.8429 
         -70      86.5714 -3.35945e-05 -4.80782e-05      -54.833 
         -70       86.857 -3.34567e-05 -4.77309e-05     -54.8232 
         -70      87.1428 -3.33517e-05 -4.73931e-05     -54.8135 
         -70      87.4293 -3.32884e-05 -4.70701e-05     -54.8038 
         -70      87.7161 -3.31824e-05 -4.67842e-05     -54.7941 
         -70      88.0035 -3.29896e-05 -4.65441e-05     -54.7845 
         -70      88.2914 -3.28283e-05 -4.63342e-05     -54.7749 
         -70      88.5796 -3.27021e-05  -4.6161e-05     -54.7654 
         -70      88.8685 -3.26113e-05 -4.60954e-05     -54.7559 
         -70      89.1576 -3.25376e-05 -4.61581e-05     -54.7464 
         -70      89.4474 -3.24736e-05 -4.60909e-05     -54.7369 
         -70      89.7374 -3.24115e-05 -4.59236e-05     -54.7275 
         -70      90.0282 -3.23451e-05 -4.56818e-05     -54.7181 
         -70      90.3192 -3.22705e-05 -4.53878e-05     -54.7088 
         -70      90.6109  -3.2185e-05 -4.50599e-05     -54.6995 
         -70       90.903 -3.20875e-05 -4.47137e-05     -54.6902 
         -70      91.1954  -3.1978e-05 -4.43622e-05     -54.6809 
         -70      91.4885 -3.18571e-05 -4.40144e-05     -54.6717 
         -70      91.7819 -3.17266e-05 -4.36784e-05     -54.6626 
         -70      92.0759 -3.15883e-05 -4.33587e-05     -54.6535 
         -70      92.3702 -3.14449e-05 -4.30588e-05     -54.6444 
         -70      92.6652 -3.12988e-05 -4.27796e-05     -54.6354 
         -70      92.9606 -3.11529e-05  -4.2521e-05     -54.6264 
         -70      93.2563   -3.101e-05 -4.22818e-05     -54.6175 
         -70      93.5527 -3.08721e-05 -4.20588e-05     -54.6086 
         -70      93.8493 -3.07416e-05 -4.18489e-05     -54.5997 
         -70      94.1466 -3.06201e-05 -4.16476e-05     -54.5909 
         -70      94.4442 -3.05088e-05 -4.14508e-05     -54.5822 
         -70      94.7425 -3.04085e-05 -4.12533e-05     -54.5734 
         -70       95.041 -3.03192e-05 -4.10508e-05     -54.5648 
         -70      95.3402 -3.02403e-05 -4.08385e-05     -54.5561 
         -70      95.6399 -3.01707e-05 -4.06127e-05     -54.5475 
         -70      95.9398 -3.01087e-05 -4.03703e-05      -54.539 
         -70      96.2404 -3.00517e-05 -4.01085e-05     -54.5305 
         -70      96.5412  -2.9997e-05 -3.98265e-05      -54.522 
         -70      96.8428  -2.9941e-05 -3.95239e-05     -54.5135 
         -70      97.1446 -2.98799e-05 -3.92028e-05     -54.5051 
         -70      97.4471 -2.98095e-05 -3.88658e-05     -54.4968 
         -70      97.7501 -2.97255e-05 -3.85185e-05     -54.4885 
         -70      98.0533 -2.96236e-05 -3.81684e-05     -54.4802 
         -70      98.3572 -2.94994e-05 -3.78245e-05     -54.4719 
         -70      98.6613 -2.93493e-05 -3.74993e-05     -54.4637 
         -70      98.9662 -2.91697e-05  -3.7207e-05     -54.4556 
         -70      99.2712 -2.89584e-05 -3.69655e-05     -54.4475 
         -70       99.577 -2.87137e-05 -3.67947e-05     -54.4394 
         -70      99.8833 -2.84356e-05 -3.67185e-05     -54.4314 
         -70       100.19 -2.81261e-05 -3.67636e-05     -54.4234 
         -70      100.497 -2.82402e-05 -3.63862e-05     -54.4155 
         -70      100.804 -2.83184e-05  -3.6035e-05     -54.4076 
         -70      101.113 -2.83526e-05 -3.57179e-05     -54.3997 
         -70      101.421 -2.83492e-05  -3.5428e-05     -54.3919 
         -70       101.73 -2.83143e-05 -3.51579e-05     -54.3841 
         -70      102.039 -2.82532e-05 -3.49021e-05     -54.3764 
         -70      102.349  -2.8171e-05 -3.46552e-05     -54.3687 
         -70       102.66 -2.80724e-05 -3.44129e-05     -54.3611 
         -70      102.971 -2.79617e-05 -3.41719e-05     -54.3535 
         -70      103.282 -2.78428e-05 -3.39293e-05     -54.3459 
         -70      103.594 -2.77196e-05 -3.36836e-05     -54.3384 
         -70      103.906 -2.75956e-05 -3.34335e-05     -54.3309 
         -70      104.219 -2.74743e-05 -3.31792e-05     -54.3235 
         -70      104.532 -2.73588e-05 -3.29213e-05     -54.3161 
         -70      104.846 -2.72525e-05 -3.26617e-05     -54.3088 
         -70       105.16 -2.71586e-05 -3.24035e-05     -54.3015 
         -70      105.474   -2.708e-05   -3.215e-05     -54.2943 
         -70      105.789 -2.70199e-05 -3.19065e-05     -54.2871 
         -70      106.105 -2.69814e-05 -3.16788e-05     -54.2799 
         -70      106.421 -2.69675e-05 -3.14745e-05     -54.2728 
         -70      106.738 -2.69815e-05 -3.13017e-05     -54.2657 
         -70      107.055 -2.69722e-05 -3.10487e-05     -54.2587 
         -70      107.372  -2.6936e-05 -3.07664e-05     -54.2518 
         -70       107.69 -2.68894e-05 -3.04956e-05     -54.2449 
         -70      108.008 -2.68341e-05 -3.02351e-05      -54.238 
         -70      108.327 -2.67715e-05 -2.99829e-05     -54.2312 
         -70      108.646 -2.67028e-05  -2.9738e-05     -54.2244 
         -70      108.966 -2.66292e-05 -2.94985e-05     -54.2177 
         -70      109.286 -2.65518e-05 -2.92635e-05      -54.211 
         -70      109.607 -2.64714e-05 -2.90315e-05     -54.2044 
         -70      109.928 -2.63887e-05 -2.88015e-05     -54.1978 
         -70       110.25 -2.63047e-05 -2.85727e-05     -54.1912 
         -70      110.572 -2.62197e-05 -2.83438e-05     -54.1847 
         -70      110.895 -2.61344e-05 -2.81145e-05     -54.1783 
         -70      111.218 -2.60491e-05 -2.78837e-05     -54.1719 
         -70      111.541 -2.59644e-05 -2.76511e-05     -54.1655 
         -70      111.865 -2.58805e-05  -2.7416e-05     -54.1592 
         -70       112.19 -2.57978e-05 -2.71782e-05     -54.1529 
         -70      112.515 -2.57166e-05 -2.69376e-05     -54.1467 
         -70       112.84 -2.56369e-05 -2.66936e-05     -54.1406 
         -70      113.166 -2.55592e-05 -2.64467e-05     -54.1345 
         -70      113.492 -2.54834e-05 -2.61964e-05     -54.1284 
         -70      113.819 -2.54099e-05 -2.59434e-05     -54.1224 
         -70      114.147 -2.53385e-05 -2.56874e-05     -54.1164 
         -70      114.474 -2.52696e-05 -2.54291e-05     -54.1105 
         -70      114.803 -2.52031e-05 -2.51686e-05     -54.1046 
         -70      115.131 -2.51391e-05 -2.49066e-05     -54.0988 
         -70       115.46 -2.50776e-05 -2.46437e-05      -54.093 
         -70       115.79 -2.50186e-05 -2.43801e-05     -54.0873 
         -70       116.12 -2.49621e-05 -2.41168e-05     -54.0816 
         -70      116.451 -2.49079e-05 -2.38542e-05      -54.076 
         -70      116.782 -2.48559e-05 -2.35934e-05     -54.0704 
         -70      117.113 -2.48059e-05 -2.33345e-05     -54.0649 
         -70      117.446 -2.47576e-05 -2.30785e-05     -54.0594 
         -70      117.778 -2.47108e-05 -2.28263e-05      -54.054 
         -70      118.111 -2.46648e-05 -2.25782e-05     -54.0486 
         -70      118.444 -2.46193e-05 -2.23352e-05     -54.0433 
         -70      118.778 -2.45736e-05 -2.20974e-05      -54.038 
         -70      119.112 -2.45268e-05 -2.18657e-05     -54.0328 
         -70      119.447 -2.44781e-05 -2.16401e-05     -54.0276 
         -70      119.783 -2.44262e-05 -2.14211e-05     -54.0225 
         -70      120.118 -2.43701e-05 -2.12089e-05     -54.0174 
         -70      120.455 -2.43079e-05 -2.10032e-05     -54.0124 
         -70      120.791 -2.42382e-05 -2.08042e-05     -54.0074 
         -70      121.128 -2.41588e-05  -2.0611e-05     -54.0025 
         -70      121.466 -2.40674e-05 -2.04235e-05     -53.9976 
         -70      121.804 -2.39614e-05 -2.02402e-05     -53.9928 
         -70      122.143 -2.38379e-05 -2.00605e-05     -53.9881 
         -70      122.482 -2.36934e-05 -1.98824e-05     -53.9833 
         -70      122.821 -2.35243e-05 -1.97044e-05     -53.9787 
         -70      123.161 -2.33264e-05 -1.95243e-05     -53.9741 
         -70      123.502 -2.32898e-05 -1.92394e-05     -53.9695 
         -70      123.843 -2.33894e-05 -1.88724e-05      -53.965 
         -70      124.184 -2.34585e-05 -1.85185e-05     -53.9606 
         -70      124.526 -2.35049e-05 -1.81804e-05     -53.9562 
         -70      124.868 -2.35347e-05 -1.78589e-05     -53.9518 
         -70      125.211 -2.35526e-05 -1.75551e-05     -53.9475 
         -70      125.554 -2.35615e-05  -1.7269e-05     -53.9433 
         -70      125.898 -2.35634e-05 -1.69993e-05     -53.9391 
         -70      126.242 -2.35591e-05 -1.67448e-05      -53.935 
         -70      126.587 -2.35487e-05 -1.65029e-05     -53.9309 
         -70      126.932 -2.35314e-05 -1.62709e-05     -53.9269 
         -70      127.278 -2.35057e-05 -1.60446e-05     -53.9229 
         -70      127.624 -2.34698e-05 -1.58198e-05      -53.919 
         -70      127.971 -2.34213e-05 -1.55915e-05     -53.9151 
         -70      128.318 -2.33573e-05 -1.53536e-05     -53.9113 
         -70      128.665  -2.3275e-05 -1.50998e-05     -53.9076 
         -70      129.013 -2.31708e-05 -1.48228e-05     -53.9039 
         -70      129.361 -2.30411e-05 -1.45152e-05     -53.9002 
         -70       129.71 -2.28817e-05 -1.41682e-05     -53.8966 
         -70       130.06 -2.26886e-05 -1.37736e-05     -53.8931 
         -70       130.41 -2.24564e-05 -1.33213e-05     -53.8896 
         -70       130.76 -2.28979e-05 -1.30828e-05     -53.8862 
         -70      131.111 -2.34214e-05 -1.29719e-05     -53.8828 
         -70      131.462 -2.36456e-05 -1.28379e-05     -53.8795 
         -70      131.814 -2.36598e-05 -1.26838e-05     -53.8763 
         -70      132.166 -2.35378e-05 -1.25117e-05     -53.8731 
         -70      132.519 -2.33386e-05 -1.23241e-05     -53.8699 
         -70      132.872 -2.31083e-05 -1.21228e-05     -53.8668 
         -70      133.226 -2.28815e-05 -1.19098e-05     -53.8638 
         -70       133.58 -2.26831e-05  -1.1687e-05     -53.8609 
         -70      133.934 -2.25289e-05 -1.14555e-05      -53.858 
         -70      134.289 -2.24277e-05 -1.12172e-05     -53.8551 
         -70      134.645  -2.2382e-05 -1.09728e-05     -53.8523 
         -70          135 -2.23896e-05 -1.07239e-05     -53.8496 
         -70      135.357 -2.24443e-05 -1.04709e-05      -53.847 
         -70      135.714  -2.2537e-05 -1.02153e-05     -53.8444 
         -70      136.071 -2.26571e-05 -9.95726e-06     -53.8418 
         -70      136.429 -2.27926e-05 -9.69766e-06     -53.8393 
         -70      136.787 -2.29313e-05 -9.43723e-06     -53.8369 
         -70      137.146 -2.30615e-05   -9.176e-06     -53.8346 
         -70      137.505 -2.31725e-05 -8.91476e-06     -53.8323 
         -70      137.865 -2.32552e-05 -8.65335e-06     -53.8301 
         -70      138.225 -2.33021e-05 -8.39244e-06     -53.8279 
         -70      138.586 -2.33082e-05 -8.13175e-06     -53.8258 
         -70      138.947 -2.32708e-05 -7.87162e-06     -53.8238 
         -70      139.309 -2.31896e-05 -7.61231e-06     -53.8218 
         -70      139.671  -2.3067e-05 -7.35346e-06     -53.8199 
         -70      140.033 -2.29076e-05 -7.09547e-06      -53.818 
         -70      140.397 -2.27182e-05 -6.83793e-06     -53.8162 
         -70       140.76 -2.25074e-05 -6.58122e-06     -53.8145 
         -70      141.124 -2.22849e-05 -6.32491e-06     -53.8128 
         -70      141.488 -2.20614e-05 -6.06917e-06     -53.8112 
         -70      141.853 -2.18476e-05 -5.81418e-06     -53.8096 
         -70      142.219 -2.16529e-05 -5.55954e-06     -53.8082 
         -70      142.584 -2.14856e-05 -5.30569e-06     -53.8067 
         -70      142.951 -2.13502e-05 -5.05226e-06     -53.8053 
         -70      143.317 -2.12478e-05 -4.79976e-06      -53.804 
         -70      143.685 -2.11732e-05 -4.54791e-06     -53.8028 
         -70      144.052 -2.11146e-05 -4.29732e-06     -53.8016 
         -70      144.421  -2.1051e-05 -4.04781e-06     -53.8004 
         -70      144.789 -2.09509e-05 -3.79991e-06     -53.7994 
         -70      145.158 -2.11476e-05   -3.554e-06     -53.7983 
         -70      145.528 -2.17289e-05 -3.30748e-06     -53.7973 
         -70      145.898 -2.23716e-05  -3.0619e-06     -53.7964 
         -70      146.269 -2.30214e-05 -2.81839e-06     -53.7955 
         -70       146.64 -2.36026e-05 -2.57806e-06     -53.7947 
         -70      147.011 -2.40188e-05 -2.34029e-06     -53.7939 
         -70      147.383 -2.41472e-05 -2.10382e-06     -53.7932 
         -70      147.755 -2.38378e-05 -1.86597e-06     -53.7926 
         -70      148.128 -2.29087e-05 -1.62182e-06     -53.7921 
         -70      148.502 -2.11452e-05 -1.36532e-06     -53.7917 
         -70      148.876 -1.82906e-05 -1.08736e-06     -53.7913 
         -70       149.25 -1.40538e-05 -7.77233e-07      -53.791 
         -70      149.625 -8.08641e-06 -4.20426e-07     -53.7908 
         -70          150           -0           -0     -53.7907 
