Variables = x, y, u, v, p

Zone, I=800, F=POINT
         600            0           -0           -0      57.5876 
         600     0.000234  1.26041e-05 -2.18257e-11      57.5876 
         600     0.000939  4.77773e-05 -3.43265e-10      57.5876 
         600     0.002113  9.77709e-05 -1.72393e-09      57.5876 
         600     0.003759  0.000152269 -5.41545e-09      57.5876 
         600     0.005872  0.000200774 -1.31039e-08      57.5876 
         600     0.008457  0.000236022 -2.69126e-08      57.5876 
         600      0.01151   0.00025557 -4.92794e-08      57.5876 
         600     0.015036   0.00026262 -8.29894e-08      57.5876 
         600     0.019031  0.000264616 -1.30967e-07      57.5876 
         600     0.023493  0.000270396 -1.96254e-07      57.5876 
         600     0.028429  0.000286477 -2.82078e-07      57.5876 
         600     0.033831  0.000313871 -3.91362e-07      57.5876 
         600     0.039706  0.000347284 -5.27157e-07      57.5876 
         600     0.046047  0.000377683 -6.91961e-07      57.5876 
         600     0.052863  0.000398844  -8.8834e-07      57.5876 
         600      0.06015  0.000414765  -1.1181e-06      57.5876 
         600       0.0679   0.00044115 -1.38237e-06      57.5876 
         600     0.076126  0.000486051  -1.6824e-06      57.5876 
         600     0.084816  0.000501833 -2.01795e-06      57.5876 
         600     0.093982  0.000537326 -2.38897e-06      57.5876 
         600     0.103611  0.000569511 -2.79372e-06      57.5876 
         600     0.113718  0.000600118 -3.23092e-06      57.5876 
         600     0.124286  0.000630225 -3.69721e-06      57.5876 
         600     0.135333  0.000660411 -4.19003e-06      57.5876 
         600      0.14685  0.000690616 -4.70496e-06      57.5876 
         600     0.158827   0.00072038 -5.23692e-06      57.5876 
         600     0.171284  0.000749144 -5.78167e-06      57.5876 
         600     0.184201  0.000776365 -6.33275e-06      57.5876 
         600     0.197599  0.000801939 -6.88512e-06      57.5876 
         600     0.211455   0.00082608 -7.43171e-06      57.5876 
         600     0.225792  0.000849187 -7.96708e-06      57.5876 
         600       0.2406  0.000870757 -8.48438e-06      57.5876 
         600     0.255865  0.000889284 -8.97679e-06      57.5876 
         600     0.271613  0.000906696 -9.43963e-06      57.5876 
         600     0.287818  0.000922008 -9.86632e-06      57.5876 
         600     0.304506  0.000935278 -1.02521e-05      57.5876 
         600      0.32165  0.000946528 -1.05914e-05      57.5876 
         600     0.339278  0.000955834 -1.08807e-05      57.5876 
         600     0.357377  0.000963255 -1.11161e-05      57.5876 
         600      0.37593  0.000968867 -1.12948e-05      57.5876 
         600     0.394968  0.000972774  -1.1415e-05      57.5876 
         600     0.414461  0.000975071 -1.14755e-05      57.5876 
         600      0.43444  0.000975876 -1.14757e-05      57.5876 
         600     0.454872  0.000975311 -1.14157e-05      57.5876 
         600     0.475791  0.000973505 -1.12964e-05      57.5876 
         600     0.497163  0.000970597 -1.11192e-05      57.5876 
         600     0.519021   0.00096672  -1.0886e-05      57.5876 
         600      0.54135  0.000962006 -1.05996e-05      57.5876 
         600     0.564131  0.000956576  -1.0264e-05      57.5876 
         600       0.5874  0.000950512 -9.88329e-06      57.5876 
         600     0.611121  0.000943867 -9.46422e-06      57.5876 
         600      0.63533  0.000936767 -9.00627e-06      57.5876 
         600      0.65999  0.000929324 -8.51441e-06      57.5876 
         600     0.685139  0.000921554 -7.99397e-06      57.5876 
         600     0.710759  0.000913481 -7.45119e-06      57.5876 
         600     0.736828  0.000905128 -6.89218e-06      57.5876 
         600     0.763387  0.000896489 -6.32135e-06      57.5876 
         600     0.790396   0.00088758 -5.74451e-06      57.5876 
         600     0.817896  0.000878385 -5.16534e-06      57.5876 
         600     0.845843  0.000868911 -4.58885e-06      57.5876 
         600     0.874283  0.000859134 -4.01776e-06      57.5876 
         600      0.90317  0.000849057 -3.45618e-06      57.5876 
         600     0.932551   0.00083865 -2.90591e-06      57.5876 
         600     0.962401  0.000827911 -2.36969e-06      57.5876 
         600     0.992697  0.000816839 -1.84967e-06      57.5876 
         600      1.02349   0.00080541 -1.34635e-06      57.5876 
         600      1.05472  0.000793644 -8.61454e-07      57.5876 
         600      1.08645  0.000781527  -3.9467e-07      57.5876 
         600      1.11863  0.000769093   5.3137e-08      57.5876 
         600       1.1513  0.000756348  4.82962e-07      57.5876 
         600      1.18444  0.000743334  8.95069e-07      57.5876 
         600      1.21802  0.000730103  1.29015e-06      57.5876 
         600      1.25211  0.000716685  1.67026e-06      57.5876 
         600      1.28663  0.000703158  2.03658e-06      57.5876 
         600      1.32165  0.000689558  2.39207e-06      57.5876 
         600      1.35712  0.000675965  2.73913e-06      57.5876 
         600      1.39308  0.000662405  3.08211e-06      57.5876 
         600      1.42951  0.000648919  3.42555e-06      57.5876 
         600      1.46638  0.000635523  3.77531e-06      57.5876 
         600      1.50375  0.000622154  4.13984e-06      57.5876 
         600      1.54156  0.000608876  4.46195e-06      57.5876 
         600      1.57987  0.000595764  4.79392e-06      57.5876 
         600      1.61863  0.000582804  5.13732e-06      57.5876 
         600      1.65788  0.000569941  5.49037e-06      57.5876 
         600      1.69757  0.000557166  5.85031e-06      57.5876 
         600      1.73776  0.000544428  6.21577e-06      57.5876 
         600      1.77842  0.000531712  6.58473e-06      57.5876 
         600      1.81952  0.000519003  6.95532e-06      57.5876 
         600      1.86113   0.00050626   7.3268e-06      57.5876 
         600      1.90316  0.000493486  7.69741e-06      57.5876 
         600      1.94571  0.000480644  8.06677e-06      57.5876 
         600      1.98869  0.000467744   8.4335e-06      57.5876 
         600      2.03217  0.000454754  8.79756e-06      57.5876 
         600      2.07612   0.00044168  9.15818e-06      57.5876 
         600      2.12051  0.000428529   9.5147e-06      57.5876 
         600       2.1654   0.00041528  9.86746e-06      57.5876 
         600      2.21073  0.000401957  1.02157e-05      57.5876 
         600      2.25656  0.000388546    1.056e-05      57.5876 
         600      2.30283  0.000375077  1.08997e-05      57.5876 
         600       2.3496   0.00036154  1.12353e-05      57.5876 
         600      2.39685  0.000347959  1.15665e-05      57.5876 
         600      2.44452  0.000334363   1.1893e-05      57.5876 
         600      2.49271  0.000320748  1.22151e-05      57.5876 
         600      2.54132  0.000307157  1.25323e-05      57.5876 
         600      2.59044   0.00029359  1.28447e-05      57.5876 
         600         2.64  0.000280092  1.31515e-05      57.5876 
         600      2.69006  0.000266667  1.34525e-05      57.5876 
         600      2.74056  0.000253361  1.37467e-05      57.5876 
         600      2.79156   0.00024018  1.40339e-05      57.5876 
         600      2.84304   0.00022716  1.43128e-05      57.5876 
         600      2.89494  0.000214338  1.45823e-05      57.5876 
         600      2.94735  0.000201719  1.48419e-05      57.5876 
         600       3.0002  0.000189349  1.50899e-05      57.5876 
         600      3.05355  0.000177232  1.53259e-05      57.5876 
         600      3.10733  0.000165412  1.55484e-05      57.5876 
         600      3.16163  0.000153892   1.5757e-05      57.5876 
         600      3.21639  0.000142702  1.59513e-05      57.5876 
         600      3.27158  0.000131871   1.6131e-05      57.5876 
         600      3.32729  0.000121401   1.6297e-05      57.5876 
         600      3.38342  0.000111324  1.64505e-05      57.5876 
         600      3.44007  0.000101643  1.65942e-05      57.5876 
         600      3.49714  9.23877e-05  1.67314e-05      57.5876 
         600      3.55472    8.356e-05  1.68678e-05      57.5876 
         600      3.61273  7.51904e-05  1.70101e-05      57.5876 
         600      3.67125  6.72839e-05  1.71681e-05      57.5876 
         600      3.73025  5.98678e-05  1.73539e-05      57.5876 
         600      3.78967   5.2908e-05  1.74446e-05      57.5876 
         600      3.84961  4.64391e-05  1.74863e-05      57.5876 
         600      3.90996  4.04866e-05  1.75374e-05      57.5876 
         600      3.97084  3.50216e-05  1.75934e-05      57.5876 
         600      4.03214  3.00338e-05  1.76499e-05      57.5876 
         600      4.09395  2.54962e-05  1.77031e-05      57.5876 
         600      4.15624   2.1394e-05  1.77495e-05      57.5875 
         600      4.21895  1.77112e-05  1.77859e-05      57.5875 
         600      4.28217  1.44235e-05  1.78094e-05      57.5875 
         600      4.34582  1.15179e-05  1.78178e-05      57.5875 
         600      4.40998  8.97203e-06  1.78089e-05      57.5875 
         600      4.47457  6.77261e-06   1.7781e-05      57.5875 
         600      4.53968  4.89924e-06  1.77328e-05      57.5875 
         600      4.60525  3.33753e-06  1.76634e-05      57.5875 
         600      4.67125  2.07262e-06  1.75722e-05      57.5875 
         600      4.73777  1.08744e-06  1.74587e-05      57.5875 
         600       4.8047  3.69185e-07  1.73232e-05      57.5875 
         600      4.87216 -9.69257e-08  1.71658e-05      57.5875 
         600      4.94003 -3.23027e-07  1.69874e-05      57.5875 
         600      5.00843 -3.25432e-07  1.67893e-05      57.5875 
         600      5.07724 -2.13205e-07  1.65933e-05      57.5875 
         600      5.14658  1.04696e-07  1.63791e-05      57.5875 
         600      5.21639  6.16091e-07  1.61495e-05      57.5875 
         600      5.28661  1.30861e-06  1.59072e-05      57.5875 
         600      5.35736  2.17204e-06  1.56537e-05      57.5875 
         600      5.42852  3.19415e-06  1.53909e-05      57.5875 
         600      5.50021  4.36615e-06  1.51193e-05      57.5875 
         600      5.57231  5.67619e-06    1.484e-05      57.5875 
         600      5.64493  7.11677e-06  1.45527e-05      57.5875 
         600      5.71803  8.67771e-06  1.42573e-05      57.5875 
         600      5.79154  1.03488e-05  1.39536e-05      57.5875 
         600      5.86558  1.21243e-05  1.36405e-05      57.5875 
         600      5.94003  1.39931e-05  1.33178e-05      57.5875 
         600      6.01501  1.59502e-05  1.29843e-05      57.5875 
         600       6.0904  1.79845e-05  1.26403e-05      57.5875 
         600      6.16632  2.00914e-05  1.22853e-05      57.5875 
         600      6.24271  2.22614e-05  1.19205e-05      57.5875 
         600       6.3195  2.44845e-05  1.15482e-05      57.5875 
         600      6.39683  2.67558e-05  1.11712e-05      57.5875 
         600      6.47457  2.90627e-05   1.0795e-05      57.5875 
         600      6.55284  3.13992e-05  1.04264e-05      57.5875 
         600      6.63152  3.37511e-05  1.00757e-05      57.5875 
         600      6.71073  3.61104e-05  9.75555e-06      57.5875 
         600      6.79034  3.84604e-05  9.48323e-06      57.5875 
         600      6.87049  4.07902e-05  9.27963e-06      57.5875 
         600      6.95111  4.30815e-05  9.17145e-06      57.5875 
         600      7.03214  4.53592e-05  9.05238e-06      57.5875 
         600       7.1137  4.77246e-05  8.66981e-06      57.5875 
         600      7.19566  5.00753e-05   8.3549e-06      57.5875 
         600      7.27816  5.24163e-05  8.09585e-06      57.5875 
         600      7.36106  5.47442e-05  7.88276e-06      57.5875 
         600      7.44451  5.70621e-05    7.706e-06      57.5875 
         600      7.52842  5.93669e-05  7.55742e-06      57.5875 
         600      7.61273  6.16551e-05   7.4298e-06      57.5875 
         600      7.69758  6.39279e-05  7.31661e-06      57.5875 
         600      7.78283  6.61791e-05  7.21273e-06      57.5875 
         600      7.86862  6.84097e-05  7.11363e-06      57.5875 
         600      7.95481  7.06133e-05  7.01606e-06      57.5875 
         600      8.04155  7.27906e-05  6.91738e-06      57.5875 
         600      8.12868  7.49358e-05  6.81613e-06      57.5875 
         600      8.21635  7.70502e-05  6.71139e-06      57.5875 
         600      8.30449  7.91304e-05  6.60324e-06      57.5875 
         600      8.39303   8.1174e-05  6.49248e-06      57.5875 
         600      8.48211  8.31838e-05   6.3803e-06      57.5875 
         600      8.57159  8.51574e-05  6.26881e-06      57.5875 
         600      8.66161  8.70995e-05   6.1602e-06      57.5875 
         600      8.75203  8.90097e-05  6.05739e-06      57.5875 
         600      8.84299  9.08948e-05  5.96321e-06      57.5875 
         600      8.93443  9.27571e-05  5.84319e-06      57.5875 
         600      9.02626  9.45921e-05  5.71446e-06      57.5875 
         600      9.11863  9.64049e-05  5.59045e-06      57.5875 
         600      9.21139   9.8195e-05  5.47318e-06      57.5875 
         600      9.30471  9.99664e-05  5.36383e-06      57.5875 
         600      9.39841  0.000101717  5.26343e-06      57.5875 
         600      9.49267  0.000103449  5.17219e-06      57.5875 
         600      9.58739  0.000105159  5.09011e-06      57.5875 
         600      9.68251  0.000106845  5.01672e-06      57.5875 
         600      9.77817  0.000108507  4.95095e-06      57.5875 
         600      9.87422  0.000110139  4.89156e-06      57.5875 
         600      9.97083  0.000111742  4.83681e-06      57.5875 
         600      10.0678  0.000113309  4.78488e-06      57.5875 
         600      10.1654  0.000114842  4.73356e-06      57.5875 
         600      10.2633  0.000116338  4.68074e-06      57.5875 
         600      10.3618  0.000117801  4.62412e-06      57.5875 
         600      10.4607  0.000119232  4.56165e-06      57.5875 
         600      10.5601  0.000120637  4.49153e-06      57.5875 
         600        10.66  0.000122028  4.41221e-06      57.5875 
         600      10.7603  0.000123419  4.32293e-06      57.5875 
         600      10.8611  0.000124832  4.22341e-06      57.5875 
         600      10.9623  0.000126293  4.11464e-06      57.5875 
         600      11.0641  0.000127503  4.08144e-06      57.5875 
         600      11.1663  0.000128718  4.02336e-06      57.5875 
         600       11.269  0.000129977  3.93675e-06      57.5875 
         600      11.3721  0.000131255  3.83683e-06      57.5875 
         600      11.4757   0.00013253  3.73508e-06      57.5875 
         600      11.5798  0.000133788  3.63911e-06      57.5875 
         600      11.6844  0.000135018  3.55384e-06      57.5875 
         600      11.7894  0.000136215  3.48136e-06      57.5875 
         600       11.895  0.000137377  3.42194e-06      57.5875 
         600      12.0009  0.000138502  3.37424e-06      57.5875 
         600      12.1073  0.000139595   3.3357e-06      57.5875 
         600      12.2142  0.000140659  3.30318e-06      57.5875 
         600      12.3216    0.0001417  3.27312e-06      57.5875 
         600      12.4294  0.000142723  3.24209e-06      57.5875 
         600      12.5378  0.000143734  3.20689e-06      57.5875 
         600      12.6465  0.000144735  3.16505e-06      57.5875 
         600      12.7558  0.000145732  3.11479e-06      57.5875 
         600      12.8656  0.000146726  3.05537e-06      57.5875 
         600      12.9757  0.000147717  2.98717e-06      57.5875 
         600      13.0864  0.000148704  2.91145e-06      57.5875 
         600      13.1975  0.000149682  2.83071e-06      57.5875 
         600      13.3092  0.000150646  2.74811e-06      57.5875 
         600      13.4212  0.000151588  2.66768e-06      57.5875 
         600      13.5338  0.000152499  2.59351e-06      57.5875 
         600      13.6468  0.000153368  2.52975e-06      57.5875 
         600      13.7603  0.000154182  2.47986e-06      57.5875 
         600      13.8743  0.000154931  2.44583e-06      57.5875 
         600      13.9886  0.000155686  2.41606e-06      57.5875 
         600      14.1036  0.000156496  2.37249e-06      57.5875 
         600      14.2189  0.000157266  2.32749e-06      57.5875 
         600      14.3348  0.000158003  2.28145e-06      57.5875 
         600       14.451  0.000158715  2.22936e-06      57.5875 
         600      14.5678  0.000159416  2.15898e-06      57.5875 
         600      14.6851  0.000160122  2.04948e-06      57.5875 
         600      14.8028  0.000160856  1.86961e-06      57.5875 
         600       14.921  0.000161648  1.57517e-06      57.5875 
         600      15.0396  0.000162163  1.69845e-06      57.5875 
         600      15.1588  0.000162744  1.79432e-06      57.5875 
         600      15.2783  0.000163387  1.82261e-06      57.5875 
         600      15.3984  0.000164062  1.80074e-06      57.5875 
         600       15.519  0.000164741  1.74328e-06      57.5875 
         600        15.64  0.000165408   1.6625e-06      57.5875 
         600      15.7615   0.00016605  1.56816e-06      57.5875 
         600      15.8834  0.000166661  1.46828e-06      57.5875 
         600      16.0058  0.000167241  1.36878e-06      57.5875 
         600      16.1286  0.000167789  1.27427e-06      57.5875 
         600       16.252   0.00016831  1.18769e-06      57.5875 
         600      16.3759  0.000168808    1.111e-06      57.5875 
         600      16.5002   0.00016929  1.04517e-06      57.5875 
         600       16.625  0.000169762  9.90161e-07      57.5875 
         600      16.7501  0.000170229  9.45532e-07      57.5875 
         600      16.8759  0.000170695  9.10183e-07      57.5875 
         600       17.002  0.000171164  8.82815e-07      57.5875 
         600      17.1287  0.000171636  8.61823e-07      57.5875 
         600      17.2557  0.000172112  8.45589e-07      57.5876 
         600      17.3834  0.000172588  8.32436e-07      57.5876 
         600      17.5115  0.000173061  8.20793e-07      57.5876 
         600      17.6399  0.000173525  8.09206e-07      57.5876 
         600       17.769  0.000173974   7.9633e-07      57.5876 
         600      17.8984  0.000174401  7.80998e-07      57.5876 
         600      18.0284  0.000174801  7.62095e-07      57.5876 
         600      18.1587   0.00017517  7.38595e-07      57.5876 
         600      18.2896  0.000175507  7.09336e-07      57.5876 
         600       18.421  0.000175816  6.73006e-07      57.5876 
         600      18.5528  0.000176107  6.27932e-07      57.5876 
         600      18.6851    0.0001764  5.71734e-07      57.5876 
         600      18.8178  0.000176726  5.01337e-07      57.5876 
         600      18.9511  0.000177129  4.12289e-07      57.5876 
         600      19.0847  0.000177669  2.98872e-07      57.5876 
         600      19.2189  0.000177852  4.02237e-07      57.5876 
         600      19.3535  0.000178067  4.61553e-07      57.5876 
         600      19.4886   0.00017832  4.71126e-07      57.5876 
         600      19.6242  0.000178603   4.3751e-07      57.5876 
         600      19.7602  0.000178906  3.70633e-07      57.5876 
         600      19.8968  0.000179221   2.8339e-07      57.5876 
         600      20.0337  0.000179542  1.91914e-07      57.5876 
         600      20.1712  0.000179861  1.14911e-07      57.5876 
         600      20.3091  0.000180174  7.39539e-08      57.5876 
         600      20.4475  0.000180478  9.17457e-08      57.5876 
         600      20.5864  0.000180784  1.02681e-07      57.5876 
         600      20.7257   0.00018105  1.04181e-07      57.5876 
         600      20.8655  0.000181285  9.72372e-08      57.5876 
         600      21.0058  0.000181494  8.29599e-08      57.5876 
         600      21.1465  0.000181684  6.25068e-08      57.5876 
         600      21.2877  0.000181859  3.71422e-08      57.5876 
         600      21.4294  0.000182024  8.08279e-09      57.5876 
         600      21.5716  0.000182182 -2.33981e-08      57.5876 
         600      21.7142  0.000182337 -5.60468e-08      57.5876 
         600      21.8573  0.000182491  -8.8743e-08      57.5876 
         600      22.0008  0.000182645 -1.20337e-07      57.5876 
         600      22.1449  0.000182802 -1.49879e-07      57.5876 
         600      22.2893  0.000182961 -1.76438e-07      57.5876 
         600      22.4344  0.000183124 -1.99302e-07      57.5877 
         600      22.5797  0.000183291 -2.17832e-07      57.5877 
         600      22.7257  0.000183462 -2.31613e-07      57.5877 
         600      22.8721  0.000183635 -2.40356e-07      57.5877 
         600      23.0189  0.000183811 -2.43964e-07      57.5877 
         600      23.1663  0.000183988  -2.4253e-07      57.5877 
         600       23.314  0.000184165 -2.36325e-07      57.5877 
         600      23.4623  0.000184342 -2.25792e-07      57.5877 
         600       23.611  0.000184517 -2.11571e-07      57.5877 
         600      23.7602  0.000184688 -1.94432e-07      57.5877 
         600        23.91  0.000184855 -1.75328e-07      57.5877 
         600        24.06  0.000185017 -1.55351e-07      57.5877 
         600      24.2107  0.000185171 -1.35656e-07      57.5877 
         600      24.3617  0.000185317 -1.17541e-07      57.5877 
         600      24.5133  0.000185447 -1.07332e-07      57.5877 
         600      24.6653  0.000185484 -1.49421e-07      57.5877 
         600      24.8178  0.000185524 -1.82358e-07      57.5877 
         600      24.9708  0.000185567 -2.07989e-07      57.5877 
         600      25.1242  0.000185615 -2.28065e-07      57.5877 
         600      25.2781  0.000185666 -2.44248e-07      57.5877 
         600      25.4324  0.000185721 -2.57971e-07      57.5877 
         600      25.5873   0.00018578 -2.70526e-07      57.5877 
         600      25.7426  0.000185842 -2.82932e-07      57.5877 
         600      25.8984  0.000185907 -2.95984e-07      57.5877 
         600      26.0546  0.000185975 -3.10134e-07      57.5877 
         600      26.2114  0.000186045 -3.25526e-07      57.5877 
         600      26.3686  0.000186118 -3.41877e-07      57.5877 
         600      26.5262  0.000186192 -3.58447e-07      57.5878 
         600      26.6844  0.000186267 -3.74033e-07      57.5878 
         600      26.8429  0.000186344 -3.86812e-07      57.5878 
         600       27.002  0.000186422 -3.94371e-07      57.5878 
         600      27.1615  0.000186501 -3.93559e-07      57.5878 
         600      27.3216  0.000186582 -3.80453e-07      57.5878 
         600      27.4821  0.000186666 -3.50255e-07      57.5878 
         600       27.643  0.000186752 -2.97271e-07      57.5878 
         600      27.8044  0.000186843 -2.14625e-07      57.5878 
         600      27.9663  0.000186941 -9.45187e-08      57.5878 
         600      28.1287  0.000187046 -6.97022e-08      57.5878 
         600      28.2914  0.000187119 -1.38135e-07      57.5878 
         600      28.4548  0.000187159 -1.76043e-07      57.5878 
         600      28.6185  0.000187179 -1.99436e-07      57.5878 
         600      28.7828  0.000187186 -2.23227e-07      57.5878 
         600      28.9475  0.000187187 -2.60834e-07      57.5878 
         600      29.1126  0.000187185 -3.23959e-07      57.5878 
         600      29.2784  0.000187181 -4.22569e-07      57.5878 
         600      29.4444  0.000187174 -5.64249e-07      57.5878 
         600       29.611  0.000187295 -3.77166e-07      57.5878 
         600       29.778   0.00018741  -2.0598e-07      57.5878 
         600      29.9456  0.000187509 -7.57703e-08      57.5879 
         600      30.1137  0.000187591  2.01278e-08      57.5879 
         600      30.2821  0.000187659  8.79416e-08      57.5879 
         600      30.4511  0.000187713  1.33476e-07      57.5879 
         600      30.6204  0.000187755  1.61766e-07      57.5879 
         600      30.7903  0.000187787   1.7737e-07      57.5879 
         600      30.9606  0.000187811  1.84171e-07      57.5879 
         600      31.1315  0.000187828  1.85493e-07      57.5879 
         600      31.3028   0.00018784  1.84046e-07      57.5879 
         600      31.4745  0.000187849  1.81971e-07      57.5879 
         600      31.6468  0.000187856  1.80847e-07      57.5879 
         600      31.8194  0.000187863  1.81727e-07      57.5879 
         600      31.9926   0.00018787  1.85175e-07      57.5879 
         600      32.1662  0.000187878  1.91304e-07      57.5879 
         600      32.3404  0.000187888  1.99849e-07      57.5879 
         600      32.5149  0.000187898  2.10199e-07      57.5879 
         600        32.69   0.00018791  2.21517e-07      57.5879 
         600      32.8655  0.000187923  2.32772e-07      57.5879 
         600      33.0414  0.000187936   2.4286e-07       57.588 
         600       33.218  0.000187949  2.50729e-07       57.588 
         600      33.3948  0.000187959  2.55447e-07       57.588 
         600      33.5723  0.000187968  2.56375e-07       57.588 
         600        33.75  0.000187974  2.53283e-07       57.588 
         600      33.9284  0.000187977  2.46508e-07       57.588 
         600      34.1073  0.000187978  2.37133e-07       57.588 
         600      34.2865  0.000187976  2.27167e-07       57.588 
         600      34.4663  0.000187975  2.19711e-07       57.588 
         600      34.6465  0.000187976   2.1922e-07       57.588 
         600      34.8272  0.000187985  2.31694e-07       57.588 
         600      35.0083  0.000188006  2.64907e-07       57.588 
         600        35.19  0.000188047  3.28771e-07       57.588 
         600      35.3721  0.000188119  4.35477e-07       57.588 
         600      35.5546  0.000188268  4.47609e-07       57.588 
         600      35.7377  0.000188355    4.525e-07       57.588 
         600      35.9211  0.000188388  4.56494e-07      57.5881 
         600      36.1052   0.00018838   4.5948e-07      57.5881 
         600      36.2895  0.000188344  4.60666e-07      57.5881 
         600      36.4745  0.000188296  4.58783e-07      57.5881 
         600      36.6598  0.000188248  4.52316e-07      57.5881 
         600      36.8457  0.000188212  4.39754e-07      57.5881 
         600      37.0321  0.000188196  4.19931e-07      57.5881 
         600      37.2188  0.000188202  3.92395e-07      57.5881 
         600      37.4062  0.000188227  3.57723e-07      57.5881 
         600      37.5938  0.000188258  3.18139e-07      57.5881 
         600      37.7821  0.000188275  2.77805e-07      57.5881 
         600      37.9707  0.000188243  2.43612e-07      57.5881 
         600      38.1599  0.000188116  2.25566e-07      57.5881 
         600      38.3496  0.000188076  2.25916e-07      57.5881 
         600      38.5396  0.000188204  2.35619e-07      57.5882 
         600      38.7302  0.000188255  2.56083e-07      57.5882 
         600      38.9211  0.000188253  2.80862e-07      57.5882 
         600      39.1127  0.000188217  3.05632e-07      57.5882 
         600      39.3046  0.000188162  3.27716e-07      57.5882 
         600      39.4971  0.000188101  3.45919e-07      57.5882 
         600      39.6899  0.000188046  3.60079e-07      57.5882 
         600      39.8833  0.000188002  3.70904e-07      57.5882 
         600      40.0772  0.000187975  3.79614e-07      57.5882 
         600      40.2714  0.000187967  3.87733e-07      57.5882 
         600      40.4663  0.000187979  3.96869e-07      57.5882 
         600      40.6615   0.00018801  4.08465e-07      57.5882 
         600      40.8573  0.000188058  4.23672e-07      57.5882 
         600      41.0534  0.000188118  4.43118e-07      57.5883 
         600      41.2501  0.000188186  4.66869e-07      57.5883 
         600      41.4473  0.000188256  4.94226e-07      57.5883 
         600      41.6448  0.000188322   5.2368e-07      57.5883 
         600      41.8429  0.000188377  5.52953e-07      57.5883 
         600      42.0414  0.000188415  5.78821e-07      57.5883 
         600      42.2405   0.00018843  5.97308e-07      57.5883 
         600      42.4399  0.000188416  6.03598e-07      57.5883 
         600      42.6399  0.000188368  5.92224e-07      57.5883 
         600      42.8404  0.000188282  5.57146e-07      57.5883 
         600      43.0412  0.000188155  4.92028e-07      57.5883 
         600      43.2426  0.000187987  3.90209e-07      57.5884 
         600      43.4444  0.000187783  2.48987e-07      57.5884 
         600      43.6467   0.00018794  3.29409e-07      57.5884 
         600      43.8494  0.000188047  3.83227e-07      57.5884 
         600      44.0527  0.000188114  4.16477e-07      57.5884 
         600      44.2563  0.000188151   4.3425e-07      57.5884 
         600      44.4606  0.000188165  4.40973e-07      57.5884 
         600      44.6653  0.000188164  4.40319e-07      57.5884 
         600      44.8704  0.000188153  4.35329e-07      57.5884 
         600       45.076  0.000188137   4.2842e-07      57.5884 
         600       45.282   0.00018812   4.2147e-07      57.5884 
         600      45.4886  0.000188105  4.15824e-07      57.5885 
         600      45.6955  0.000188093  4.12395e-07      57.5885 
         600       45.903  0.000188087  4.11675e-07      57.5885 
         600      46.1111  0.000188087  4.13815e-07      57.5885 
         600      46.3194  0.000188093  4.18662e-07      57.5885 
         600      46.5283  0.000188106  4.25832e-07      57.5885 
         600      46.7376  0.000188123  4.34733e-07      57.5885 
         600      46.9475  0.000188145  4.44669e-07      57.5885 
         600      47.1577   0.00018817  4.54839e-07      57.5885 
         600      47.3685  0.000188196  4.64453e-07      57.5885 
         600      47.5798  0.000188223  4.72738e-07      57.5886 
         600      47.7914  0.000188249  4.79021e-07      57.5886 
         600      48.0037  0.000188273  4.82797e-07      57.5886 
         600      48.2162  0.000188293  4.83762e-07      57.5886 
         600      48.4294  0.000188309  4.81894e-07      57.5886 
         600      48.6429  0.000188321  4.77501e-07      57.5886 
         600       48.857  0.000188328  4.71277e-07      57.5886 
         600      49.0714  0.000188331  4.64386e-07      57.5886 
         600      49.2865  0.000188332  4.58482e-07      57.5886 
         600       49.502  0.000188333  4.55813e-07      57.5886 
         600      49.7179  0.000188337  4.59251e-07      57.5887 
         600      49.9343  0.000188347  4.72371e-07      57.5887 
         600      50.1511  0.000188369  4.99473e-07      57.5887 
         600      50.3685  0.000188409  5.45744e-07      57.5887 
         600      50.5862  0.000188373  5.12228e-07      57.5887 
         600      50.8046  0.000188315  4.72587e-07      57.5887 
         600      51.0234  0.000188269  4.61798e-07      57.5887 
         600      51.2425  0.000188234  4.76189e-07      57.5887 
         600      51.4623   0.00018821  5.09652e-07      57.5888 
         600      51.6824  0.000188193   5.5335e-07      57.5888 
         600      51.9031  0.000188181  5.95718e-07      57.5888 
         600      52.1241  0.000188165  6.22063e-07      57.5888 
         600      52.3457  0.000188139   6.1461e-07      57.5888 
         600      52.5676  0.000188089  5.52244e-07      57.5888 
         600      52.7902  0.000188001  4.10229e-07      57.5888 
         600      53.0133  0.000187855  1.60306e-07      57.5888 
         600      53.2366  0.000187777  3.48716e-08      57.5888 
         600      53.4606  0.000187896  2.45122e-07      57.5889 
         600      53.6849  0.000187998  4.01874e-07      57.5889 
         600      53.9099  0.000188081   5.1287e-07      57.5889 
         600      54.1351  0.000188146  5.85027e-07      57.5889 
         600       54.361  0.000188192  6.25151e-07      57.5889 
         600      54.5873   0.00018822  6.39441e-07      57.5889 
         600      54.8139  0.000188231  6.33741e-07      57.5889 
         600      55.0412  0.000188228  6.13417e-07      57.5889 
         600      55.2688  0.000188211  5.83408e-07       57.589 
         600       55.497  0.000188184  5.48096e-07       57.589 
         600      55.7255  0.000188149  5.11476e-07       57.589 
         600      55.9547  0.000188109  4.76931e-07       57.589 
         600      56.1844  0.000188067  4.47422e-07       57.589 
         600      56.4143  0.000188027  4.25374e-07       57.589 
         600      56.6449   0.00018799   4.1263e-07       57.589 
         600      56.8757  0.000187961  4.10552e-07       57.589 
         600      57.1072  0.000188009  3.93778e-07      57.5891 
         600       57.339   0.00018808  3.70912e-07      57.5891 
         600      57.5715  0.000188138  3.52947e-07      57.5891 
         600      57.8042  0.000188185  3.40356e-07      57.5891 
         600      58.0376  0.000188219  3.33435e-07      57.5891 
         600      58.2715  0.000188243  3.32365e-07      57.5891 
         600      58.5057  0.000188258  3.37143e-07      57.5891 
         600      58.7405  0.000188263  3.47605e-07      57.5892 
         600      58.9756  0.000188262  3.63377e-07      57.5892 
         600      59.2113  0.000188254  3.83945e-07      57.5892 
         600      59.4473  0.000188242  4.08557e-07      57.5892 
         600       59.684  0.000188227  4.36365e-07      57.5892 
         600      59.9212  0.000188209   4.6631e-07      57.5892 
         600      60.1586   0.00018819  4.97202e-07      57.5892 
         600      60.3967  0.000188171  5.27827e-07      57.5893 
         600      60.6351  0.000188152  5.56815e-07      57.5893 
         600      60.8741  0.000188134  5.82875e-07      57.5893 
         600      61.1135  0.000188118   6.0467e-07      57.5893 
         600      61.3534  0.000188103  6.21034e-07      57.5893 
         600      61.5939  0.000188089  6.30915e-07      57.5893 
         600      61.8346  0.000188077  6.33524e-07      57.5893 
         600       62.076  0.000188067  6.28407e-07      57.5894 
         600      62.3177  0.000188057  6.15536e-07      57.5894 
         600        62.56  0.000188049  5.95387e-07      57.5894 
         600      62.8026  0.000188042  5.69125e-07      57.5894 
         600      63.0459  0.000188038   5.3861e-07      57.5894 
         600      63.2894  0.000188036   5.0669e-07      57.5894 
         600      63.5336  0.000188037   4.7716e-07      57.5895 
         600      63.7783  0.000188045  4.55093e-07      57.5895 
         600      64.0233  0.000188061  4.46906e-07      57.5895 
         600      64.2689   0.00018809  4.60542e-07      57.5895 
         600      64.5148  0.000188136  5.05663e-07      57.5895 
         600      64.7613  0.000188206  5.93972e-07      57.5895 
         600      65.0082  0.000188306  7.39096e-07      57.5895 
         600      65.2557  0.000188448  9.57433e-07      57.5896 
         600      65.5036  0.000188421   8.6663e-07      57.5896 
         600      65.7519   0.00018837  7.29136e-07      57.5896 
         600      66.0008  0.000188334  6.22087e-07      57.5896 
         600        66.25   0.00018831  5.41718e-07      57.5896 
         600      66.4998  0.000188293  4.84167e-07      57.5896 
         600        66.75   0.00018828  4.46018e-07      57.5897 
         600      67.0007  0.000188269   4.2392e-07      57.5897 
         600      67.2518  0.000188256  4.14852e-07      57.5897 
         600      67.5035  0.000188243  4.15974e-07      57.5897 
         600      67.7557  0.000188226  4.24712e-07      57.5897 
         600      68.0082  0.000188207  4.38709e-07      57.5897 
         600      68.2614  0.000188185  4.55894e-07      57.5898 
         600      68.5148  0.000188161  4.74394e-07      57.5898 
         600      68.7688  0.000188135  4.92646e-07      57.5898 
         600      69.0232  0.000188109   5.0928e-07      57.5898 
         600      69.2782  0.000188082  5.23234e-07      57.5898 
         600      69.5337  0.000188057  5.33657e-07      57.5898 
         600      69.7895  0.000188033  5.39963e-07      57.5899 
         600      70.0459  0.000188013  5.41825e-07      57.5899 
         600      70.3026  0.000187996  5.39154e-07      57.5899 
         600        70.56  0.000187984  5.32099e-07      57.5899 
         600      70.8176  0.000187976  5.21065e-07      57.5899 
         600      71.0759  0.000187973   5.0666e-07        57.59 
         600      71.3347  0.000187973  4.89744e-07        57.59 
         600      71.5938  0.000187977  4.71402e-07        57.59 
         600      71.8535  0.000187982  4.52883e-07        57.59 
         600      72.1135  0.000187986  4.35696e-07        57.59 
         600      72.3741  0.000187987   4.2148e-07        57.59 
         600       72.635  0.000187981    4.121e-07      57.5901 
         600      72.8967  0.000187964   4.0955e-07      57.5901 
         600      73.1585   0.00018798  4.09728e-07      57.5901 
         600      73.4211   0.00018802  4.17176e-07      57.5901 
         600      73.6841  0.000188047  4.34884e-07      57.5901 
         600      73.9473  0.000188061  4.59805e-07      57.5902 
         600      74.2113  0.000188066  4.89187e-07      57.5902 
         600      74.4755  0.000188062  5.20442e-07      57.5902 
         600      74.7404  0.000188053   5.5133e-07      57.5902 
         600      75.0056  0.000188039  5.79786e-07      57.5902 
         600      75.2714  0.000188023  6.04128e-07      57.5903 
         600      75.5377  0.000188007  6.22916e-07      57.5903 
         600      75.8043  0.000187991  6.35063e-07      57.5903 
         600      76.0715  0.000187978  6.39869e-07      57.5903 
         600       76.339  0.000187968  6.37003e-07      57.5903 
         600      76.6072  0.000187961  6.26562e-07      57.5904 
         600      76.8756  0.000187959   6.0913e-07      57.5904 
         600      77.1448  0.000187962  5.85747e-07      57.5904 
         600      77.4141  0.000187968   5.5807e-07      57.5904 
         600      77.6842  0.000187978   5.2827e-07      57.5904 
         600      77.9547   0.00018799  4.99233e-07      57.5905 
         600      78.2255  0.000188002  4.74548e-07      57.5905 
         600       78.497  0.000188013  4.58509e-07      57.5905 
         600      78.7687   0.00018802  4.56297e-07      57.5905 
         600      79.0411   0.00018802  4.73966e-07      57.5905 
         600      79.3138  0.000188011  5.18507e-07      57.5906 
         600      79.5872  0.000187987  5.98066e-07      57.5906 
         600       79.861  0.000187945  7.21826e-07      57.5906 
         600      80.1351  0.000187881  9.00046e-07      57.5906 
         600      80.4098  0.000187799  7.97992e-07      57.5907 
         600      80.6849  0.000187745  6.85987e-07      57.5907 
         600      80.9606  0.000187715  5.98621e-07      57.5907 
         600      81.2365  0.000187705  5.32247e-07      57.5907 
         600      81.5132  0.000187712  4.83337e-07      57.5907 
         600      81.7903  0.000187732  4.48882e-07      57.5908 
         600      82.0676  0.000187762  4.26159e-07      57.5908 
         600      82.3457  0.000187799   4.1271e-07      57.5908 
         600       82.624   0.00018784  4.06435e-07      57.5908 
         600       82.903  0.000187883  4.05473e-07      57.5908 
         600      83.1822  0.000187927  4.08236e-07      57.5909 
         600      83.4622  0.000187969  4.13376e-07      57.5909 
         600      83.7424  0.000188009  4.19757e-07      57.5909 
         600      84.0232  0.000188044  4.26461e-07      57.5909 
         600      84.3046  0.000188075  4.32744e-07      57.5909 
         600      84.5862    0.0001881  4.38031e-07       57.591 
         600      84.8685  0.000188119  4.41914e-07       57.591 
         600       85.151  0.000188131  4.44104e-07       57.591 
         600      85.4342  0.000188138  4.44446e-07       57.591 
         600      85.7177  0.000188137  4.42884e-07      57.5911 
         600      86.0019   0.00018813  4.39451e-07      57.5911 
         600      86.2865  0.000188118  4.34259e-07      57.5911 
         600      86.5714    0.0001881  4.27488e-07      57.5911 
         600       86.857  0.000188077  4.19349e-07      57.5912 
         600      87.1428   0.00018805  4.10113e-07      57.5912 
         600      87.4293   0.00018802  4.00047e-07      57.5912 
         600      87.7161  0.000187987  3.89459e-07      57.5912 
         600      88.0035  0.000187952  3.78628e-07      57.5913 
         600      88.2914  0.000187917  3.67848e-07      57.5913 
         600      88.5796  0.000187882  3.57393e-07      57.5913 
         600      88.8685  0.000187848  3.47488e-07      57.5914 
         600      89.1576  0.000187816  3.38352e-07      57.5914 
         600      89.4474  0.000187787  3.30132e-07      57.5914 
         600      89.7374  0.000187761  3.22954e-07      57.5914 
         600      90.0282  0.000187741  3.16864e-07      57.5915 
         600      90.3192  0.000187726  3.11873e-07      57.5915 
         600      90.6109  0.000187717  3.07909e-07      57.5915 
         600       90.903  0.000187714  3.04849e-07      57.5915 
         600      91.1954  0.000187719  3.02499e-07      57.5916 
         600      91.4885   0.00018773  3.00594e-07      57.5916 
         600      91.7819   0.00018775  2.98808e-07      57.5916 
         600      92.0759  0.000187776  2.96745e-07      57.5916 
         600      92.3702   0.00018781  2.93952e-07      57.5916 
         600      92.6652   0.00018785  2.89909e-07      57.5917 
         600      92.9606  0.000187896   2.8405e-07      57.5917 
         600      93.2563  0.000187947  2.75769e-07      57.5917 
         600      93.5527  0.000188002  2.64398e-07      57.5917 
         600      93.8493  0.000188059  2.49272e-07      57.5917 
         600      94.1466  0.000188118  2.29666e-07      57.5918 
         600      94.4442  0.000188174  2.04901e-07      57.5918 
         600      94.7425  0.000188227  1.74235e-07      57.5918 
         600       95.041  0.000188274  1.37034e-07      57.5918 
         600      95.3402  0.000188311  9.25946e-08      57.5918 
         600      95.6399  0.000188334  4.03544e-08      57.5919 
         600      95.9398  0.000188313  1.73725e-09      57.5919 
         600      96.2404  0.000188251 -1.02649e-08      57.5919 
         600      96.5412  0.000188183 -1.58134e-08      57.5919 
         600      96.8428  0.000188107 -1.46128e-08      57.5919 
         600      97.1446  0.000188022 -6.40969e-09       57.592 
         600      97.4471  0.000187926  8.99822e-09       57.592 
         600      97.7501  0.000187816  3.17106e-08       57.592 
         600      98.0533   0.00018769  6.16971e-08       57.592 
         600      98.3572  0.000187547  9.88723e-08      57.5921 
         600      98.6613  0.000187385   1.4289e-07      57.5921 
         600      98.9662  0.000187201  1.93352e-07      57.5922 
         600      99.2712  0.000186993  2.49502e-07      57.5922 
         600       99.577  0.000187009  2.60431e-07      57.5923 
         600      99.8833  0.000187182  2.27665e-07      57.5923 
         600       100.19  0.000187362  1.78278e-07      57.5924 
         600      100.497  0.000187545  1.12549e-07      57.5925 
         600      100.804  0.000187726  3.11335e-08      57.5926 
         600      101.113  0.000188014   1.5136e-08      57.5926 
         600      101.421  0.000188307  9.06792e-08      57.5927 
         600       101.73  0.000188447  1.56024e-07      57.5927 
         600      102.039  0.000188473  2.11887e-07      57.5927 
         600      102.349  0.000188415  2.59101e-07      57.5927 
         600       102.66  0.000188303  2.98291e-07      57.5927 
         600      102.971  0.000188158  3.30048e-07      57.5927 
         600      103.282  0.000187999  3.54981e-07      57.5927 
         600      103.594  0.000187842  3.73561e-07      57.5927 
         600      103.906  0.000187697   3.8629e-07      57.5927 
         600      104.219  0.000187575  3.93587e-07      57.5927 
         600      104.532   0.00018748  3.95877e-07      57.5927 
         600      104.846  0.000187415  3.93543e-07      57.5927 
         600       105.16  0.000187383  3.86968e-07      57.5927 
         600      105.474  0.000187382  3.76508e-07      57.5927 
         600      105.789  0.000187412  3.62538e-07      57.5927 
         600      106.105  0.000187468  3.45393e-07      57.5927 
         600      106.421  0.000187546  3.25456e-07      57.5927 
         600      106.738  0.000187643  3.03058e-07      57.5927 
         600      107.055  0.000187753  2.78581e-07      57.5927 
         600      107.372   0.00018787  2.52422e-07      57.5927 
         600       107.69  0.000187989  2.24924e-07      57.5927 
         600      108.008  0.000188105  1.96525e-07      57.5927 
         600      108.327  0.000188212  1.67583e-07      57.5928 
         600      108.646  0.000188307  1.38556e-07      57.5928 
         600      108.966  0.000188385  1.09819e-07      57.5928 
         600      109.286  0.000188443  8.18432e-08      57.5929 
         600      109.607  0.000188478  5.50118e-08      57.5929 
         600      109.928   0.00018849  2.97761e-08       57.593 
         600       110.25  0.000188477  6.57739e-09       57.593 
         600      110.572  0.000188441 -1.42078e-08       57.593 
         600      110.895  0.000188381 -3.21488e-08      57.5931 
         600      111.218  0.000188301  -4.6898e-08      57.5931 
         600      111.541  0.000188203 -5.80858e-08      57.5932 
         600      111.865  0.000188092 -6.54208e-08      57.5933 
         600       112.19  0.000187972 -6.86301e-08      57.5933 
         600      112.515  0.000187848 -6.75106e-08      57.5934 
         600       112.84  0.000187726 -6.19224e-08      57.5934 
         600      113.166  0.000187612 -5.18157e-08      57.5935 
         600      113.492  0.000187512 -3.72081e-08      57.5936 
         600      113.819  0.000187431 -1.82623e-08      57.5936 
         600      114.147  0.000187376  4.79126e-09      57.5937 
         600      114.474  0.000187351  3.15188e-08      57.5937 
         600      114.803   0.00018736  6.14121e-08      57.5938 
         600      115.131  0.000187404  9.37277e-08      57.5938 
         600       115.46  0.000187484  1.27524e-07      57.5939 
         600       115.79  0.000187599   1.6173e-07       57.594 
         600       116.12  0.000187743  1.94934e-07       57.594 
         600      116.451   0.00018791  2.25576e-07      57.5941 
         600      116.782  0.000188086  2.51718e-07      57.5941 
         600      117.113  0.000188257  2.71204e-07      57.5942 
         600      117.446  0.000188402  2.81481e-07      57.5942 
         600      117.778  0.000188493  2.79668e-07      57.5943 
         600      118.111  0.000188499  2.62489e-07      57.5943 
         600      118.444   0.00018838  2.26281e-07      57.5943 
         600      118.778  0.000188087  1.66844e-07      57.5944 
         600      119.112  0.000187564  7.96514e-08      57.5944 
         600      119.447  0.000186746 -4.05794e-08      57.5945 
         600      119.783  0.000185556 -1.99494e-07      57.5945 
         600      120.118  0.000183907 -4.03204e-07      57.5946 
         600      120.455   0.00018539 -4.40968e-07      57.5947 
         600      120.791  0.000187537 -4.09713e-07      57.5948 
         600      121.128  0.000189046 -3.83743e-07       57.595 
         600      121.466  0.000190012 -3.62342e-07      57.5952 
         600      121.804  0.000190525 -3.44708e-07      57.5953 
         600      122.143  0.000190667 -3.30098e-07      57.5955 
         600      122.482  0.000190509 -3.17721e-07      57.5956 
         600      122.821   0.00019012 -3.06828e-07      57.5957 
         600      123.161  0.000189557 -2.96682e-07      57.5959 
         600      123.502  0.000188874  -2.8654e-07       57.596 
         600      123.843  0.000188118 -2.75721e-07      57.5961 
         600      124.184  0.000187328 -2.63543e-07      57.5962 
         600      124.526  0.000186541 -2.49401e-07      57.5963 
         600      124.868  0.000185785  -2.3269e-07      57.5964 
         600      125.211  0.000185085 -2.12896e-07      57.5965 
         600      125.554  0.000184464 -1.89568e-07      57.5966 
         600      125.898  0.000183936 -1.62266e-07      57.5967 
         600      126.242  0.000183514 -1.30706e-07      57.5967 
         600      126.587  0.000183207 -9.45851e-08      57.5968 
         600      126.932  0.000183021 -5.37971e-08      57.5968 
         600      127.278  0.000182957  -8.2053e-09      57.5968 
         600      127.624  0.000183016  4.21305e-08      57.5968 
         600      127.971  0.000183195  9.70277e-08      57.5968 
         600      128.318   0.00018349  1.56323e-07      57.5967 
         600      128.665  0.000183893  2.19549e-07      57.5967 
         600      129.013  0.000184397  2.86303e-07      57.5966 
         600      129.361  0.000184993   3.5584e-07      57.5966 
         600       129.71  0.000185669  4.27488e-07      57.5965 
         600       130.06  0.000186414  5.00195e-07      57.5964 
         600       130.41  0.000187218  5.72983e-07      57.5962 
         600       130.76  0.000188067   6.4453e-07      57.5961 
         600      131.111  0.000188947  7.13341e-07      57.5959 
         600      131.462  0.000189849  7.77905e-07      57.5958 
         600      131.814  0.000190758  8.36306e-07      57.5956 
         600      132.166  0.000191665  8.86624e-07      57.5954 
         600      132.519  0.000192555  9.26562e-07      57.5952 
         600      132.872  0.000193422  9.53746e-07      57.5949 
         600      133.226  0.000194253  9.65477e-07      57.5947 
         600       133.58  0.000195041  9.58873e-07      57.5944 
         600      133.934   0.00019578   9.3079e-07      57.5941 
         600      134.289  0.000196461  8.77893e-07      57.5938 
         600      134.645  0.000197082  7.96454e-07      57.5935 
         600          135  0.000197639    6.827e-07      57.5932 
         600      135.357  0.000197634  5.00145e-07      57.5931 
         600      135.714  0.000197311  3.25664e-07      57.5931 
         600      136.071  0.000196731  1.71193e-07       57.593 
         600      136.429  0.000195865  3.53712e-08       57.593 
         600      136.787    0.0001947 -8.32255e-08      57.5931 
         600      137.146  0.000193239 -1.86292e-07      57.5931 
         600      137.505  0.000191502 -2.75145e-07      57.5931 
         600      137.865   0.00018952 -3.51383e-07      57.5932 
         600      138.225  0.000187347 -4.16295e-07      57.5933 
         600      138.586  0.000185038 -4.71346e-07      57.5934 
         600      138.947  0.000182669  -5.1778e-07      57.5935 
         600      139.309  0.000180322 -5.56798e-07      57.5937 
         600      139.671  0.000178082 -5.89612e-07      57.5938 
         600      140.033  0.000176046 -6.17228e-07       57.594 
         600      140.397  0.000174307 -6.40655e-07      57.5942 
         600       140.76  0.000172961 -6.60717e-07      57.5944 
         600      141.124  0.000172099 -6.78197e-07      57.5946 
         600      141.488  0.000171805 -6.93713e-07      57.5949 
         600      141.853   0.00017215 -7.07769e-07      57.5951 
         600      142.219  0.000173193 -7.20776e-07      57.5954 
         600      142.584  0.000174968  -7.3297e-07      57.5956 
         600      142.951  0.000177493 -7.44493e-07      57.5959 
         600      143.317  0.000180746 -7.55313e-07      57.5962 
         600      143.685  0.000184681 -7.65296e-07      57.5965 
         600      144.052    0.0001892 -7.74134e-07      57.5968 
         600      144.421   0.00019417 -7.81406e-07      57.5971 
         600      144.789  0.000199398 -7.86531e-07      57.5974 
         600      145.158  0.000204626 -7.88794e-07      57.5977 
         600      145.528  0.000209544 -7.87345e-07      57.5981 
         600      145.898  0.000213751 -7.81201e-07      57.5984 
         600      146.269  0.000216776 -7.69231e-07      57.5987 
         600       146.64  0.000218048 -7.50207e-07       57.599 
         600      147.011  0.000216901  -7.2273e-07      57.5993 
         600      147.383  0.000212558 -6.85322e-07      57.5995 
         600      147.755   0.00020413  -6.3643e-07      57.5998 
         600      148.128  0.000190582 -5.74277e-07      57.6001 
         600      148.502  0.000170773 -4.97173e-07      57.6003 
         600      148.876   0.00014336 -4.03122e-07      57.6005 
         600       149.25  0.000106914  -2.9033e-07      57.6007 
         600      149.625  5.97298e-05 -1.56613e-07      57.6009 
         600          150            0            0       57.601 
