Variables = x, y, u, v, p

Zone, I=800, F=POINT
         550            0            0            0      60.4881 
         550     0.000234  8.01495e-06 -3.77037e-11      60.4881 
         550     0.000939  3.03238e-05 -5.98444e-10      60.4881 
         550     0.002113  6.18493e-05 -3.01395e-09      60.4881 
         550     0.003759  9.58524e-05 -9.48947e-09      60.4881 
         550     0.005872  0.000125539 -2.30189e-08      60.4881 
         550     0.008457  0.000146307 -4.74123e-08      60.4881 
         550      0.01151  0.000156812 -8.71059e-08      60.4881 
         550     0.015036  0.000159484 -1.47254e-07      60.4881 
         550     0.019031  0.000159567 -2.33398e-07      60.4881 
         550     0.023493  0.000163186 -3.51461e-07      60.4881 
         550     0.028429  0.000174836 -5.07919e-07      60.4881 
         550     0.033831  0.000195244 -7.08958e-07      60.4881 
         550     0.039706   0.00022083 -9.61302e-07      60.4881 
         550     0.046047  0.000245448 -1.27101e-06      60.4881 
         550     0.052863   0.00026483 -1.64467e-06      60.4881 
         550      0.06015  0.000281596 -2.08788e-06      60.4881 
         550       0.0679  0.000306338 -2.60539e-06      60.4881 
         550     0.076126  0.000344756 -3.20276e-06      60.4881 
         550     0.084816  0.000365273 -3.88313e-06      60.4881 
         550     0.093982  0.000399657 -4.65062e-06      60.4881 
         550     0.103611  0.000433116 -5.50648e-06      60.4881 
         550     0.113718  0.000466734 -6.45351e-06      60.4881 
         550     0.124286  0.000501117 -7.49063e-06      60.4881 
         550     0.135333  0.000536587 -8.61914e-06      60.4881 
         550      0.14685   0.00057301 -9.83674e-06      60.4881 
         550     0.158827  0.000609976   -1.114e-05      60.4881 
         550     0.171284   0.00064705 -1.25279e-05      60.4881 
         550     0.184201  0.000683739 -1.39942e-05      60.4881 
         550     0.197599  0.000719877 -1.55366e-05      60.4881 
         550     0.211455  0.000755433 -1.71472e-05      60.4881 
         550     0.225792  0.000790561 -1.88227e-05      60.4881 
         550       0.2406  0.000824791 -2.05557e-05      60.4881 
         550     0.255865  0.000857022  -2.2338e-05      60.4881 
         550     0.271613  0.000888383 -2.41663e-05      60.4881 
         550     0.287818  0.000918097 -2.60309e-05      60.4881 
         550     0.304506  0.000946123 -2.79282e-05      60.4881 
         550      0.32165  0.000972342 -2.98485e-05      60.4881 
         550     0.339278  0.000996743  -3.1789e-05      60.4881 
         550     0.357377   0.00101927 -3.37428e-05      60.4881 
         550      0.37593   0.00103989 -3.57031e-05      60.4881 
         550     0.394968   0.00105864 -3.76687e-05      60.4881 
         550     0.414461   0.00107551 -3.96329e-05      60.4881 
         550      0.43444   0.00109057 -4.15957e-05      60.4881 
         550     0.454872   0.00110385 -4.35514e-05      60.4881 
         550     0.475791   0.00111545 -4.55014e-05      60.4881 
         550     0.497163   0.00112543 -4.74413e-05      60.4881 
         550     0.519021   0.00113389 -4.93739e-05      60.4881 
         550      0.54135   0.00114092  -5.1298e-05      60.4881 
         550     0.564131   0.00114659 -5.32135e-05      60.4881 
         550       0.5874   0.00115098 -5.51261e-05      60.4881 
         550     0.611121   0.00115413 -5.70373e-05      60.4881 
         550      0.63533   0.00115613 -5.89498e-05      60.4881 
         550      0.65999   0.00115708 -6.08609e-05      60.4881 
         550     0.685139   0.00115699 -6.27791e-05      60.4881 
         550     0.710759   0.00115587 -6.47084e-05      60.4881 
         550     0.736828   0.00115374 -6.66524e-05      60.4881 
         550     0.763387   0.00115059 -6.86194e-05      60.4881 
         550     0.790396    0.0011464 -7.06114e-05      60.4881 
         550     0.817896   0.00114118 -7.26359e-05      60.4881 
         550     0.845843   0.00113489 -7.46941e-05      60.4881 
         550     0.874283   0.00112752 -7.67932e-05      60.4881 
         550      0.90317   0.00111905 -7.89332e-05      60.4881 
         550     0.932551   0.00110945 -8.11204e-05      60.4881 
         550     0.962401   0.00109872 -8.33553e-05      60.4881 
         550     0.992697   0.00108685 -8.56379e-05      60.4881 
         550      1.02349   0.00107384 -8.79728e-05      60.4881 
         550      1.05472   0.00105973 -9.03565e-05      60.4881 
         550      1.08645   0.00104451 -9.27926e-05      60.4881 
         550      1.11863   0.00102826 -9.52757e-05      60.4881 
         550       1.1513   0.00101103 -9.78077e-05      60.4881 
         550      1.18444  0.000992905 -0.000100384      60.4881 
         550      1.21802  0.000974005 -0.000102997      60.4881 
         550      1.25211  0.000954421 -0.000105648      60.4881 
         550      1.28663  0.000934316 -0.000108326      60.4881 
         550      1.32165  0.000913795 -0.000111027      60.4881 
         550      1.35712  0.000893034 -0.000113738      60.4881 
         550      1.39308  0.000872125 -0.000116455      60.4881 
         550      1.42951  0.000851189 -0.000119162      60.4881 
         550      1.46638  0.000830303 -0.000121845      60.4881 
         550      1.50375  0.000809427 -0.000124491      60.4881 
         550      1.54156  0.000788495 -0.000127178      60.4881 
         550      1.57987  0.000767933  -0.00012983      60.4881 
         550      1.61863  0.000747715 -0.000132436      60.4881 
         550      1.65788  0.000727737    -0.000135      60.4881 
         550      1.69757  0.000707962 -0.000137515      60.4881 
         550      1.73776  0.000688294 -0.000139984      60.4881 
         550      1.77842  0.000668692 -0.000142404      60.4881 
         550      1.81952   0.00064912 -0.000144771      60.4881 
         550      1.86113    0.0006295 -0.000147088      60.4881 
         550      1.90316  0.000609826 -0.000149348      60.4881 
         550      1.94571  0.000590033 -0.000151553      60.4881 
         550      1.98869  0.000570128 -0.000153697      60.4881 
         550      2.03217  0.000550059 -0.000155782      60.4881 
         550      2.07612  0.000529831 -0.000157802      60.4881 
         550      2.12051  0.000509453 -0.000159756      60.4881 
         550       2.1654  0.000488895 -0.000161641      60.4881 
         550      2.21073  0.000468197 -0.000163455      60.4881 
         550      2.25656  0.000447339 -0.000165195      60.4881 
         550      2.30283  0.000426372 -0.000166858      60.4881 
         550       2.3496  0.000405288 -0.000168443      60.4881 
         550      2.39685  0.000384132 -0.000169947      60.4881 
         550      2.44452  0.000362955 -0.000171366      60.4881 
         550      2.49271   0.00034176   -0.0001727      60.4881 
         550      2.54132  0.000320621 -0.000173944      60.4881 
         550      2.59044  0.000299546 -0.000175099      60.4881 
         550         2.64  0.000278615 -0.000176161      60.4881 
         550      2.69006  0.000257839  -0.00017713      60.4881 
         550      2.74056  0.000237299 -0.000178003      60.4881 
         550      2.79156  0.000217007 -0.000178781       60.488 
         550      2.84304  0.000197024 -0.000179462       60.488 
         550      2.89494  0.000177411 -0.000180045       60.488 
         550      2.94735  0.000158177  -0.00018053       60.488 
         550       3.0002  0.000139392 -0.000180917       60.488 
         550      3.05355  0.000121061 -0.000181207       60.488 
         550      3.10733  0.000103247 -0.000181399       60.488 
         550      3.16163  8.59476e-05 -0.000181496       60.488 
         550      3.21639  6.92038e-05 -0.000181497       60.488 
         550      3.27158  5.30489e-05 -0.000181404       60.488 
         550      3.32729  3.74747e-05 -0.000181218       60.488 
         550      3.38342  2.25211e-05  -0.00018094       60.488 
         550      3.44007  8.17777e-06 -0.000180572       60.488 
         550      3.49714 -5.52011e-06 -0.000180114       60.488 
         550      3.55472 -1.85805e-05 -0.000179567       60.488 
         550      3.61273 -3.09665e-05 -0.000178933       60.488 
         550      3.67125 -4.26753e-05 -0.000178208       60.488 
         550      3.73025 -5.36668e-05 -0.000177394       60.488 
         550      3.78967 -6.39485e-05 -0.000176598       60.488 
         550      3.84961 -7.35583e-05 -0.000175774       60.488 
         550      3.90996 -8.24585e-05 -0.000174873       60.488 
         550      3.97084 -9.06925e-05 -0.000173825       60.488 
         550      4.03214 -9.82337e-05 -0.000172679       60.488 
         550      4.09395 -0.000105086  -0.00017146       60.488 
         550      4.15624 -0.000111246 -0.000170176       60.488 
         550      4.21895 -0.000116718 -0.000168832       60.488 
         550      4.28217 -0.000121522 -0.000167433       60.488 
         550      4.34582 -0.000125665 -0.000165983       60.488 
         550      4.40998 -0.000129174 -0.000164486       60.488 
         550      4.47457 -0.000132064 -0.000162947       60.488 
         550      4.53968 -0.000134365 -0.000161367       60.488 
         550      4.60525 -0.000136102 -0.000159748       60.488 
         550      4.67125 -0.000137304 -0.000158095       60.488 
         550      4.73777 -0.000138005 -0.000156408       60.488 
         550       4.8047 -0.000138236  -0.00015469       60.488 
         550      4.87216 -0.000138033 -0.000152942       60.488 
         550      4.94003  -0.00013743 -0.000151167       60.488 
         550      5.00843 -0.000136464 -0.000149364       60.488 
         550      5.07724  -0.00013517 -0.000147539       60.488 
         550      5.14658 -0.000133582 -0.000145691       60.488 
         550      5.21639 -0.000131735 -0.000143823       60.488 
         550      5.28661 -0.000129667  -0.00014194       60.488 
         550      5.35736 -0.000127404 -0.000140042       60.488 
         550      5.42852 -0.000124982 -0.000138134       60.488 
         550      5.50021 -0.000122425 -0.000136217       60.488 
         550      5.57231 -0.000119763 -0.000134298       60.488 
         550      5.64493 -0.000117017 -0.000132378       60.488 
         550      5.71803 -0.000114211 -0.000130462       60.488 
         550      5.79154 -0.000111364 -0.000128556       60.488 
         550      5.86558 -0.000108488 -0.000126661       60.488 
         550      5.94003 -0.000105601 -0.000124784       60.488 
         550      6.01501 -0.000102709 -0.000122924       60.488 
         550       6.0904 -9.98244e-05 -0.000121089       60.488 
         550      6.16632 -9.69482e-05 -0.000119278       60.488 
         550      6.24271 -9.40869e-05 -0.000117491      60.4879 
         550       6.3195 -9.12453e-05 -0.000115732      60.4879 
         550      6.39683 -8.84207e-05 -0.000113993      60.4879 
         550      6.47457 -8.56199e-05 -0.000112273      60.4879 
         550      6.55284 -8.28413e-05 -0.000110562      60.4879 
         550      6.63152 -8.00948e-05  -0.00010885      60.4879 
         550      6.71073 -7.73845e-05 -0.000107121      60.4879 
         550      6.79034 -7.47103e-05 -0.000105424      60.4879 
         550      6.87049 -7.20169e-05 -0.000103832      60.4879 
         550      6.95111 -6.93369e-05 -0.000102212      60.4879 
         550      7.03214 -6.66822e-05  -0.00010058      60.4879 
         550       7.1137 -6.40553e-05 -9.89471e-05      60.4879 
         550      7.19566 -6.14644e-05  -9.7326e-05      60.4879 
         550      7.27816 -5.89074e-05 -9.57221e-05      60.4879 
         550      7.36106 -5.63885e-05 -9.41439e-05      60.4879 
         550      7.44451 -5.39026e-05 -9.25926e-05      60.4879 
         550      7.52842 -5.14495e-05 -9.10716e-05      60.4879 
         550      7.61273 -4.90288e-05 -8.95825e-05      60.4879 
         550      7.69758 -4.66337e-05 -8.81221e-05      60.4879 
         550      7.78283 -4.42654e-05 -8.66909e-05      60.4879 
         550      7.86862  -4.1918e-05 -8.52838e-05      60.4879 
         550      7.95481 -3.95937e-05 -8.38999e-05      60.4879 
         550      8.04155 -3.72878e-05 -8.25333e-05      60.4879 
         550      8.12868 -3.50043e-05 -8.11825e-05      60.4879 
         550      8.21635 -3.27404e-05 -7.98418e-05      60.4879 
         550      8.30449 -3.04998e-05 -7.85092e-05      60.4879 
         550      8.39303 -2.82868e-05 -7.71834e-05      60.4879 
         550      8.48211 -2.61008e-05  -7.5861e-05      60.4879 
         550      8.57159 -2.39483e-05 -7.45437e-05      60.4879 
         550      8.66161 -2.18284e-05 -7.32307e-05      60.4879 
         550      8.75203  -1.9746e-05  -7.1927e-05      60.4879 
         550      8.84299 -1.76974e-05 -7.06352e-05      60.4879 
         550      8.93443 -1.56809e-05 -6.93631e-05      60.4879 
         550      9.02626 -1.36912e-05 -6.81209e-05      60.4879 
         550      9.11863 -1.17126e-05 -6.69179e-05      60.4879 
         550      9.21139 -9.72922e-06 -6.57701e-05      60.4879 
         550      9.30471 -7.79633e-06 -6.46677e-05      60.4879 
         550      9.39841 -5.91457e-06 -6.35593e-05      60.4879 
         550      9.49267 -4.06528e-06 -6.24274e-05      60.4879 
         550      9.58739 -2.24123e-06 -6.12541e-05      60.4879 
         550      9.68251 -3.68118e-07 -6.00955e-05      60.4879 
         550      9.77817  1.51246e-06 -5.90145e-05      60.4879 
         550      9.87422  3.33895e-06 -5.79624e-05      60.4879 
         550      9.97083  5.12604e-06 -5.69302e-05      60.4879 
         550      10.0678  6.88011e-06 -5.59137e-05      60.4879 
         550      10.1654  8.61099e-06 -5.49077e-05      60.4879 
         550      10.2633  1.03209e-05 -5.39115e-05      60.4879 
         550      10.3618  1.20156e-05 -5.29225e-05      60.4879 
         550      10.4607  1.36954e-05 -5.19415e-05      60.4879 
         550      10.5601  1.53594e-05 -5.09701e-05      60.4879 
         550        10.66  1.70094e-05  -5.0008e-05      60.4879 
         550      10.7603  1.86412e-05 -4.90585e-05      60.4879 
         550      10.8611  2.02554e-05 -4.81218e-05      60.4879 
         550      10.9623  2.18468e-05 -4.72012e-05      60.4879 
         550      11.0641  2.34153e-05 -4.62967e-05      60.4879 
         550      11.1663  2.49574e-05 -4.54102e-05      60.4879 
         550       11.269  2.64694e-05 -4.45431e-05      60.4879 
         550      11.3721   2.7952e-05 -4.36941e-05      60.4879 
         550      11.4757   2.9402e-05 -4.28641e-05      60.4879 
         550      11.5798  3.08213e-05 -4.20506e-05      60.4879 
         550      11.6844  3.22083e-05 -4.12533e-05      60.4879 
         550      11.7894   3.3567e-05 -4.04686e-05      60.4879 
         550       11.895  3.48993e-05 -3.96944e-05      60.4879 
         550      12.0009  3.62081e-05 -3.89285e-05      60.4879 
         550      12.1073  3.75009e-05 -3.81665e-05      60.4879 
         550      12.2142  3.87822e-05 -3.74071e-05      60.4879 
         550      12.3216  4.00617e-05 -3.66468e-05      60.4879 
         550      12.4294  4.13463e-05 -3.58857e-05      60.4879 
         550      12.5378  4.26476e-05 -3.51228e-05      60.4879 
         550      12.6465  4.39742e-05 -3.43617e-05      60.4879 
         550      12.7558  4.53392e-05 -3.36064e-05      60.4879 
         550      12.8656  4.66378e-05 -3.29094e-05      60.4879 
         550      12.9757  4.77931e-05 -3.22606e-05      60.4879 
         550      13.0864  4.89016e-05 -3.16129e-05      60.4879 
         550      13.1975  4.99748e-05 -3.09662e-05      60.4879 
         550      13.3092  5.10265e-05 -3.03169e-05      60.4879 
         550      13.4212  5.20659e-05 -2.96621e-05      60.4879 
         550      13.5338  5.31034e-05 -2.89959e-05      60.4879 
         550      13.6468  5.41446e-05 -2.83129e-05      60.4879 
         550      13.7603  5.51768e-05 -2.76426e-05      60.4879 
         550      13.8743  5.62032e-05 -2.70456e-05      60.4879 
         550      13.9886  5.72498e-05 -2.64597e-05      60.4879 
         550      14.1036  5.83021e-05 -2.58826e-05      60.4879 
         550      14.2189  5.93457e-05 -2.53143e-05      60.4879 
         550      14.3348  6.03729e-05 -2.47535e-05      60.4879 
         550       14.451  6.13757e-05  -2.4201e-05      60.4879 
         550      14.5678  6.23515e-05  -2.3656e-05      60.4879 
         550      14.6851  6.32977e-05 -2.31193e-05      60.4879 
         550      14.8028  6.42132e-05 -2.25917e-05      60.4879 
         550       14.921  6.51008e-05 -2.20725e-05      60.4879 
         550      15.0396  6.59611e-05 -2.15631e-05      60.4879 
         550      15.1588  6.67985e-05 -2.10626e-05      60.4879 
         550      15.2783  6.76151e-05  -2.0572e-05      60.4879 
         550      15.3984  6.84155e-05 -2.00903e-05      60.4879 
         550       15.519  6.92026e-05 -1.96176e-05      60.4879 
         550        15.64  6.99787e-05 -1.91537e-05      60.4879 
         550      15.7615  7.07477e-05 -1.86971e-05      60.4879 
         550      15.8834    7.151e-05 -1.82478e-05      60.4879 
         550      16.0058  7.22681e-05  -1.7804e-05      60.4879 
         550      16.1286   7.3021e-05 -1.73655e-05      60.4879 
         550       16.252  7.37691e-05 -1.69307e-05      60.4879 
         550      16.3759  7.45103e-05 -1.64993e-05      60.4879 
         550      16.5002  7.52419e-05 -1.60713e-05       60.488 
         550       16.625   7.5962e-05 -1.56461e-05       60.488 
         550      16.7501  7.66662e-05 -1.52251e-05       60.488 
         550      16.8759  7.73521e-05 -1.48095e-05       60.488 
         550       17.002  7.80154e-05 -1.44029e-05       60.488 
         550      17.1287  7.86545e-05 -1.40089e-05       60.488 
         550      17.2557  7.92668e-05 -1.36342e-05       60.488 
         550      17.3834  7.98537e-05 -1.32867e-05       60.488 
         550      17.5115  8.04172e-05 -1.29773e-05       60.488 
         550      17.6399  8.09628e-05 -1.27201e-05       60.488 
         550       17.769  8.15462e-05 -1.23603e-05       60.488 
         550      17.8984  8.21357e-05 -1.19649e-05       60.488 
         550      18.0284  8.27073e-05 -1.16087e-05       60.488 
         550      18.1587   8.3262e-05 -1.12831e-05       60.488 
         550      18.2896  8.38021e-05 -1.09798e-05       60.488 
         550       18.421  8.43286e-05 -1.06926e-05       60.488 
         550      18.5528  8.48421e-05 -1.04166e-05       60.488 
         550      18.6851  8.53446e-05 -1.01476e-05       60.488 
         550      18.8178  8.58359e-05 -9.88309e-06       60.488 
         550      18.9511  8.63177e-05 -9.62076e-06       60.488 
         550      19.0847  8.67898e-05 -9.35991e-06       60.488 
         550      19.2189  8.72535e-05 -9.09973e-06       60.488 
         550      19.3535  8.77087e-05 -8.84077e-06       60.488 
         550      19.4886  8.81563e-05 -8.58323e-06       60.488 
         550      19.6242  8.85963e-05 -8.32827e-06       60.488 
         550      19.7602  8.90284e-05 -8.07728e-06       60.488 
         550      19.8968  8.94531e-05 -7.83115e-06       60.488 
         550      20.0337  8.98693e-05 -7.59162e-06       60.488 
         550      20.1712  9.02769e-05 -7.35955e-06       60.488 
         550      20.3091  9.06739e-05 -7.13639e-06       60.488 
         550      20.4475  9.10591e-05 -6.92262e-06       60.488 
         550      20.5864  9.14296e-05 -6.71891e-06       60.488 
         550      20.7257  9.17817e-05 -6.52552e-06       60.488 
         550      20.8655  9.21115e-05 -6.34173e-06       60.488 
         550      21.0058  9.24128e-05 -6.16696e-06       60.488 
         550      21.1465   9.2679e-05 -5.99944e-06       60.488 
         550      21.2877  9.29788e-05 -5.80904e-06       60.488 
         550      21.4294  9.33595e-05 -5.58858e-06       60.488 
         550      21.5716  9.37614e-05 -5.36348e-06       60.488 
         550      21.7142  9.41676e-05 -5.13977e-06       60.488 
         550      21.8573   9.4564e-05 -4.92241e-06       60.488 
         550      22.0008  9.49371e-05 -4.71643e-06       60.488 
         550      22.1449  9.52772e-05 -4.52529e-06      60.4881 
         550      22.2893  9.55764e-05 -4.35208e-06      60.4881 
         550      22.4344  9.58309e-05 -4.19801e-06      60.4881 
         550      22.5797  9.60399e-05  -4.0633e-06      60.4881 
         550      22.7257  9.62077e-05 -3.94592e-06      60.4881 
         550      22.8721  9.63428e-05 -3.84208e-06      60.4881 
         550      23.0189  9.64595e-05 -3.74553e-06      60.4881 
         550      23.1663  9.65781e-05 -3.64701e-06      60.4881 
         550       23.314  9.67253e-05 -3.53444e-06      60.4881 
         550      23.4623  9.69357e-05 -3.39178e-06      60.4881 
         550       23.611  9.72514e-05 -3.19942e-06      60.4881 
         550      23.7602  9.77242e-05 -2.93265e-06      60.4881 
         550        23.91  9.81177e-05 -2.84092e-06      60.4881 
         550        24.06  9.84138e-05 -2.78187e-06      60.4881 
         550      24.2107  9.86604e-05 -2.71034e-06      60.4881 
         550      24.3617  9.88695e-05 -2.62838e-06      60.4881 
         550      24.5133  9.90519e-05 -2.53766e-06      60.4881 
         550      24.6653  9.92162e-05    -2.44e-06      60.4881 
         550      24.8178  9.93696e-05 -2.33676e-06      60.4881 
         550      24.9708  9.95176e-05 -2.22946e-06      60.4881 
         550      25.1242  9.96644e-05 -2.11949e-06      60.4881 
         550      25.2781  9.98131e-05 -2.00785e-06      60.4881 
         550      25.4324  9.99657e-05  -1.8958e-06      60.4881 
         550      25.5873  0.000100123 -1.78414e-06      60.4881 
         550      25.7426  0.000100286  -1.6739e-06      60.4881 
         550      25.8984  0.000100454 -1.56566e-06      60.4881 
         550      26.0546  0.000100626 -1.46024e-06      60.4881 
         550      26.2114  0.000100801 -1.35801e-06      60.4882 
         550      26.3686  0.000100978  -1.2595e-06      60.4882 
         550      26.5262  0.000101154  -1.1651e-06      60.4882 
         550      26.6844  0.000101329 -1.07487e-06      60.4882 
         550      26.8429    0.0001015  -9.8905e-07      60.4882 
         550       27.002  0.000101667  -9.0747e-07      60.4882 
         550      27.1615  0.000101827 -8.30098e-07      60.4882 
         550      27.3216  0.000101981 -7.56515e-07      60.4882 
         550      27.4821  0.000102127  -6.8634e-07      60.4882 
         550       27.643  0.000102266 -6.19025e-07      60.4882 
         550      27.8044  0.000102398 -5.53695e-07      60.4882 
         550      27.9663  0.000102524 -4.89505e-07      60.4882 
         550      28.1287  0.000102645 -4.25209e-07      60.4882 
         550      28.2914  0.000102763 -3.59554e-07      60.4882 
         550      28.4548   0.00010288 -2.90848e-07      60.4882 
         550      28.6185     0.000103 -2.17367e-07      60.4882 
         550      28.7828  0.000103125 -1.36885e-07      60.4882 
         550      28.9475  0.000103259 -4.70551e-08      60.4882 
         550      29.1126  0.000103406  5.47617e-08      60.4882 
         550      29.2784  0.000103497  1.44357e-07      60.4882 
         550      29.4444  0.000103552  2.24349e-07      60.4882 
         550       29.611  0.000103617   3.0958e-07      60.4882 
         550       29.778  0.000103692  3.98922e-07      60.4883 
         550      29.9456  0.000103778  4.90747e-07      60.4883 
         550      30.1137  0.000103872  5.82242e-07      60.4883 
         550      30.2821   0.00010397  6.69417e-07      60.4883 
         550      30.4511  0.000104065  7.47077e-07      60.4883 
         550      30.6204  0.000104148  8.08114e-07      60.4883 
         550      30.7903  0.000104208  8.43707e-07      60.4883 
         550      30.9606  0.000104226  8.42671e-07      60.4883 
         550      31.1315  0.000104184   7.9133e-07      60.4883 
         550      31.3028  0.000104093  6.98923e-07      60.4883 
         550      31.4745  0.000104327  8.33845e-07      60.4883 
         550      31.6468  0.000104503  9.35874e-07      60.4883 
         550      31.8194  0.000104634  1.01228e-06      60.4883 
         550      31.9926  0.000104731  1.06998e-06      60.4883 
         550      32.1662  0.000104805  1.11508e-06      60.4883 
         550      32.3404  0.000104862   1.1533e-06      60.4883 
         550      32.5149  0.000104909  1.18971e-06      60.4883 
         550        32.69  0.000104954  1.22903e-06      60.4883 
         550      32.8655  0.000105025  1.21712e-06      60.4884 
         550      33.0414  0.000105091  1.20397e-06      60.4884 
         550       33.218  0.000105146  1.20441e-06      60.4884 
         550      33.3948  0.000105191  1.21544e-06      60.4884 
         550      33.5723  0.000105228  1.23437e-06      60.4884 
         550        33.75  0.000105261   1.2588e-06      60.4884 
         550      33.9284  0.000105291  1.28667e-06      60.4884 
         550      34.1073  0.000105321  1.31618e-06      60.4884 
         550      34.2865  0.000105353  1.34581e-06      60.4884 
         550      34.4663  0.000105389   1.3744e-06      60.4884 
         550      34.6465   0.00010543  1.40095e-06      60.4884 
         550      34.8272  0.000105476  1.42481e-06      60.4884 
         550      35.0083  0.000105528  1.44549e-06      60.4884 
         550        35.19  0.000105585  1.46281e-06      60.4884 
         550      35.3721  0.000105646   1.4767e-06      60.4884 
         550      35.5546  0.000105711  1.48731e-06      60.4885 
         550      35.7377  0.000105776  1.49496e-06      60.4885 
         550      35.9211   0.00010584  1.50006e-06      60.4885 
         550      36.1052  0.000105901  1.50314e-06      60.4885 
         550      36.2895  0.000105955  1.50477e-06      60.4885 
         550      36.4745  0.000105999  1.50556e-06      60.4885 
         550      36.6598  0.000106032  1.50609e-06      60.4885 
         550      36.8457  0.000106051   1.5069e-06      60.4885 
         550      37.0321  0.000106054  1.50841e-06      60.4885 
         550      37.2188  0.000106042  1.51089e-06      60.4885 
         550      37.4062  0.000106014  1.51441e-06      60.4885 
         550      37.5938  0.000105974  1.51878e-06      60.4885 
         550      37.7821  0.000105925  1.52348e-06      60.4885 
         550      37.9707  0.000105874   1.5276e-06      60.4885 
         550      38.1599  0.000105832  1.52979e-06      60.4886 
         550      38.3496  0.000105811  1.52816e-06      60.4886 
         550      38.5396  0.000105829  1.52022e-06      60.4886 
         550      38.7302  0.000105907  1.50281e-06      60.4886 
         550      38.9211  0.000106073    1.472e-06      60.4886 
         550      39.1127   0.00010636  1.42295e-06      60.4886 
         550      39.3046  0.000106595  1.44721e-06      60.4886 
         550      39.4971  0.000106669  1.51356e-06      60.4886 
         550      39.6899  0.000106679   1.5642e-06      60.4886 
         550      39.8833  0.000106644  1.59885e-06      60.4886 
         550      40.0772  0.000106579  1.61775e-06      60.4886 
         550      40.2714  0.000106499  1.62179e-06      60.4886 
         550      40.4663  0.000106416  1.61239e-06      60.4886 
         550      40.6615  0.000106338   1.5914e-06      60.4887 
         550      40.8573  0.000106272  1.56097e-06      60.4887 
         550      41.0534  0.000106224  1.52358e-06      60.4887 
         550      41.2501  0.000106197  1.48179e-06      60.4887 
         550      41.4473  0.000106192  1.43831e-06      60.4887 
         550      41.6448  0.000106207  1.39587e-06      60.4887 
         550      41.8429  0.000106241  1.35698e-06      60.4887 
         550      42.0414  0.000106291  1.32408e-06      60.4887 
         550      42.2405   0.00010635  1.29922e-06      60.4887 
         550      42.4399  0.000106414  1.28415e-06      60.4887 
         550      42.6399  0.000106476  1.28007e-06      60.4887 
         550      42.8404  0.000106528  1.28765e-06      60.4887 
         550      43.0412  0.000106564  1.30683e-06      60.4888 
         550      43.2426  0.000106576  1.33683e-06      60.4888 
         550      43.4444  0.000106558  1.37591e-06      60.4888 
         550      43.6467  0.000106503  1.42146e-06      60.4888 
         550      43.8494  0.000106453  1.37302e-06      60.4888 
         550      44.0527  0.000106446  1.25533e-06      60.4888 
         550      44.2563  0.000106444  1.18043e-06      60.4888 
         550      44.4606  0.000106445  1.14011e-06      60.4888 
         550      44.6653   0.00010645  1.12686e-06      60.4888 
         550      44.8704  0.000106459  1.13365e-06      60.4888 
         550       45.076  0.000106472   1.1541e-06      60.4889 
         550       45.282   0.00010649  1.18243e-06      60.4889 
         550      45.4886  0.000106514  1.21364e-06      60.4889 
         550      45.6955  0.000106544  1.24334e-06      60.4889 
         550       45.903  0.000106579  1.26803e-06      60.4889 
         550      46.1111  0.000106621  1.28488e-06      60.4889 
         550      46.3194  0.000106668   1.2919e-06      60.4889 
         550      46.5283   0.00010672  1.28795e-06      60.4889 
         550      46.7376  0.000106775  1.27271e-06      60.4889 
         550      46.9475   0.00010683  1.24665e-06      60.4889 
         550      47.1577  0.000106883  1.21117e-06       60.489 
         550      47.3685   0.00010693   1.1684e-06       60.489 
         550      47.5798  0.000106966  1.12138e-06       60.489 
         550      47.7914  0.000106985  1.07395e-06       60.489 
         550      48.0037   0.00010698  1.03065e-06       60.489 
         550      48.2162  0.000106942   9.9688e-07       60.489 
         550      48.4294  0.000106862   9.7866e-07       60.489 
         550      48.6429  0.000106729  9.82741e-07       60.489 
         550       48.857   0.00010653  1.01648e-06       60.489 
         550      49.0714   0.00010625  1.08771e-06       60.489 
         550      49.2865  0.000106309  1.07133e-06      60.4891 
         550       49.502  0.000106454  1.03104e-06      60.4891 
         550      49.7179  0.000106574  9.99286e-07      60.4891 
         550      49.9343  0.000106672  9.74863e-07      60.4891 
         550      50.1511  0.000106751  9.56752e-07      60.4891 
         550      50.3685  0.000106814  9.43955e-07      60.4891 
         550      50.5862  0.000106864  9.35616e-07      60.4891 
         550      50.8046  0.000106902  9.30928e-07      60.4891 
         550      51.0234   0.00010693  9.29189e-07      60.4891 
         550      51.2425  0.000106951  9.29762e-07      60.4892 
         550      51.4623  0.000106965  9.32087e-07      60.4892 
         550      51.6824  0.000106973  9.35668e-07      60.4892 
         550      51.9031  0.000106976  9.40086e-07      60.4892 
         550      52.1241  0.000106976  9.44968e-07      60.4892 
         550      52.3457  0.000106973  9.50015e-07      60.4892 
         550      52.5676  0.000106967  9.54964e-07      60.4892 
         550      52.7902   0.00010696  9.59619e-07      60.4892 
         550      53.0133  0.000106952  9.63817e-07      60.4893 
         550      53.2366  0.000106943  9.67437e-07      60.4893 
         550      53.4606  0.000106934  9.70406e-07      60.4893 
         550      53.6849  0.000106924  9.72674e-07      60.4893 
         550      53.9099  0.000106915  9.74229e-07      60.4893 
         550      54.1351  0.000106907  9.75081e-07      60.4893 
         550       54.361    0.0001069  9.75265e-07      60.4893 
         550      54.5873  0.000106894  9.74835e-07      60.4893 
         550      54.8139   0.00010689  9.73861e-07      60.4894 
         550      55.0412  0.000106887  9.72424e-07      60.4894 
         550      55.2688  0.000106885  9.70617e-07      60.4894 
         550       55.497  0.000106885  9.68535e-07      60.4894 
         550      55.7255  0.000106886  9.66282e-07      60.4894 
         550      55.9547  0.000106887  9.63952e-07      60.4894 
         550      56.1844  0.000106888  9.61645e-07      60.4894 
         550      56.4143  0.000106888  9.59452e-07      60.4894 
         550      56.6449  0.000106886  9.57451e-07      60.4895 
         550      56.8757  0.000106879  9.55715e-07      60.4895 
         550      57.1072  0.000106866  9.54299e-07      60.4895 
         550       57.339  0.000106844  9.53243e-07      60.4895 
         550      57.5715  0.000106809   9.5257e-07      60.4895 
         550      57.8042  0.000106759  9.52283e-07      60.4895 
         550      58.0376  0.000106687  9.52362e-07      60.4895 
         550      58.2715  0.000106736  9.65406e-07      60.4896 
         550      58.5057  0.000106825  9.66087e-07      60.4896 
         550      58.7405  0.000106901  9.46719e-07      60.4896 
         550      58.9756  0.000106967  9.08248e-07      60.4896 
         550      59.2113  0.000107021  8.52571e-07      60.4896 
         550      59.4473  0.000107066   7.8287e-07      60.4896 
         550       59.684  0.000107099  7.03378e-07      60.4896 
         550      59.9212  0.000107119  6.19848e-07      60.4897 
         550      60.1586  0.000107124  5.39511e-07      60.4897 
         550      60.3967  0.000107109  4.70993e-07      60.4897 
         550      60.6351  0.000107069  4.24856e-07      60.4897 
         550      60.8741  0.000106998  4.13325e-07      60.4897 
         550      61.1135  0.000106887  4.50671e-07      60.4897 
         550      61.3534  0.000106724  5.53331e-07      60.4898 
         550      61.5939  0.000106498  7.39931e-07      60.4898 
         550      61.8346  0.000106712   5.5956e-07      60.4898 
         550       62.076  0.000106891  4.28326e-07      60.4898 
         550      62.3177  0.000107013  3.53068e-07      60.4898 
         550        62.56  0.000107086  3.15818e-07      60.4898 
         550      62.8026   0.00010712  3.02492e-07      60.4898 
         550      63.0459  0.000107123  3.02268e-07      60.4899 
         550      63.2894  0.000107104  3.07388e-07      60.4899 
         550      63.5336  0.000107071  3.12801e-07      60.4899 
         550      63.7783  0.000107031  3.15845e-07      60.4899 
         550      64.0233   0.00010699  3.15948e-07      60.4899 
         550      64.2689  0.000106953  3.14328e-07      60.4899 
         550      64.5148  0.000106923  3.13696e-07        60.49 
         550      64.7613  0.000106903  3.17973e-07        60.49 
         550      65.0082  0.000106894  3.32003e-07        60.49 
         550      65.2557  0.000106893  3.59665e-07        60.49 
         550      65.5036  0.000106909  3.37891e-07        60.49 
         550      65.7519  0.000106921  3.21315e-07        60.49 
         550      66.0008  0.000106931  3.08988e-07      60.4901 
         550        66.25  0.000106938  3.00175e-07      60.4901 
         550      66.4998  0.000106945  2.94262e-07      60.4901 
         550        66.75  0.000106952  2.90802e-07      60.4901 
         550      67.0007  0.000106958  2.89466e-07      60.4901 
         550      67.2518  0.000106965  2.90049e-07      60.4901 
         550      67.5035  0.000106972  2.92444e-07      60.4902 
         550      67.7557   0.00010698  2.96631e-07      60.4902 
         550      68.0082  0.000106987  3.02651e-07      60.4902 
         550      68.2614  0.000106994  3.10608e-07      60.4902 
         550      68.5148  0.000106999  3.20614e-07      60.4902 
         550      68.7688  0.000107003  3.32815e-07      60.4902 
         550      69.0232  0.000107005  3.47308e-07      60.4903 
         550      69.2782  0.000107004   3.6419e-07      60.4903 
         550      69.5337     0.000107  3.83464e-07      60.4903 
         550      69.7895  0.000106992  4.05031e-07      60.4903 
         550      70.0459   0.00010698  4.28726e-07      60.4903 
         550      70.3026  0.000106964   4.5416e-07      60.4904 
         550        70.56  0.000106944  4.80845e-07      60.4904 
         550      70.8176  0.000106921  5.07995e-07      60.4904 
         550      71.0759  0.000106896   5.3466e-07      60.4904 
         550      71.3347  0.000106871  5.59541e-07      60.4904 
         550      71.5938  0.000106849  5.81023e-07      60.4905 
         550      71.8535  0.000106831   5.9718e-07      60.4905 
         550      72.1135  0.000106824  6.05624e-07      60.4905 
         550      72.3741  0.000106831   6.0356e-07      60.4905 
         550       72.635  0.000106859  5.87693e-07      60.4905 
         550      72.8967  0.000106915  5.54159e-07      60.4905 
         550      73.1585  0.000107008  4.98591e-07      60.4906 
         550      73.4211  0.000107149  4.15835e-07      60.4906 
         550      73.6841  0.000107284  3.41677e-07      60.4906 
         550      73.9473  0.000107299  3.40508e-07      60.4906 
         550      74.2113  0.000107293   3.4781e-07      60.4906 
         550      74.4755  0.000107271  3.60119e-07      60.4907 
         550      74.7404  0.000107239  3.74682e-07      60.4907 
         550      75.0056  0.000107201  3.89323e-07      60.4907 
         550      75.2714   0.00010716  4.02463e-07      60.4907 
         550      75.5377   0.00010712  4.12975e-07      60.4907 
         550      75.8043  0.000107082  4.20171e-07      60.4908 
         550      76.0715  0.000107048  4.23747e-07      60.4908 
         550       76.339  0.000107019  4.23695e-07      60.4908 
         550      76.6072  0.000106995  4.20273e-07      60.4908 
         550      76.8756  0.000106977  4.13948e-07      60.4909 
         550      77.1448  0.000106964  4.05329e-07      60.4909 
         550      77.4141  0.000106956  3.95157e-07      60.4909 
         550      77.6842  0.000106952  3.84209e-07      60.4909 
         550      77.9547  0.000106952  3.73309e-07      60.4909 
         550      78.2255  0.000106953  3.63267e-07       60.491 
         550       78.497  0.000106956  3.54816e-07       60.491 
         550      78.7687  0.000106958  3.48637e-07       60.491 
         550      79.0411   0.00010696  3.45274e-07       60.491 
         550      79.3138  0.000106961  3.45152e-07       60.491 
         550      79.5872  0.000106959  3.48529e-07      60.4911 
         550       79.861  0.000106954  3.55493e-07      60.4911 
         550      80.1351  0.000106946  3.65927e-07      60.4911 
         550      80.4098  0.000106935  3.79543e-07      60.4911 
         550      80.6849  0.000106921  3.95811e-07      60.4912 
         550      80.9606  0.000106904  4.14044e-07      60.4912 
         550      81.2365  0.000106885  4.33298e-07      60.4912 
         550      81.5132  0.000106867  4.52497e-07      60.4912 
         550      81.7903  0.000106849  4.70339e-07      60.4912 
         550      82.0676  0.000106835  4.85369e-07      60.4913 
         550      82.3457  0.000106827  4.96029e-07      60.4913 
         550       82.624  0.000106826   5.0062e-07      60.4913 
         550       82.903  0.000106838  4.97392e-07      60.4913 
         550      83.1822  0.000106865  4.84568e-07      60.4914 
         550      83.4622  0.000106911  4.60361e-07      60.4914 
         550      83.7424   0.00010698  4.23117e-07      60.4914 
         550      84.0232  0.000107078  3.71214e-07      60.4914 
         550      84.3046  0.000107209  3.03313e-07      60.4915 
         550      84.5862  0.000107378  2.18395e-07      60.4915 
         550      84.8685  0.000107591  1.15587e-07      60.4915 
         550       85.151  0.000107586  1.09776e-07      60.4915 
         550      85.4342  0.000107539  1.07251e-07      60.4916 
         550      85.7177  0.000107471  1.00328e-07      60.4916 
         550      86.0019  0.000107385  9.12675e-08      60.4916 
         550      86.2865  0.000107284  8.28705e-08      60.4916 
         550      86.5714  0.000107176  7.85777e-08      60.4917 
         550       86.857   0.00010707  8.25844e-08      60.4917 
         550      87.1428  0.000106981  9.99802e-08      60.4917 
         550      87.4293  0.000106927  1.36937e-07      60.4917 
         550      87.7161  0.000106929   2.0073e-07      60.4918 
         550      88.0035  0.000107017  3.00165e-07      60.4918 
         550      88.2914  0.000107224  4.45451e-07      60.4918 
         550      88.5796  0.000107289  4.94308e-07      60.4918 
         550      88.8685  0.000107093  3.97112e-07      60.4919 
         550      89.1576  0.000106948  3.20266e-07      60.4919 
         550      89.4474  0.000106849  2.64045e-07      60.4919 
         550      89.7374  0.000106794  2.29379e-07      60.4919 
         550      90.0282  0.000106783  2.17497e-07       60.492 
         550      90.3192  0.000106814  2.30145e-07       60.492 
         550      90.6109  0.000106887  2.69514e-07       60.492 
         550       90.903  0.000107002  3.38214e-07       60.492 
         550      91.1954  0.000107039  2.66332e-07      60.4921 
         550      91.4885  0.000107026  1.59658e-07      60.4921 
         550      91.7819  0.000107006   7.6085e-08      60.4921 
         550      92.0759  0.000106987  1.29184e-08      60.4921 
         550      92.3702  0.000106973 -3.22067e-08      60.4922 
         550      92.6652  0.000106966 -6.17254e-08      60.4922 
         550      92.9606   0.00010697  -7.7843e-08      60.4922 
         550      93.2563  0.000106983 -8.26824e-08      60.4922 
         550      93.5527  0.000107005 -7.82388e-08      60.4923 
         550      93.8493  0.000107036 -6.63642e-08      60.4923 
         550      94.1466  0.000107072 -4.87394e-08      60.4923 
         550      94.4442  0.000107111 -2.69389e-08      60.4924 
         550      94.7425  0.000107151 -2.32097e-09      60.4924 
         550       95.041  0.000107189  2.38407e-08      60.4924 
         550      95.3402  0.000107222  5.05101e-08      60.4924 
         550      95.6399  0.000107249  7.67461e-08      60.4925 
         550      95.9398  0.000107267  1.01764e-07      60.4925 
         550      96.2404  0.000107276  1.24991e-07      60.4925 
         550      96.5412  0.000107273  1.45923e-07      60.4926 
         550      96.8428  0.000107259  1.64269e-07      60.4926 
         550      97.1446  0.000107234  1.79803e-07      60.4926 
         550      97.4471  0.000107199  1.92477e-07      60.4927 
         550      97.7501  0.000107155  2.02314e-07      60.4927 
         550      98.0533  0.000107104   2.0944e-07      60.4927 
         550      98.3572  0.000107048   2.1408e-07      60.4927 
         550      98.6613   0.00010699  2.16501e-07      60.4928 
         550      98.9662  0.000106934  2.17025e-07      60.4928 
         550      99.2712  0.000106883  2.15994e-07      60.4928 
         550       99.577  0.000106839  2.13744e-07      60.4929 
         550      99.8833  0.000106806   2.1059e-07      60.4929 
         550       100.19  0.000106787  2.06793e-07       60.493 
         550      100.497  0.000106783  2.02522e-07       60.493 
         550      100.804  0.000106796   1.9784e-07       60.493 
         550      101.113  0.000106824  1.92644e-07      60.4931 
         550      101.421  0.000106867   1.8666e-07      60.4931 
         550       101.73  0.000106919  1.79367e-07      60.4931 
         550      102.039  0.000106975  1.69995e-07      60.4932 
         550      102.349  0.000107026  1.57431e-07      60.4932 
         550       102.66  0.000107059   1.4022e-07      60.4932 
         550      102.971  0.000107057  1.16512e-07      60.4932 
         550      103.282     0.000107  8.39288e-08      60.4933 
         550      103.594  0.000106862  3.96656e-08      60.4933 
         550      103.906  0.000106611 -1.97888e-08      60.4933 
         550      104.219  0.000106571 -8.80289e-08      60.4933 
         550      104.532  0.000107137 -1.28872e-07      60.4933 
         550      104.846   0.00010745  -1.5629e-07      60.4934 
         550       105.16  0.000107575 -1.73008e-07      60.4934 
         550      105.474  0.000107566 -1.81419e-07      60.4935 
         550      105.789   0.00010747 -1.83529e-07      60.4935 
         550      106.105  0.000107323  -1.8104e-07      60.4936 
         550      106.421  0.000107155 -1.75358e-07      60.4936 
         550      106.738  0.000106988 -1.67601e-07      60.4937 
         550      107.055   0.00010684  -1.5865e-07      60.4937 
         550      107.372  0.000106722 -1.49162e-07      60.4938 
         550       107.69   0.00010664  -1.3957e-07      60.4939 
         550      108.008  0.000106598 -1.30157e-07      60.4939 
         550      108.327  0.000106597 -1.21022e-07      60.4939 
         550      108.646  0.000106632 -1.12161e-07       60.494 
         550      108.966  0.000106699  -1.0344e-07       60.494 
         550      109.286  0.000106792 -9.46676e-08       60.494 
         550      109.607  0.000106904 -8.55695e-08      60.4941 
         550      109.928  0.000107026 -7.58597e-08      60.4941 
         550       110.25  0.000107151  -6.5247e-08      60.4941 
         550      110.572   0.00010727 -5.34317e-08      60.4941 
         550      110.895  0.000107378 -4.01927e-08      60.4941 
         550      111.218  0.000107468 -2.53357e-08       60.494 
         550      111.541  0.000107535 -8.80343e-09       60.494 
         550      111.865  0.000107577  9.39442e-09       60.494 
         550       112.19  0.000107591  2.90673e-08       60.494 
         550      112.515  0.000107577  4.98533e-08      60.4939 
         550       112.84  0.000107538   7.1249e-08      60.4939 
         550      113.166  0.000107477  9.24675e-08      60.4939 
         550      113.492  0.000107401  1.12548e-07      60.4939 
         550      113.819  0.000107316  1.30199e-07      60.4938 
         550      114.147  0.000107232  1.43895e-07      60.4938 
         550      114.474   0.00010716   1.5175e-07      60.4938 
         550      114.803  0.000107111  1.51568e-07      60.4938 
         550      115.131  0.000107097  1.40763e-07      60.4939 
         550       115.46  0.000107133  1.16399e-07      60.4939 
         550       115.79   0.00010723  7.50597e-08      60.4939 
         550       116.12   0.00010693 -1.82234e-08       60.494 
         550      116.451  0.000106664 -9.97699e-08      60.4941 
         550      116.782  0.000106448 -1.70271e-07      60.4943 
         550      117.113  0.000106291 -2.30862e-07      60.4944 
         550      117.446  0.000106203 -2.82444e-07      60.4945 
         550      117.778   0.00010619  -3.2582e-07      60.4946 
         550      118.111  0.000106253 -3.61706e-07      60.4948 
         550      118.444  0.000106393 -3.90435e-07      60.4949 
         550      118.778  0.000106607 -4.12122e-07      60.4951 
         550      119.112  0.000106885 -4.26408e-07      60.4953 
         550      119.447  0.000107218 -4.32526e-07      60.4954 
         550      119.783  0.000107589 -4.29133e-07      60.4956 
         550      120.118  0.000107976 -4.14303e-07      60.4957 
         550      120.455  0.000108355 -3.85372e-07      60.4959 
         550      120.791  0.000108693 -3.38982e-07       60.496 
         550      121.128  0.000108954 -2.70788e-07      60.4961 
         550      121.466  0.000109092 -1.75694e-07      60.4962 
         550      121.804  0.000109056 -4.73076e-08      60.4963 
         550      122.143  0.000108788  1.21518e-07      60.4963 
         550      122.482   0.00010822  3.39627e-07      60.4963 
         550      122.821  0.000107275  6.16785e-07      60.4963 
         550      123.161  0.000105869  9.63977e-07      60.4962 
         550      123.502  0.000103903  1.39454e-06      60.4961 
         550      123.843  0.000106152  1.35114e-06      60.4957 
         550      124.184  0.000108501  1.19274e-06      60.4953 
         550      124.526  0.000109945  1.04374e-06      60.4949 
         550      124.868  0.000110663  9.02921e-07      60.4946 
         550      125.211  0.000110807  7.69523e-07      60.4943 
         550      125.554  0.000110516   6.4291e-07      60.4941 
         550      125.898  0.000109909  5.22263e-07      60.4939 
         550      126.242  0.000109089  4.07276e-07      60.4937 
         550      126.587  0.000108146  2.97375e-07      60.4936 
         550      126.932  0.000107156  1.92445e-07      60.4935 
         550      127.278  0.000106178  9.21269e-08      60.4934 
         550      127.624  0.000105266 -3.59841e-09      60.4934 
         550      127.971  0.000104458 -9.46795e-08      60.4934 
         550      128.318  0.000103784 -1.81205e-07      60.4934 
         550      128.665  0.000103266 -2.62907e-07      60.4935 
         550      129.013  0.000102915  -3.3972e-07      60.4936 
         550      129.361  0.000102739 -4.11263e-07      60.4937 
         550       129.71  0.000102736 -4.77335e-07      60.4938 
         550       130.06  0.000102901 -5.37462e-07       60.494 
         550       130.41  0.000103222 -5.91325e-07      60.4941 
         550       130.76  0.000103686  -6.3841e-07      60.4943 
         550      131.111  0.000104274 -6.78185e-07      60.4945 
         550      131.462  0.000104965 -7.10174e-07      60.4947 
         550      131.814  0.000105735  -7.3375e-07      60.4949 
         550      132.166  0.000106562 -7.48341e-07      60.4951 
         550      132.519  0.000107418 -7.53285e-07      60.4954 
         550      132.872  0.000108279 -7.47922e-07      60.4956 
         550      133.226  0.000109117 -7.31546e-07      60.4958 
         550       133.58  0.000109906 -7.03463e-07      60.4961 
         550      133.934  0.000110622 -6.62879e-07      60.4963 
         550      134.289  0.000111238 -6.09085e-07      60.4965 
         550      134.645  0.000111732 -5.41194e-07      60.4967 
         550          135  0.000112081 -4.58487e-07      60.4969 
         550      135.357  0.000112263 -3.59978e-07      60.4971 
         550      135.714  0.000112259 -2.44938e-07      60.4973 
         550      136.071  0.000112048 -1.12266e-07      60.4975 
         550      136.429  0.000111615  3.89045e-08      60.4976 
         550      136.787  0.000111138  1.43963e-07      60.4976 
         550      137.146  0.000110663  1.87532e-07      60.4974 
         550      137.505  0.000110007  2.33777e-07      60.4972 
         550      137.865  0.000109181  2.83094e-07       60.497 
         550      138.225  0.000108207  3.35698e-07      60.4967 
         550      138.586  0.000107112  3.91918e-07      60.4965 
         550      138.947  0.000105935  4.51907e-07      60.4963 
         550      139.309  0.000104717  5.15736e-07      60.4961 
         550      139.671  0.000103506  5.83556e-07      60.4958 
         550      140.033  0.000102356  6.55217e-07      60.4955 
         550      140.397   0.00010132  7.30696e-07      60.4953 
         550       140.76  0.000100457  8.09624e-07       60.495 
         550      141.124  9.98218e-05  8.91765e-07      60.4947 
         550      141.488   9.9468e-05  9.76562e-07      60.4944 
         550      141.853  9.94442e-05  1.06332e-06      60.4941 
         550      142.219  9.97915e-05  1.15139e-06      60.4937 
         550      142.584   0.00010054  1.23972e-06      60.4934 
         550      142.951   0.00010171  1.32736e-06       60.493 
         550      143.317  0.000103301  1.41291e-06      60.4926 
         550      143.685  0.000105297  1.49507e-06      60.4922 
         550      144.052  0.000107655  1.57209e-06      60.4918 
         550      144.421   0.00011031  1.64228e-06      60.4914 
         550      144.789  0.000113161  1.70358e-06       60.491 
         550      145.158   0.00011607  1.75375e-06      60.4906 
         550      145.528  0.000118866  1.79045e-06      60.4902 
         550      145.898  0.000121323  1.81099e-06      60.4897 
         550      146.269  0.000123174  1.81258e-06      60.4893 
         550       146.64  0.000124087  1.79215e-06      60.4889 
         550      147.011  0.000123672  1.74639e-06      60.4884 
         550      147.383   0.00012147  1.67179e-06       60.488 
         550      147.755  0.000116951  1.56471e-06      60.4876 
         550      148.128  0.000109492  1.42102e-06      60.4872 
         550      148.502  9.84017e-05  1.23674e-06      60.4868 
         550      148.876  8.28615e-05  1.00717e-06      60.4865 
         550       149.25  6.19932e-05  7.28013e-07      60.4861 
         550      149.625  3.47471e-05  3.93928e-07      60.4858 
         550          150   1.5173e-18  1.65975e-20      60.4855 
