Variables = x, y, u, v, p

Zone, I=800, F=POINT
         950            0           -0           -0      8.46869 
         950     0.000234  4.98714e-06  6.20364e-12      8.46869 
         950     0.000939  1.81658e-05  2.38579e-10      8.46869 
         950     0.002113  3.44642e-05  1.32891e-09      8.46869 
         950     0.003759  4.70792e-05  4.30732e-09      8.46869 
         950     0.005872  4.92648e-05  1.05396e-08      8.46869 
         950     0.008457  3.63583e-05  2.17079e-08      8.46869 
         950      0.01151  7.10361e-06  3.96835e-08      8.46869 
         950     0.015036 -3.60619e-05  6.65224e-08      8.46869 
         950     0.019031  -8.7726e-05  1.04263e-07      8.46869 
         950     0.023493 -0.000141591  1.54873e-07      8.46869 
         950     0.028429 -0.000193076  2.20257e-07      8.46869 
         950     0.033831 -0.000241156  3.01843e-07      8.46869 
         950     0.039706 -0.000289276  4.00864e-07      8.46869 
         950     0.046047  -0.00034324  5.17812e-07      8.46869 
         950     0.052863 -0.000407111  6.52846e-07      8.46869 
         950      0.06015 -0.000477813  8.05171e-07      8.46869 
         950       0.0679 -0.000544166  9.73075e-07      8.46869 
         950     0.076126 -0.000600106  1.15443e-06      8.46869 
         950     0.084816 -0.000676694  1.34566e-06      8.46869 
         950     0.093982 -0.000741544  1.54268e-06      8.46869 
         950     0.103611 -0.000808765  1.73994e-06      8.46869 
         950     0.113718 -0.000876775  1.93151e-06      8.46869 
         950     0.124286 -0.000944116  2.10988e-06      8.46869 
         950     0.135333  -0.00100995  2.26726e-06      8.46869 
         950      0.14685  -0.00107364  2.39455e-06      8.46869 
         950     0.158827  -0.00113482  2.48205e-06      8.46869 
         950     0.171284  -0.00119343  2.51968e-06      8.46869 
         950     0.184201  -0.00124919  2.49668e-06      8.46869 
         950     0.197599   -0.0013018  2.40199e-06      8.46869 
         950     0.211455  -0.00135061   2.2246e-06      8.46869 
         950     0.225792  -0.00139511  1.95302e-06      8.46869 
         950       0.2406  -0.00143529  1.57617e-06      8.46869 
         950     0.255865  -0.00147184  1.08359e-06      8.46869 
         950     0.271613  -0.00150347  4.64797e-07      8.46869 
         950     0.287818  -0.00153066 -2.88923e-07      8.46869 
         950     0.304506  -0.00155342 -1.18783e-06      8.46869 
         950      0.32165  -0.00157177  -2.2385e-06      8.46869 
         950     0.339278  -0.00158582  -3.4496e-06      8.46869 
         950     0.357377   -0.0015957 -4.82614e-06      8.46869 
         950      0.37593  -0.00160161 -6.37121e-06      8.46869 
         950     0.394968  -0.00160379 -8.09066e-06      8.46869 
         950     0.414461  -0.00160249 -9.98385e-06      8.46869 
         950      0.43444  -0.00159802 -1.20547e-05      8.46869 
         950     0.454872  -0.00159068 -1.42995e-05      8.46869 
         950     0.475791  -0.00158079 -1.67206e-05      8.46869 
         950     0.497163  -0.00156868 -1.93118e-05      8.46869 
         950     0.519021  -0.00155465 -2.20735e-05      8.46869 
         950      0.54135  -0.00153902 -2.49995e-05      8.46869 
         950     0.564131   -0.0015221 -2.80811e-05      8.46869 
         950       0.5874  -0.00150416 -3.13156e-05      8.46869 
         950     0.611121  -0.00148552 -3.46882e-05      8.46869 
         950      0.63533  -0.00146632 -3.82009e-05      8.46869 
         950      0.65999  -0.00144689 -4.18431e-05      8.46869 
         950     0.685139  -0.00142738 -4.56096e-05      8.46869 
         950     0.710759  -0.00140792 -4.94872e-05      8.46869 
         950     0.736828  -0.00138865 -5.34621e-05      8.46869 
         950     0.763387  -0.00136963 -5.75304e-05      8.46869 
         950     0.790396  -0.00135094 -6.16759e-05      8.46869 
         950     0.817896  -0.00133259 -6.58953e-05      8.46869 
         950     0.845843  -0.00131462 -7.01725e-05      8.46869 
         950     0.874283  -0.00129699 -7.45055e-05      8.46869 
         950      0.90317   -0.0012797 -7.88788e-05      8.46869 
         950     0.932551  -0.00126265 -8.32912e-05      8.46869 
         950     0.962401   -0.0012458 -8.77309e-05      8.46869 
         950     0.992697  -0.00122907 -9.21869e-05      8.46869 
         950      1.02349  -0.00121236 -9.66593e-05      8.46869 
         950      1.05472  -0.00119558 -0.000101134      8.46869 
         950      1.08645  -0.00117864 -0.000105611      8.46869 
         950      1.11863  -0.00116145 -0.000110077      8.46869 
         950       1.1513  -0.00114393 -0.000114534      8.46869 
         950      1.18444  -0.00112602 -0.000118973      8.46869 
         950      1.21802   -0.0011077 -0.000123385      8.46869 
         950      1.25211  -0.00108891 -0.000127774      8.46869 
         950      1.28663  -0.00106968  -0.00013213      8.46869 
         950      1.32165     -0.00105  -0.00013646      8.46869 
         950      1.35712  -0.00102993 -0.000140758      8.46869 
         950      1.39308  -0.00100948 -0.000145034      8.46869 
         950      1.42951 -0.000988714 -0.000149291      8.46869 
         950      1.46638 -0.000967664  -0.00015354      8.46869 
         950      1.50375 -0.000946288 -0.000157804      8.46869 
         950      1.54156  -0.00092452 -0.000161987      8.46869 
         950      1.57987 -0.000902822  -0.00016615       8.4687 
         950      1.61863 -0.000881229 -0.000170294       8.4687 
         950      1.65788 -0.000859686 -0.000174424       8.4687 
         950      1.69757 -0.000838206 -0.000178534       8.4687 
         950      1.73776 -0.000816733 -0.000182628       8.4687 
         950      1.77842  -0.00079526 -0.000186702       8.4687 
         950      1.81952 -0.000773785 -0.000190751       8.4687 
         950      1.86113 -0.000752248 -0.000194778       8.4687 
         950      1.90316 -0.000730664 -0.000198774       8.4687 
         950      1.94571 -0.000708975 -0.000202744       8.4687 
         950      1.98869 -0.000687196 -0.000206677       8.4687 
         950      2.03217 -0.000665273 -0.000210575       8.4687 
         950      2.07612 -0.000643203 -0.000214433       8.4687 
         950      2.12051 -0.000620987 -0.000218243       8.4687 
         950       2.1654 -0.000598576 -0.000222006       8.4687 
         950      2.21073  -0.00057599 -0.000225713       8.4687 
         950      2.25656 -0.000553183 -0.000229365      8.46871 
         950      2.30283 -0.000530182 -0.000232951      8.46871 
         950       2.3496 -0.000506944 -0.000236473      8.46871 
         950      2.39685 -0.000483483 -0.000239924      8.46871 
         950      2.44452 -0.000459819 -0.000243296      8.46871 
         950      2.49271 -0.000435917 -0.000246589      8.46871 
         950      2.54132 -0.000411821 -0.000249797      8.46871 
         950      2.59044 -0.000387501 -0.000252918      8.46872 
         950         2.64 -0.000363009 -0.000255945      8.46872 
         950      2.69006 -0.000338325 -0.000258879      8.46872 
         950      2.74056 -0.000313507 -0.000261712      8.46872 
         950      2.79156 -0.000288541 -0.000264446      8.46872 
         950      2.84304 -0.000263474 -0.000267077      8.46872 
         950      2.89494 -0.000238356   -0.0002696      8.46873 
         950      2.94735 -0.000213181 -0.000272016      8.46873 
         950       3.0002 -0.000188028 -0.000274321      8.46873 
         950      3.05355 -0.000162896 -0.000276517      8.46873 
         950      3.10733 -0.000137865 -0.000278598      8.46873 
         950      3.16163 -0.000112938 -0.000280565      8.46874 
         950      3.21639   -8.818e-05 -0.000282416      8.46874 
         950      3.27158 -6.36523e-05 -0.000284146      8.46874 
         950      3.32729  -3.9358e-05 -0.000285754      8.46874 
         950      3.38342 -1.53749e-05 -0.000287235      8.46875 
         950      3.44007  8.29903e-06 -0.000288585      8.46875 
         950      3.49714   3.1596e-05 -0.000289794      8.46875 
         950      3.55472  5.45291e-05 -0.000290856      8.46875 
         950      3.61273  7.70479e-05 -0.000291757      8.46876 
         950      3.67125  9.91834e-05 -0.000292483      8.46876 
         950      3.73025  0.000120928 -0.000293015      8.46876 
         950      3.78967  0.000142152 -0.000293529      8.46876 
         950      3.84961  0.000162759 -0.000293981      8.46877 
         950      3.90996  0.000182716 -0.000294285      8.46877 
         950      3.97084  0.000202028 -0.000294445      8.46877 
         950      4.03214  0.000220638 -0.000294466      8.46878 
         950      4.09395  0.000238551 -0.000294351      8.46878 
         950      4.15624  0.000255733 -0.000294105      8.46878 
         950      4.21895  0.000272153 -0.000293733      8.46879 
         950      4.28217  0.000287822 -0.000293237      8.46879 
         950      4.34582  0.000302704 -0.000292625      8.46879 
         950      4.40998  0.000316812 -0.000291898       8.4688 
         950      4.47457  0.000330118 -0.000291063       8.4688 
         950      4.53968  0.000342638 -0.000290123       8.4688 
         950      4.60525   0.00035436 -0.000289083      8.46881 
         950      4.67125  0.000365278 -0.000287948      8.46881 
         950      4.73777  0.000375413 -0.000286722      8.46881 
         950       4.8047  0.000384755 -0.000285411      8.46882 
         950      4.87216  0.000393328 -0.000284017      8.46882 
         950      4.94003  0.000401131 -0.000282548      8.46882 
         950      5.00843  0.000408189 -0.000281004      8.46883 
         950      5.07724  0.000414506 -0.000279394      8.46883 
         950      5.14658  0.000420112 -0.000277718      8.46884 
         950      5.21639  0.000425021 -0.000275983      8.46884 
         950      5.28661  0.000429251 -0.000274194      8.46884 
         950      5.35736  0.000432833 -0.000272352      8.46885 
         950      5.42852  0.000435787 -0.000270465      8.46885 
         950      5.50021  0.000438142 -0.000268533      8.46885 
         950      5.57231  0.000439924 -0.000266563      8.46886 
         950      5.64493  0.000441164 -0.000264556      8.46886 
         950      5.71803   0.00044189 -0.000262516      8.46886 
         950      5.79154  0.000442132  -0.00026045      8.46887 
         950      5.86558  0.000441921 -0.000258356      8.46887 
         950      5.94003  0.000441289 -0.000256242      8.46888 
         950      6.01501  0.000440265 -0.000254106      8.46888 
         950       6.0904  0.000438883 -0.000251955      8.46888 
         950      6.16632  0.000437171 -0.000249789      8.46889 
         950      6.24271  0.000435161 -0.000247611      8.46889 
         950       6.3195  0.000432883 -0.000245426      8.46889 
         950      6.39683  0.000430364 -0.000243231       8.4689 
         950      6.47457  0.000427635 -0.000241033       8.4689 
         950      6.55284  0.000424717  -0.00023883       8.4689 
         950      6.63152  0.000421641 -0.000236626      8.46891 
         950      6.71073  0.000418427  -0.00023442      8.46891 
         950      6.79034  0.000415099 -0.000232216      8.46892 
         950      6.87049  0.000411675 -0.000230012      8.46892 
         950      6.95111  0.000408174  -0.00022781      8.46892 
         950      7.03214  0.000404616 -0.000225613      8.46893 
         950       7.1137   0.00040101 -0.000223417      8.46893 
         950      7.19566  0.000397373 -0.000221227      8.46893 
         950      7.27816  0.000393712 -0.000219039      8.46894 
         950      7.36106  0.000390039 -0.000216856      8.46894 
         950      7.44451  0.000386356 -0.000214675      8.46894 
         950      7.52842  0.000382671 -0.000212498      8.46895 
         950      7.61273  0.000378989 -0.000210326      8.46895 
         950      7.69758  0.000375308 -0.000208155      8.46895 
         950      7.78283  0.000371633 -0.000205989      8.46896 
         950      7.86862  0.000367959 -0.000203822      8.46896 
         950      7.95481  0.000364293 -0.000201659      8.46897 
         950      8.04155  0.000360627 -0.000199495      8.46897 
         950      8.12868   0.00035697 -0.000197334      8.46897 
         950      8.21635  0.000353316 -0.000195171      8.46898 
         950      8.30449  0.000349674 -0.000193009      8.46898 
         950      8.39303  0.000346053 -0.000190848      8.46898 
         950      8.48211  0.000342458 -0.000188687      8.46899 
         950      8.57159  0.000338911 -0.000186527      8.46899 
         950      8.66161  0.000335427 -0.000184368      8.46899 
         950      8.75203  0.000332041 -0.000182212        8.469 
         950      8.84299  0.000328783 -0.000180059        8.469 
         950      8.93443  0.000325706 -0.000177911        8.469 
         950      9.02626  0.000323005 -0.000175646      8.46901 
         950      9.11863  0.000319785 -0.000173592      8.46901 
         950      9.21139  0.000316433 -0.000171561      8.46901 
         950      9.30471  0.000313012 -0.000169453      8.46902 
         950      9.39841  0.000309613 -0.000167345      8.46902 
         950      9.49267  0.000306282 -0.000165258      8.46902 
         950      9.58739  0.000303016  -0.00016319      8.46903 
         950      9.68251  0.000299813 -0.000161141      8.46903 
         950      9.77817  0.000296663 -0.000159102      8.46903 
         950      9.87422  0.000293567 -0.000157076      8.46904 
         950      9.97083  0.000290517 -0.000155058      8.46904 
         950      10.0678  0.000287514 -0.000153049      8.46904 
         950      10.1654  0.000284549 -0.000151045      8.46905 
         950      10.2633  0.000281626 -0.000149051      8.46905 
         950      10.3618  0.000278736 -0.000147061      8.46905 
         950      10.4607  0.000275879 -0.000145078      8.46906 
         950      10.5601  0.000273057 -0.000143105      8.46906 
         950        10.66  0.000270263 -0.000141139      8.46906 
         950      10.7603    0.0002675 -0.000139183      8.46907 
         950      10.8611  0.000264763 -0.000137238      8.46907 
         950      10.9623  0.000262055 -0.000135305      8.46907 
         950      11.0641  0.000259372 -0.000133385      8.46908 
         950      11.1663  0.000256715 -0.000131479      8.46908 
         950       11.269  0.000254085  -0.00012959      8.46908 
         950      11.3721   0.00025148 -0.000127718      8.46909 
         950      11.4757  0.000248902 -0.000125865      8.46909 
         950      11.5798  0.000246349  -0.00012403      8.46909 
         950      11.6844  0.000243825 -0.000122216       8.4691 
         950      11.7894  0.000241325 -0.000120422       8.4691 
         950       11.895  0.000238854  -0.00011865       8.4691 
         950      12.0009  0.000236412   -0.0001169      8.46911 
         950      12.1073  0.000233997  -0.00011517      8.46911 
         950      12.2142  0.000231614 -0.000113463      8.46911 
         950      12.3216  0.000229259 -0.000111775      8.46912 
         950      12.4294  0.000226937 -0.000110108      8.46912 
         950      12.5378  0.000224644 -0.000108459      8.46912 
         950      12.6465  0.000222385 -0.000106828      8.46912 
         950      12.7558  0.000220157 -0.000105213      8.46913 
         950      12.8656  0.000217961 -0.000103613      8.46913 
         950      12.9757  0.000215801 -0.000102027      8.46913 
         950      13.0864  0.000213672 -0.000100451      8.46914 
         950      13.1975  0.000211578 -9.88859e-05      8.46914 
         950      13.3092  0.000209516 -9.73282e-05      8.46914 
         950      13.4212  0.000207488 -9.57786e-05      8.46915 
         950      13.5338  0.000205491 -9.42337e-05      8.46915 
         950      13.6468  0.000203527 -9.26944e-05      8.46915 
         950      13.7603  0.000201596 -9.11616e-05      8.46916 
         950      13.8743  0.000199693 -8.96339e-05      8.46916 
         950      13.9886  0.000197822 -8.81152e-05      8.46916 
         950      14.1036  0.000195977  -8.6606e-05      8.46917 
         950      14.2189  0.000194161 -8.51126e-05      8.46917 
         950      14.3348  0.000192368 -8.36383e-05      8.46917 
         950       14.451  0.000190601 -8.21928e-05      8.46918 
         950      14.5678  0.000188855 -8.07832e-05      8.46918 
         950      14.6851  0.000187129 -7.94226e-05      8.46918 
         950      14.8028  0.000185422 -7.81265e-05      8.46919 
         950       14.921  0.000183731 -7.69103e-05      8.46919 
         950      15.0396  0.000182055 -7.57969e-05      8.46919 
         950      15.1588  0.000180393 -7.43522e-05       8.4692 
         950      15.2783  0.000178743 -7.27713e-05       8.4692 
         950      15.3984  0.000177107 -7.12941e-05       8.4692 
         950       15.519  0.000175497 -6.99006e-05      8.46921 
         950        15.64  0.000173923 -6.85725e-05      8.46921 
         950      15.7615  0.000172392 -6.72911e-05      8.46921 
         950      15.8834  0.000170915 -6.60439e-05      8.46922 
         950      16.0058  0.000169493 -6.48173e-05      8.46922 
         950      16.1286   0.00016813 -6.36041e-05      8.46922 
         950       16.252   0.00016682 -6.23962e-05      8.46923 
         950      16.3759  0.000165553 -6.11913e-05      8.46923 
         950      16.5002  0.000164313 -5.99898e-05      8.46923 
         950       16.625   0.00016307 -5.87926e-05      8.46924 
         950      16.7501  0.000161787 -5.76071e-05      8.46924 
         950      16.8759   0.00016041 -5.64403e-05      8.46924 
         950       17.002  0.000158875 -5.53057e-05      8.46925 
         950      17.1287   0.00015759 -5.42119e-05      8.46925 
         950      17.2557  0.000156385 -5.31253e-05      8.46926 
         950      17.3834  0.000155183 -5.20439e-05      8.46926 
         950      17.5115  0.000153992 -5.09712e-05      8.46926 
         950      17.6399  0.000152816 -4.99104e-05      8.46927 
         950       17.769  0.000151656 -4.88612e-05      8.46927 
         950      17.8984  0.000150517 -4.78268e-05      8.46927 
         950      18.0284  0.000149399 -4.68062e-05      8.46928 
         950      18.1587  0.000148304 -4.58018e-05      8.46928 
         950      18.2896   0.00014723  -4.4812e-05      8.46928 
         950       18.421   0.00014618 -4.38377e-05      8.46929 
         950      18.5528  0.000145153 -4.28796e-05      8.46929 
         950      18.6851  0.000144147 -4.19355e-05       8.4693 
         950      18.8178  0.000143164 -4.10067e-05       8.4693 
         950      18.9511    0.0001422 -4.00909e-05       8.4693 
         950      19.0847  0.000141256 -3.91889e-05      8.46931 
         950      19.2189  0.000140331 -3.82987e-05      8.46931 
         950      19.3535  0.000139423  -3.7421e-05      8.46931 
         950      19.4886  0.000138532 -3.65536e-05      8.46932 
         950      19.6242  0.000137658 -3.56967e-05      8.46932 
         950      19.7602    0.0001368 -3.48505e-05      8.46933 
         950      19.8968  0.000135957  -3.4013e-05      8.46933 
         950      20.0337   0.00013513 -3.31853e-05      8.46933 
         950      20.1712  0.000134319 -3.23657e-05      8.46934 
         950      20.3091  0.000133524 -3.15555e-05      8.46934 
         950      20.4475  0.000132745 -3.07532e-05      8.46935 
         950      20.5864  0.000131983 -2.99595e-05      8.46935 
         950      20.7257  0.000131239 -2.91752e-05      8.46935 
         950      20.8655  0.000130512 -2.83991e-05      8.46936 
         950      21.0058  0.000129805 -2.76325e-05      8.46936 
         950      21.1465  0.000129108 -2.68727e-05      8.46937 
         950      21.2877  0.000128418 -2.61239e-05      8.46937 
         950      21.4294  0.000127744 -2.53886e-05      8.46938 
         950      21.5716  0.000127085 -2.46682e-05      8.46938 
         950      21.7142  0.000126442 -2.39639e-05      8.46938 
         950      21.8573  0.000125814 -2.32758e-05      8.46939 
         950      22.0008  0.000125203 -2.26056e-05      8.46939 
         950      22.1449  0.000124606 -2.19529e-05       8.4694 
         950      22.2893  0.000124025 -2.13192e-05       8.4694 
         950      22.4344  0.000123458  -2.0703e-05      8.46941 
         950      22.5797  0.000122905 -2.01046e-05      8.46941 
         950      22.7257  0.000122366 -1.95209e-05      8.46942 
         950      22.8721   0.00012184 -1.89496e-05      8.46942 
         950      23.0189  0.000121327 -1.83868e-05      8.46942 
         950      23.1663  0.000120827 -1.78255e-05      8.46943 
         950       23.314  0.000120339 -1.72587e-05      8.46943 
         950      23.4623  0.000119865 -1.66755e-05      8.46944 
         950       23.611  0.000119403 -1.60641e-05      8.46944 
         950      23.7602  0.000118956 -1.54079e-05      8.46945 
         950        23.91  0.000118524 -1.46885e-05      8.46945 
         950        24.06  0.000118109  -1.3884e-05      8.46946 
         950      24.2107  0.000117713 -1.29664e-05      8.46946 
         950      24.3617  0.000117194 -1.28509e-05      8.46947 
         950      24.5133  0.000116702 -1.26551e-05      8.46947 
         950      24.6653  0.000116242 -1.23472e-05      8.46948 
         950      24.8178  0.000115807 -1.19538e-05      8.46948 
         950      24.9708  0.000115395 -1.14982e-05      8.46949 
         950      25.1242  0.000115001 -1.10009e-05      8.46949 
         950      25.2781  0.000114623 -1.04776e-05       8.4695 
         950      25.4324  0.000114259  -9.9428e-06       8.4695 
         950      25.5873  0.000113906 -9.40685e-06      8.46951 
         950      25.7426  0.000113564 -8.87918e-06      8.46951 
         950      25.8984  0.000113232 -8.36543e-06      8.46952 
         950      26.0546  0.000112909 -7.87094e-06      8.46952 
         950      26.2114  0.000112594 -7.39776e-06      8.46953 
         950      26.3686  0.000112288 -6.94767e-06      8.46953 
         950      26.5262  0.000111991 -6.52111e-06      8.46954 
         950      26.6844  0.000111702 -6.11651e-06      8.46955 
         950      26.8429  0.000111421 -5.73277e-06      8.46955 
         950       27.002   0.00011115 -5.36696e-06      8.46956 
         950      27.1615  0.000110887 -5.01686e-06      8.46956 
         950      27.3216  0.000110632 -4.67886e-06      8.46957 
         950      27.4821  0.000110386 -4.35012e-06      8.46957 
         950       27.643  0.000110148  -4.0278e-06      8.46958 
         950      27.8044  0.000109917 -3.70847e-06      8.46959 
         950      27.9663  0.000109694 -3.39004e-06      8.46959 
         950      28.1287  0.000109477 -3.06981e-06       8.4696 
         950      28.2914  0.000109266 -2.74657e-06       8.4696 
         950      28.4548  0.000109059 -2.41865e-06      8.46961 
         950      28.6185  0.000108857 -2.08598e-06      8.46962 
         950      28.7828  0.000108658 -1.74806e-06      8.46962 
         950      28.9475  0.000108461 -1.40577e-06      8.46963 
         950      29.1126  0.000108266 -1.06058e-06      8.46963 
         950      29.2784  0.000108072 -7.13629e-07      8.46964 
         950      29.4444   0.00010788 -3.67576e-07      8.46965 
         950       29.611  0.000107689 -2.42767e-08      8.46965 
         950       29.778  0.000107502  3.13174e-07      8.46966 
         950      29.9456  0.000107319  6.42794e-07      8.46967 
         950      30.1137  0.000107143  9.62051e-07      8.46967 
         950      30.2821  0.000106978  1.26896e-06      8.46968 
         950      30.4511  0.000106828  1.56307e-06      8.46969 
         950      30.6204  0.000106701  1.84413e-06      8.46969 
         950      30.7903  0.000106604  2.11433e-06       8.4697 
         950      30.9606  0.000106546  2.37692e-06      8.46971 
         950      31.1315   0.00010654  2.63843e-06      8.46971 
         950      31.3028  0.000106602  2.90773e-06      8.46972 
         950      31.4745  0.000106747  3.19714e-06      8.46973 
         950      31.6468  0.000106987  3.52197e-06      8.46973 
         950      31.8194  0.000106766  3.78508e-06      8.46974 
         950      31.9926  0.000106487  4.07998e-06      8.46975 
         950      32.1662  0.000106142  4.42968e-06      8.46976 
         950      32.3404   0.00010583  4.69798e-06      8.46976 
         950      32.5149   0.00010568  4.78526e-06      8.46977 
         950        32.69  0.000105557   4.9139e-06      8.46978 
         950      32.8655  0.000105458  5.07517e-06      8.46979 
         950      33.0414  0.000105379   5.2612e-06      8.46979 
         950       33.218  0.000105316  5.46553e-06       8.4698 
         950      33.3948  0.000105266  5.68195e-06      8.46981 
         950      33.5723  0.000105227  5.90576e-06      8.46982 
         950        33.75  0.000105195   6.1323e-06      8.46982 
         950      33.9284   0.00010517  6.35837e-06      8.46983 
         950      34.1073  0.000105149  6.58085e-06      8.46984 
         950      34.2865  0.000105131  6.79727e-06      8.46985 
         950      34.4663  0.000105114  7.00623e-06      8.46986 
         950      34.6465  0.000105099  7.20612e-06      8.46986 
         950      34.8272  0.000105084  7.39646e-06      8.46987 
         950      35.0083  0.000105069  7.57655e-06      8.46988 
         950        35.19  0.000105054  7.74661e-06      8.46989 
         950      35.3721  0.000105038  7.90673e-06       8.4699 
         950      35.5546  0.000105022  8.05728e-06      8.46991 
         950      35.7377  0.000105005  8.19922e-06      8.46991 
         950      35.9211  0.000104989  8.33317e-06      8.46992 
         950      36.1052  0.000104972  8.46033e-06      8.46993 
         950      36.2895  0.000104956  8.58155e-06      8.46994 
         950      36.4745  0.000104942  8.69814e-06      8.46995 
         950      36.6598  0.000104928  8.81102e-06      8.46996 
         950      36.8457  0.000104917  8.92144e-06      8.46997 
         950      37.0321  0.000104907  9.03033e-06      8.46998 
         950      37.2188  0.000104901  9.13855e-06      8.46998 
         950      37.4062  0.000104897  9.24708e-06      8.46999 
         950      37.5938  0.000104896  9.35643e-06         8.47 
         950      37.7821  0.000104899  9.46732e-06      8.47001 
         950      37.9707  0.000104905  9.57992e-06      8.47002 
         950      38.1599  0.000104915  9.69461e-06      8.47003 
         950      38.3496  0.000104928  9.81129e-06      8.47004 
         950      38.5396  0.000104945  9.92968e-06      8.47005 
         950      38.7302  0.000104965  1.00496e-05      8.47006 
         950      38.9211  0.000104987  1.01703e-05      8.47007 
         950      39.1127  0.000105013  1.02912e-05      8.47008 
         950      39.3046   0.00010504  1.04113e-05      8.47009 
         950      39.4971  0.000105069  1.05297e-05       8.4701 
         950      39.6899  0.000105099  1.06452e-05      8.47011 
         950      39.8833  0.000105129  1.07567e-05      8.47012 
         950      40.0772  0.000105158   1.0863e-05      8.47013 
         950      40.2714  0.000105186  1.09628e-05      8.47014 
         950      40.4663  0.000105212  1.10551e-05      8.47015 
         950      40.6615  0.000105236  1.11388e-05      8.47016 
         950      40.8573  0.000105255  1.12133e-05      8.47017 
         950      41.0534   0.00010527  1.12779e-05      8.47018 
         950      41.2501  0.000105281  1.13326e-05      8.47019 
         950      41.4473  0.000105286  1.13777e-05       8.4702 
         950      41.6448  0.000105286   1.1414e-05      8.47022 
         950      41.8429  0.000105281   1.1443e-05      8.47023 
         950      42.0414   0.00010527  1.14672e-05      8.47024 
         950      42.2405  0.000105255  1.14896e-05      8.47025 
         950      42.4399  0.000105235  1.15146e-05      8.47026 
         950      42.6399  0.000105214  1.15477e-05      8.47027 
         950      42.8404  0.000105191  1.15958e-05      8.47028 
         950      43.0412  0.000105171   1.1667e-05      8.47029 
         950      43.2426  0.000105155  1.17717e-05      8.47031 
         950      43.4444  0.000105148  1.19217e-05      8.47032 
         950      43.6467  0.000105154  1.21314e-05      8.47033 
         950      43.8494  0.000105423  1.21313e-05      8.47034 
         950      44.0527  0.000105806  1.21998e-05      8.47035 
         950      44.2563  0.000106244  1.23889e-05      8.47037 
         950      44.4606  0.000106134  1.24325e-05      8.47038 
         950      44.6653  0.000106024  1.24458e-05      8.47039 
         950      44.8704  0.000106007   1.2462e-05       8.4704 
         950       45.076  0.000106069  1.24768e-05      8.47041 
         950       45.282  0.000106201  1.24864e-05      8.47043 
         950      45.4886  0.000106392  1.24877e-05      8.47044 
         950      45.6955  0.000106434  1.24709e-05      8.47045 
         950       45.903  0.000106342  1.24608e-05      8.47047 
         950      46.1111  0.000106254  1.24664e-05      8.47048 
         950      46.3194  0.000106178  1.24846e-05      8.47049 
         950      46.5283  0.000106116  1.25124e-05      8.47051 
         950      46.7376  0.000106072  1.25475e-05      8.47052 
         950      46.9475  0.000106049  1.25877e-05      8.47053 
         950      47.1577  0.000106046  1.26308e-05      8.47055 
         950      47.3685  0.000106065  1.26754e-05      8.47056 
         950      47.5798  0.000106104    1.272e-05      8.47057 
         950      47.7914  0.000106162  1.27633e-05      8.47059 
         950      48.0037  0.000106238  1.28044e-05       8.4706 
         950      48.2162  0.000106328  1.28424e-05      8.47061 
         950      48.4294  0.000106431  1.28768e-05      8.47063 
         950      48.6429  0.000106542  1.29071e-05      8.47064 
         950       48.857  0.000106661  1.29329e-05      8.47066 
         950      49.0714  0.000106783  1.29542e-05      8.47067 
         950      49.2865  0.000106905  1.29709e-05      8.47069 
         950       49.502  0.000107026   1.2983e-05       8.4707 
         950      49.7179  0.000107141  1.29907e-05      8.47072 
         950      49.9343   0.00010725  1.29942e-05      8.47073 
         950      50.1511  0.000107349  1.29939e-05      8.47075 
         950      50.3685  0.000107437  1.29901e-05      8.47076 
         950      50.5862  0.000107514  1.29831e-05      8.47078 
         950      50.8046  0.000107578  1.29736e-05      8.47079 
         950      51.0234  0.000107628  1.29618e-05      8.47081 
         950      51.2425  0.000107666  1.29483e-05      8.47082 
         950      51.4623  0.000107692  1.29335e-05      8.47084 
         950      51.6824  0.000107707  1.29178e-05      8.47086 
         950      51.9031  0.000107712  1.29018e-05      8.47087 
         950      52.1241   0.00010771  1.28857e-05      8.47089 
         950      52.3457  0.000107703  1.28701e-05       8.4709 
         950      52.5676  0.000107694  1.28551e-05      8.47092 
         950      52.7902  0.000107686  1.28411e-05      8.47094 
         950      53.0133  0.000107682  1.28283e-05      8.47095 
         950      53.2366  0.000107686  1.28169e-05      8.47097 
         950      53.4606    0.0001077  1.28069e-05      8.47099 
         950      53.6849  0.000107728  1.27985e-05        8.471 
         950      53.9099  0.000107772  1.27917e-05      8.47102 
         950      54.1351  0.000107836  1.27862e-05      8.47104 
         950       54.361  0.000107921  1.27821e-05      8.47106 
         950      54.5873  0.000108028  1.27792e-05      8.47107 
         950      54.8139  0.000108157  1.27771e-05      8.47109 
         950      55.0412  0.000108308  1.27756e-05      8.47111 
         950      55.2688  0.000108476  1.27743e-05      8.47113 
         950       55.497  0.000108659  1.27729e-05      8.47115 
         950      55.7255  0.000108849   1.2771e-05      8.47116 
         950      55.9547  0.000109038  1.27681e-05      8.47118 
         950      56.1844  0.000109214  1.27638e-05       8.4712 
         950      56.4143  0.000109363  1.27578e-05      8.47122 
         950      56.6449  0.000109467  1.27495e-05      8.47124 
         950      56.8757  0.000109505  1.27388e-05      8.47126 
         950      57.1072  0.000109451  1.27253e-05      8.47128 
         950       57.339  0.000109274  1.27088e-05       8.4713 
         950      57.5715  0.000108939  1.26892e-05      8.47131 
         950      57.8042  0.000108404  1.26666e-05      8.47133 
         950      58.0376  0.000107623  1.26411e-05      8.47135 
         950      58.2715    0.0001077   1.2648e-05      8.47137 
         950      58.5057  0.000108522  1.26731e-05      8.47139 
         950      58.7405  0.000109138   1.2686e-05      8.47141 
         950      58.9756  0.000109584  1.26896e-05      8.47143 
         950      59.2113  0.000109891  1.26866e-05      8.47145 
         950      59.4473  0.000110089  1.26792e-05      8.47148 
         950       59.684  0.000110202  1.26689e-05       8.4715 
         950      59.9212  0.000110251  1.26574e-05      8.47152 
         950      60.1586  0.000110256  1.26455e-05      8.47154 
         950      60.3967  0.000110231  1.26341e-05      8.47156 
         950      60.6351   0.00011019  1.26236e-05      8.47158 
         950      60.8741  0.000110144  1.26143e-05       8.4716 
         950      61.1135  0.000110101  1.26064e-05      8.47162 
         950      61.3534  0.000110068  1.25997e-05      8.47165 
         950      61.5939   0.00011005   1.2594e-05      8.47167 
         950      61.8346   0.00011005  1.25889e-05      8.47169 
         950       62.076  0.000110069  1.25841e-05      8.47171 
         950      62.3177   0.00011011  1.25791e-05      8.47173 
         950        62.56   0.00011017  1.25733e-05      8.47176 
         950      62.8026   0.00011025  1.25662e-05      8.47178 
         950      63.0459  0.000110346  1.25572e-05       8.4718 
         950      63.2894  0.000110457  1.25459e-05      8.47183 
         950      63.5336  0.000110579  1.25318e-05      8.47185 
         950      63.7783  0.000110709  1.25143e-05      8.47187 
         950      64.0233  0.000110843  1.24931e-05       8.4719 
         950      64.2689  0.000110977  1.24678e-05      8.47192 
         950      64.5148  0.000111108  1.24382e-05      8.47195 
         950      64.7613  0.000111232  1.24041e-05      8.47197 
         950      65.0082  0.000111344  1.23654e-05      8.47199 
         950      65.2557  0.000111442  1.23219e-05      8.47202 
         950      65.5036  0.000111521  1.22736e-05      8.47204 
         950      65.7519  0.000111577  1.22207e-05      8.47207 
         950      66.0008  0.000111609  1.21631e-05      8.47209 
         950        66.25  0.000111612  1.21011e-05      8.47212 
         950      66.4998  0.000111471  1.20302e-05      8.47215 
         950        66.75  0.000111301  1.19578e-05      8.47217 
         950      67.0007  0.000111164  1.18894e-05       8.4722 
         950      67.2518  0.000111057  1.18279e-05      8.47222 
         950      67.5035  0.000110977  1.17758e-05      8.47225 
         950      67.7557  0.000110922  1.17353e-05      8.47228 
         950      68.0082  0.000110892  1.17081e-05       8.4723 
         950      68.2614  0.000110885  1.16949e-05      8.47233 
         950      68.5148  0.000110903  1.16956e-05      8.47236 
         950      68.7688  0.000110946  1.17086e-05      8.47238 
         950      69.0232  0.000111014  1.17309e-05      8.47241 
         950      69.2782  0.000111109  1.17576e-05      8.47244 
         950      69.5337   0.00011123  1.17818e-05      8.47247 
         950      69.7895  0.000111378  1.17938e-05       8.4725 
         950      70.0459  0.000111553  1.17812e-05      8.47252 
         950      70.3026  0.000111754  1.17283e-05      8.47255 
         950        70.56  0.000111979  1.16157e-05      8.47258 
         950      70.8176  0.000112224  1.14201e-05      8.47261 
         950      71.0759  0.000112301  1.13424e-05      8.47264 
         950      71.3347  0.000112234  1.14934e-05      8.47267 
         950      71.5938  0.000112276  1.15871e-05       8.4727 
         950      71.8535  0.000112388  1.16329e-05      8.47273 
         950      72.1135  0.000112537  1.16393e-05      8.47276 
         950      72.3741  0.000112697  1.16144e-05      8.47279 
         950       72.635  0.000112848  1.15652e-05      8.47282 
         950      72.8967  0.000112976  1.14977e-05      8.47285 
         950      73.1585  0.000113069  1.14171e-05      8.47288 
         950      73.4211  0.000113121  1.13272e-05      8.47292 
         950      73.6841  0.000113129  1.12308e-05      8.47295 
         950      73.9473  0.000113094  1.11293e-05      8.47298 
         950      74.2113  0.000113018  1.10223e-05      8.47301 
         950      74.4755  0.000112907  1.09082e-05      8.47304 
         950      74.7404  0.000112765  1.07834e-05      8.47308 
         950      75.0056  0.000112601  1.06428e-05      8.47311 
         950      75.2714  0.000112602  1.05739e-05      8.47314 
         950      75.5377  0.000112724  1.05851e-05      8.47318 
         950      75.8043  0.000112796  1.05905e-05      8.47321 
         950      76.0715  0.000112836  1.05905e-05      8.47324 
         950       76.339  0.000112858  1.05852e-05      8.47328 
         950      76.6072  0.000112873  1.05745e-05      8.47331 
         950      76.8756  0.000112891  1.05584e-05      8.47335 
         950      77.1448  0.000112917  1.05369e-05      8.47338 
         950      77.4141  0.000112957  1.05097e-05      8.47342 
         950      77.6842  0.000113012  1.04769e-05      8.47345 
         950      77.9547  0.000113082  1.04383e-05      8.47349 
         950      78.2255  0.000113167  1.03941e-05      8.47352 
         950       78.497  0.000113263  1.03443e-05      8.47356 
         950      78.7687  0.000113367  1.02892e-05       8.4736 
         950      79.0411  0.000113474  1.02291e-05      8.47363 
         950      79.3138  0.000113579  1.01645e-05      8.47367 
         950      79.5872  0.000113675  1.00958e-05      8.47371 
         950       79.861  0.000113757  1.00238e-05      8.47375 
         950      80.1351  0.000113818  9.94923e-06      8.47378 
         950      80.4098  0.000113854  9.87292e-06      8.47382 
         950      80.6849   0.00011386  9.79588e-06      8.47386 
         950      80.9606  0.000113833  9.71896e-06       8.4739 
         950      81.2365  0.000113771  9.64324e-06      8.47394 
         950      81.5132  0.000113675  9.56957e-06      8.47398 
         950      81.7903  0.000113548  9.49891e-06      8.47402 
         950      82.0676  0.000113396   9.4321e-06      8.47406 
         950      82.3457  0.000113227  9.36965e-06       8.4741 
         950       82.624  0.000113054  9.31206e-06      8.47414 
         950       82.903  0.000112895  9.25936e-06      8.47418 
         950      83.1822  0.000112771   9.2114e-06      8.47422 
         950      83.4622  0.000112709   9.1674e-06      8.47426 
         950      83.7424  0.000112742  9.12622e-06      8.47431 
         950      84.0232  0.000112909  9.08597e-06      8.47435 
         950      84.3046  0.000113257  9.04413e-06      8.47439 
         950      84.5862  0.000113839  8.99733e-06      8.47443 
         950      84.8685  0.000114719  8.94116e-06      8.47448 
         950       85.151  0.000115965  8.87031e-06      8.47452 
         950      85.4342  0.000117336  8.78903e-06      8.47456 
         950      85.7177  0.000116428  8.77617e-06      8.47461 
         950      86.0019   0.00011568   8.7511e-06      8.47465 
         950      86.2865  0.000115073  8.71622e-06      8.47469 
         950      86.5714  0.000114593  8.67363e-06      8.47474 
         950       86.857  0.000114224  8.62503e-06      8.47479 
         950      87.1428  0.000113951    8.572e-06      8.47483 
         950      87.4293  0.000113762  8.51569e-06      8.47488 
         950      87.7161  0.000113645   8.4572e-06      8.47493 
         950      88.0035  0.000113589  8.39724e-06      8.47497 
         950      88.2914  0.000113585  8.33648e-06      8.47502 
         950      88.5796  0.000113622   8.2754e-06      8.47507 
         950      88.8685  0.000113695  8.21421e-06      8.47512 
         950      89.1576  0.000113794  8.15318e-06      8.47517 
         950      89.4474  0.000113913  8.09229e-06      8.47522 
         950      89.7374  0.000114048   8.0316e-06      8.47527 
         950      90.0282  0.000114192  7.97093e-06      8.47532 
         950      90.3192  0.000114341  7.91025e-06      8.47537 
         950      90.6109  0.000114493  7.84928e-06      8.47542 
         950       90.903  0.000114642  7.78791e-06      8.47547 
         950      91.1954  0.000114787  7.72598e-06      8.47553 
         950      91.4885  0.000114925  7.66327e-06      8.47558 
         950      91.7819  0.000115055  7.59974e-06      8.47563 
         950      92.0759  0.000115174  7.53523e-06      8.47569 
         950      92.3702  0.000115282  7.46984e-06      8.47574 
         950      92.6652  0.000115378  7.40356e-06      8.47579 
         950      92.9606  0.000115461  7.33662e-06      8.47585 
         950      93.2563  0.000115531  7.26936e-06      8.47591 
         950      93.5527  0.000115587  7.20208e-06      8.47596 
         950      93.8493  0.000115629  7.13545e-06      8.47602 
         950      94.1466  0.000115658  7.07002e-06      8.47608 
         950      94.4442  0.000115671  7.00676e-06      8.47614 
         950      94.7425   0.00011567  6.94656e-06       8.4762 
         950       95.041  0.000115655  6.89069e-06      8.47626 
         950      95.3402  0.000115623  6.84041e-06      8.47632 
         950      95.6399  0.000115576  6.79731e-06      8.47638 
         950      95.9398  0.000115512  6.76313e-06      8.47644 
         950      96.2404   0.00011543  6.73974e-06       8.4765 
         950      96.5412  0.000115328  6.72927e-06      8.47656 
         950      96.8428  0.000115205  6.73404e-06      8.47663 
         950      97.1446  0.000115059  6.75654e-06      8.47669 
         950      97.4471  0.000114886  6.79952e-06      8.47675 
         950      97.7501  0.000115015  6.69244e-06      8.47681 
         950      98.0533  0.000115111  6.58929e-06      8.47687 
         950      98.3572  0.000115174  6.49409e-06      8.47694 
         950      98.6613   0.00011521  6.40711e-06        8.477 
         950      98.9662  0.000115224  6.32829e-06      8.47706 
         950      99.2712  0.000115222  6.25783e-06      8.47713 
         950       99.577  0.000115207  6.19559e-06      8.47719 
         950      99.8833  0.000115182  6.14156e-06      8.47725 
         950       100.19  0.000115151  6.09553e-06      8.47732 
         950      100.497  0.000115115  6.05706e-06      8.47738 
         950      100.804   0.00011508  6.02564e-06      8.47745 
         950      101.113  0.000115049  6.00038e-06      8.47751 
         950      101.421  0.000115029  5.98023e-06      8.47758 
         950       101.73  0.000115026  5.96372e-06      8.47764 
         950      102.039  0.000115051  5.94905e-06      8.47771 
         950      102.349  0.000115116  5.93393e-06      8.47777 
         950       102.66  0.000115239  5.91561e-06      8.47784 
         950      102.971  0.000115439   5.8908e-06       8.4779 
         950      103.282  0.000115744   5.8555e-06      8.47797 
         950      103.594  0.000116185  5.80514e-06      8.47803 
         950      103.906  0.000116801  5.73421e-06      8.47809 
         950      104.219  0.000117637  5.63659e-06      8.47816 
         950      104.532  0.000118751  5.50494e-06      8.47822 
         950      104.846  0.000119721   5.3682e-06      8.47828 
         950       105.16  0.000118308  5.37293e-06      8.47836 
         950      105.474  0.000117086  5.32028e-06      8.47845 
         950      105.789  0.000116082  5.22659e-06      8.47856 
         950      106.105  0.000115311  5.10631e-06      8.47868 
         950      106.421  0.000114781  4.97265e-06      8.47881 
         950      106.738  0.000114484  4.83699e-06      8.47895 
         950      107.055  0.000114405  4.70969e-06       8.4791 
         950      107.372  0.000114515  4.59984e-06      8.47926 
         950       107.69  0.000114775  4.51514e-06      8.47942 
         950      108.008  0.000115134  4.46251e-06      8.47959 
         950      108.327  0.000115526  4.44766e-06      8.47975 
         950      108.646  0.000115873  4.47552e-06      8.47992 
         950      108.966  0.000116083  4.55014e-06       8.4801 
         950      109.286  0.000116047  4.67464e-06      8.48027 
         950      109.607  0.000115643  4.85164e-06      8.48044 
         950      109.928  0.000115943  4.79452e-06       8.4805 
         950       110.25  0.000116231  4.72001e-06      8.48056 
         950      110.572   0.00011641  4.65664e-06      8.48061 
         950      110.895  0.000116498  4.60217e-06      8.48066 
         950      111.218  0.000116512  4.55451e-06      8.48071 
         950      111.541  0.000116468   4.5121e-06      8.48076 
         950      111.865  0.000116382  4.47349e-06       8.4808 
         950       112.19  0.000116266  4.43762e-06      8.48084 
         950      112.515  0.000116134  4.40362e-06      8.48088 
         950       112.84  0.000115995  4.37071e-06      8.48092 
         950      113.166  0.000115859  4.33839e-06      8.48096 
         950      113.492  0.000115734  4.30616e-06      8.48099 
         950      113.819  0.000115627  4.27373e-06      8.48103 
         950      114.147  0.000115543  4.24076e-06      8.48107 
         950      114.474  0.000115486  4.20707e-06       8.4811 
         950      114.803  0.000115459   4.1724e-06      8.48114 
         950      115.131  0.000115463  4.13656e-06      8.48119 
         950       115.46  0.000115499   4.0994e-06      8.48123 
         950       115.79  0.000115565  4.06064e-06      8.48128 
         950       116.12  0.000115659  4.02011e-06      8.48134 
         950      116.451   0.00011578  3.97748e-06       8.4814 
         950      116.782  0.000115922  3.93253e-06      8.48146 
         950      117.113  0.000116082  3.88489e-06      8.48154 
         950      117.446  0.000116255  3.83427e-06      8.48162 
         950      117.778  0.000116434  3.78038e-06       8.4817 
         950      118.111  0.000116613  3.72282e-06       8.4818 
         950      118.444  0.000116787  3.66137e-06      8.48191 
         950      118.778  0.000116948   3.5957e-06      8.48202 
         950      119.112   0.00011709  3.52572e-06      8.48214 
         950      119.447  0.000117208  3.45124e-06      8.48228 
         950      119.783  0.000117295  3.37239e-06      8.48242 
         950      120.118  0.000117347  3.28944e-06      8.48257 
         950      120.455  0.000117359  3.20273e-06      8.48272 
         950      120.791  0.000117329  3.11311e-06      8.48289 
         950      121.128  0.000117255  3.02145e-06      8.48306 
         950      121.466  0.000117137   2.9293e-06      8.48323 
         950      121.804  0.000116977  2.83837e-06      8.48341 
         950      122.143   0.00011678  2.75113e-06      8.48359 
         950      122.482  0.000116551  2.67036e-06      8.48377 
         950      122.821  0.000116302  2.59971e-06      8.48395 
         950      123.161  0.000116044  2.54354e-06      8.48412 
         950      123.502  0.000115794  2.50688e-06      8.48429 
         950      123.843  0.000115572  2.49586e-06      8.48444 
         950      124.184  0.000115403  2.51754e-06      8.48458 
         950      124.526  0.000115317  2.58008e-06       8.4847 
         950      124.868  0.000115347  2.69304e-06       8.4848 
         950      125.211  0.000115534  2.86722e-06      8.48487 
         950      125.554  0.000116804  2.66604e-06      8.48506 
         950      125.898  0.000117845  2.36016e-06      8.48532 
         950      126.242  0.000118285  2.13351e-06      8.48557 
         950      126.587  0.000118281  1.97096e-06      8.48583 
         950      126.932  0.000117969  1.85973e-06      8.48608 
         950      127.278  0.000117462  1.78821e-06      8.48634 
         950      127.624  0.000116854  1.74654e-06      8.48659 
         950      127.971  0.000116223  1.72614e-06      8.48684 
         950      128.318  0.000115626  1.71971e-06      8.48708 
         950      128.665  0.000115111  1.72115e-06      8.48732 
         950      129.013  0.000114709  1.72544e-06      8.48755 
         950      129.361  0.000114441  1.72852e-06      8.48778 
         950       129.71  0.000114316  1.72727e-06      8.48801 
         950       130.06  0.000114336  1.71932e-06      8.48823 
         950       130.41  0.000114494  1.70304e-06      8.48844 
         950       130.76  0.000114779  1.67739e-06      8.48865 
         950      131.111  0.000115172  1.64196e-06      8.48885 
         950      131.462  0.000115653  1.59667e-06      8.48905 
         950      131.814  0.000116195  1.54197e-06      8.48925 
         950      132.166  0.000116774  1.47849e-06      8.48944 
         950      132.519  0.000117362  1.40726e-06      8.48962 
         950      132.872  0.000117933   1.3293e-06      8.48981 
         950      133.226   0.00011846  1.24591e-06      8.48999 
         950       133.58  0.000118919  1.15847e-06      8.49017 
         950      133.934  0.000119289  1.06818e-06      8.49035 
         950      134.289  0.000119549   9.7645e-07      8.49053 
         950      134.645  0.000119686  8.84348e-07      8.49071 
         950          135  0.000119686  7.93097e-07      8.49089 
         950      135.357  0.000119543  7.03473e-07      8.49108 
         950      135.714  0.000119255  6.16354e-07      8.49127 
         950      136.071  0.000118822  5.32121e-07      8.49147 
         950      136.429  0.000118253  4.51131e-07      8.49168 
         950      136.787  0.000117559  3.73483e-07       8.4919 
         950      137.146  0.000116756  2.98831e-07      8.49212 
         950      137.505  0.000115866  2.26811e-07      8.49236 
         950      137.865  0.000114914  1.56562e-07      8.49262 
         950      138.225  0.000113929  8.71962e-08      8.49289 
         950      138.586  0.000112944  1.73633e-08      8.49318 
         950      138.947  0.000111995 -5.43436e-08      8.49349 
         950      139.309  0.000111119  -1.2952e-07      8.49382 
         950      139.671  0.000110353 -2.10104e-07      8.49417 
         950      140.033  0.000109739 -2.97905e-07      8.49455 
         950      140.397  0.000109311 -3.95083e-07      8.49496 
         950       140.76  0.000109108  -5.0352e-07      8.49541 
         950      141.124  0.000109161 -6.25395e-07      8.49588 
         950      141.488  0.000109496 -7.62526e-07      8.49639 
         950      141.853  0.000110136 -9.16504e-07      8.49694 
         950      142.219  0.000111093 -1.08903e-06      8.49753 
         950      142.584  0.000112368 -1.28093e-06      8.49817 
         950      142.951  0.000113953 -1.49315e-06      8.49885 
         950      143.317  0.000115821 -1.72545e-06      8.49958 
         950      143.685  0.000117935  -1.9776e-06      8.50036 
         950      144.052   0.00012023 -2.24781e-06       8.5012 
         950      144.421   0.00012263 -2.53418e-06      8.50209 
         950      144.789  0.000125024  -2.8331e-06      8.50305 
         950      145.158  0.000127277 -3.13966e-06      8.50407 
         950      145.528  0.000129229 -3.44834e-06      8.50516 
         950      145.898  0.000130676 -3.75104e-06      8.50631 
         950      146.269  0.000131385 -4.03892e-06      8.50754 
         950       146.64  0.000131077 -4.30025e-06      8.50885 
         950      147.011  0.000129429 -4.52203e-06      8.51023 
         950      147.383  0.000126069 -4.68827e-06       8.5117 
         950      147.755  0.000120577 -4.78057e-06      8.51326 
         950      148.128  0.000112462 -4.77793e-06       8.5149 
         950      148.502  0.000101194  -4.6562e-06      8.51664 
         950      148.876  8.61406e-05 -4.38766e-06      8.51848 
         950       149.25  6.65937e-05 -3.89877e-06      8.52041 
         950      149.625  3.86408e-05 -2.12657e-06      8.52232 
         950          150            0            0      8.52397 
