Variables = x, y, u, v, p

Zone, I=800, F=POINT
         500            0           -0           -0      4.73652 
         500     0.000234  -2.0228e-06  1.42279e-11      4.73652 
         500     0.000939 -7.70199e-06  2.25343e-10      4.73652 
         500     0.002113 -1.58882e-05  1.13466e-09      4.73652 
         500     0.003759  -2.5057e-05   3.5731e-09      4.73652 
         500     0.005872 -3.36572e-05   8.6702e-09      4.73652 
         500     0.008457 -4.06351e-05   1.7866e-08      4.73652 
         500      0.01151 -4.56638e-05  3.28409e-08      4.73652 
         500     0.015036 -4.92873e-05  5.55523e-08      4.73652 
         500     0.019031 -5.27046e-05  8.81107e-08      4.73652 
         500     0.023493 -5.73531e-05  1.32781e-07      4.73652 
         500     0.028429 -6.43491e-05  1.92047e-07      4.73652 
         500     0.033831 -7.39615e-05  2.68294e-07      4.73652 
         500     0.039706 -8.54679e-05  3.64126e-07      4.73652 
         500     0.046047 -9.74483e-05  4.81905e-07      4.73652 
         500     0.052863 -0.000108752  6.24207e-07      4.73652 
         500      0.06015 -0.000119613  7.93251e-07      4.73652 
         500       0.0679 -0.000132125  9.90936e-07      4.73652 
         500     0.076126 -0.000148017  1.21947e-06      4.73652 
         500     0.084816 -0.000161811  1.48015e-06      4.73652 
         500     0.093982 -0.000177225  1.77465e-06      4.73652 
         500     0.103611 -0.000193184  2.10355e-06      4.73652 
         500     0.113718 -0.000209658  2.46798e-06      4.73652 
         500     0.124286 -0.000226552  2.86757e-06      4.73652 
         500     0.135333 -0.000243814  3.30285e-06      4.73652 
         500      0.14685 -0.000261336  3.77295e-06      4.73652 
         500     0.158827 -0.000278997  4.27652e-06      4.73652 
         500     0.171284 -0.000296714  4.81308e-06      4.73652 
         500     0.184201 -0.000314338  5.38011e-06      4.73652 
         500     0.197599  -0.00033178   5.9765e-06      4.73652 
         500     0.211455 -0.000348896  6.59891e-06      4.73652 
         500     0.225792 -0.000365612  7.24583e-06      4.73652 
         500       0.2406 -0.000381824  7.91406e-06      4.73652 
         500     0.255865 -0.000397425  8.60014e-06      4.73652 
         500     0.271613 -0.000412337   9.3019e-06      4.73652 
         500     0.287818  -0.00042648  1.00151e-05      4.73652 
         500     0.304506 -0.000439817  1.07378e-05      4.73652 
         500      0.32165 -0.000452277   1.1466e-05      4.73652 
         500     0.339278 -0.000463843  1.21978e-05      4.73652 
         500     0.357377  -0.00047448  1.29297e-05      4.73652 
         500      0.37593 -0.000484166  1.36584e-05      4.73652 
         500     0.394968 -0.000492917  1.43825e-05      4.73652 
         500     0.414461 -0.000500728  1.50986e-05      4.73652 
         500      0.43444  -0.00050763  1.58059e-05      4.73652 
         500     0.454872 -0.000513641  1.65016e-05      4.73652 
         500     0.475791 -0.000518802  1.71855e-05      4.73652 
         500     0.497163 -0.000523145  1.78555e-05      4.73652 
         500     0.519021 -0.000526718   1.8512e-05      4.73652 
         500      0.54135  -0.00052956   1.9154e-05      4.73652 
         500     0.564131 -0.000531715  1.97806e-05      4.73652 
         500       0.5874 -0.000533231  2.03921e-05      4.73652 
         500     0.611121 -0.000534152  2.09872e-05      4.73652 
         500      0.63533 -0.000534509  2.15714e-05      4.73652 
         500      0.65999 -0.000534363  2.21422e-05      4.73652 
         500     0.685139 -0.000533741  2.27014e-05      4.73652 
         500     0.710759 -0.000532667  2.32495e-05      4.73652 
         500     0.736828 -0.000531161  2.37873e-05      4.73652 
         500     0.763387  -0.00052924  2.43168e-05      4.73652 
         500     0.790396 -0.000526921  2.48387e-05      4.73652 
         500     0.817896 -0.000524213  2.53552e-05      4.73652 
         500     0.845843 -0.000521129   2.5867e-05      4.73652 
         500     0.874283  -0.00051767  2.63762e-05      4.73652 
         500      0.90317 -0.000513848  2.68836e-05      4.73652 
         500     0.932551 -0.000509658  2.73912e-05      4.73652 
         500     0.962401 -0.000505106  2.78996e-05      4.73652 
         500     0.992697 -0.000500197  2.84096e-05      4.73652 
         500      1.02349 -0.000494926  2.89226e-05      4.73652 
         500      1.05472 -0.000489302  2.94384e-05      4.73652 
         500      1.08645 -0.000483322  2.99579e-05      4.73652 
         500      1.11863 -0.000477001  3.04802e-05      4.73652 
         500       1.1513 -0.000470339   3.1006e-05      4.73652 
         500      1.18444 -0.000463353   3.1534e-05      4.73652 
         500      1.21802 -0.000456067  3.20632e-05      4.73652 
         500      1.25211 -0.000448487  3.25934e-05      4.73652 
         500      1.28663 -0.000440648  3.31227e-05      4.73652 
         500      1.32165 -0.000432563  3.36513e-05      4.73652 
         500      1.35712 -0.000424269  3.41775e-05      4.73652 
         500      1.39308 -0.000415777  3.47023e-05      4.73652 
         500      1.42951 -0.000407111  3.52259e-05      4.73652 
         500      1.46638 -0.000398288  3.57501e-05      4.73652 
         500      1.50375 -0.000389288  3.62794e-05      4.73652 
         500      1.54156 -0.000380114  3.67963e-05      4.73652 
         500      1.57987 -0.000370841   3.7301e-05      4.73652 
         500      1.61863 -0.000361477  3.77939e-05      4.73652 
         500      1.65788 -0.000352001  3.82759e-05      4.73652 
         500      1.69757  -0.00034242  3.87464e-05      4.73652 
         500      1.73776 -0.000332715  3.92059e-05      4.73652 
         500      1.77842 -0.000322888   3.9654e-05      4.73652 
         500      1.81952 -0.000312944  4.00899e-05      4.73652 
         500      1.86113 -0.000302865   4.0514e-05      4.73652 
         500      1.90316 -0.000292667   4.0925e-05      4.73652 
         500      1.94571 -0.000282334   4.1323e-05      4.73652 
         500      1.98869 -0.000271885  4.17067e-05      4.73652 
         500      2.03217 -0.000261307  4.20759e-05      4.73652 
         500      2.07612 -0.000250613  4.24295e-05      4.73652 
         500      2.12051 -0.000239818  4.27665e-05      4.73652 
         500       2.1654 -0.000228913  4.30865e-05      4.73652 
         500      2.21073 -0.000217926   4.3388e-05      4.73652 
         500      2.25656  -0.00020685  4.36708e-05      4.73652 
         500      2.30283 -0.000195714  4.39335e-05      4.73652 
         500       2.3496 -0.000184515  4.41759e-05      4.73652 
         500      2.39685 -0.000173277  4.43969e-05      4.73652 
         500      2.44452 -0.000162025  4.45959e-05      4.73652 
         500      2.49271 -0.000150759  4.47726e-05      4.73652 
         500      2.54132 -0.000139517  4.49263e-05      4.73653 
         500      2.59044 -0.000128299   4.5057e-05      4.73653 
         500         2.64 -0.000117144  4.51643e-05      4.73653 
         500      2.69006 -0.000106055  4.52486e-05      4.73653 
         500      2.74056 -9.50733e-05  4.53097e-05      4.73653 
         500      2.79156 -8.42025e-05  4.53481e-05      4.73653 
         500      2.84304 -7.34745e-05  4.53641e-05      4.73653 
         500      2.89494   -6.292e-05  4.53584e-05      4.73653 
         500      2.94735 -5.25448e-05  4.53316e-05      4.73653 
         500       3.0002 -4.23878e-05  4.52844e-05      4.73653 
         500      3.05355 -3.24545e-05  4.52176e-05      4.73653 
         500      3.10733 -2.27813e-05  4.51319e-05      4.73653 
         500      3.16163 -1.33726e-05  4.50278e-05      4.73653 
         500      3.21639 -4.25471e-06  4.49057e-05      4.73653 
         500      3.27158  4.54865e-06  4.47661e-05      4.73653 
         500      3.32729  1.30365e-05  4.46083e-05      4.73654 
         500      3.38342  2.11826e-05  4.44319e-05      4.73654 
         500      3.44007  2.89893e-05   4.4235e-05      4.73654 
         500      3.49714  3.64365e-05  4.40156e-05      4.73654 
         500      3.55472  4.35311e-05    4.377e-05      4.73654 
         500      3.61273  5.02607e-05  4.34938e-05      4.73654 
         500      3.67125  5.66375e-05  4.31801e-05      4.73654 
         500      3.73025   6.2662e-05   4.2821e-05      4.73654 
         500      3.78967  6.83433e-05  4.24955e-05      4.73654 
         500      3.84961  7.35482e-05  4.21745e-05      4.73654 
         500      3.90996  7.82518e-05  4.18201e-05      4.73654 
         500      3.97084  8.24791e-05  4.14339e-05      4.73654 
         500      4.03214  8.62422e-05  4.10185e-05      4.73655 
         500      4.09395  8.95667e-05  4.05749e-05      4.73655 
         500      4.15624  9.24703e-05   4.0105e-05      4.73655 
         500      4.21895  9.49729e-05  3.96105e-05      4.73655 
         500      4.28217  9.71009e-05  3.90921e-05      4.73655 
         500      4.34582  9.88741e-05  3.85521e-05      4.73655 
         500      4.40998  0.000100248  3.80533e-05      4.73655 
         500      4.47457  0.000101293  3.75539e-05      4.73655 
         500      4.53968  0.000102057  3.70432e-05      4.73655 
         500      4.60525  0.000102564  3.65283e-05      4.73655 
         500      4.67125  0.000102842  3.60159e-05      4.73655 
         500      4.73777  0.000102913   3.5511e-05      4.73655 
         500       4.8047  0.000102803  3.50198e-05      4.73656 
         500      4.87216  0.000102532  3.45463e-05      4.73656 
         500      4.94003  0.000102123  3.40954e-05      4.73656 
         500      5.00843  0.000101594  3.36701e-05      4.73656 
         500      5.07724  0.000100964  3.32739e-05      4.73656 
         500      5.14658  0.000100249  3.29083e-05      4.73656 
         500      5.21639  9.94639e-05  3.25752e-05      4.73656 
         500      5.28661  9.86239e-05  3.22754e-05      4.73656 
         500      5.35736  9.77391e-05  3.20085e-05      4.73656 
         500      5.42852  9.68212e-05   3.1774e-05      4.73656 
         500      5.50021  9.58774e-05  3.15701e-05      4.73656 
         500      5.57231  9.49161e-05   3.1395e-05      4.73656 
         500      5.64493   9.3941e-05  3.12458e-05      4.73657 
         500      5.71803  9.29567e-05  3.11194e-05      4.73657 
         500      5.79154  9.19658e-05  3.10123e-05      4.73657 
         500      5.86558  9.09673e-05  3.09206e-05      4.73657 
         500      5.94003  8.99617e-05  3.08407e-05      4.73657 
         500      6.01501   8.8945e-05  3.07688e-05      4.73657 
         500       6.0904  8.79151e-05  3.07017e-05      4.73657 
         500      6.16632  8.68653e-05  3.06369e-05      4.73657 
         500      6.24271  8.57904e-05  3.05728e-05      4.73657 
         500       6.3195  8.46846e-05  3.05093e-05      4.73657 
         500      6.39683  8.35383e-05  3.04478e-05      4.73657 
         500      6.47457  8.23453e-05  3.03922e-05      4.73657 
         500      6.55284  8.10954e-05   3.0349e-05      4.73657 
         500      6.63152  7.97823e-05   3.0328e-05      4.73657 
         500      6.71073  7.86031e-05  3.01922e-05      4.73657 
         500      6.79034  7.74227e-05  3.00427e-05      4.73658 
         500      6.87049  7.61897e-05  2.99176e-05      4.73658 
         500      6.95111  7.49234e-05  2.98062e-05      4.73658 
         500      7.03214    7.364e-05  2.96997e-05      4.73658 
         500       7.1137  7.23496e-05  2.95911e-05      4.73658 
         500      7.19566  7.10633e-05  2.94754e-05      4.73658 
         500      7.27816  6.97861e-05  2.93486e-05      4.73658 
         500      7.36106  6.85245e-05  2.92088e-05      4.73658 
         500      7.44451   6.7279e-05  2.90547e-05      4.73658 
         500      7.52842  6.60515e-05  2.88861e-05      4.73658 
         500      7.61273  6.48425e-05  2.87041e-05      4.73658 
         500      7.69758  6.36483e-05  2.85097e-05      4.73658 
         500      7.78283  6.24685e-05  2.83051e-05      4.73658 
         500      7.86862  6.12978e-05   2.8092e-05      4.73658 
         500      7.95481   6.0135e-05  2.78731e-05      4.73658 
         500      8.04155  5.89748e-05  2.76503e-05      4.73658 
         500      8.12868  5.78157e-05  2.74258e-05      4.73658 
         500      8.21635  5.66533e-05  2.72011e-05      4.73658 
         500      8.30449  5.54865e-05  2.69775e-05      4.73658 
         500      8.39303  5.43149e-05  2.67557e-05      4.73658 
         500      8.48211  5.31367e-05  2.65355e-05      4.73659 
         500      8.57159  5.19548e-05  2.63164e-05      4.73659 
         500      8.66161  5.07698e-05  2.60964e-05      4.73659 
         500      8.75203  4.95874e-05  2.58736e-05      4.73659 
         500      8.84299   4.8411e-05  2.56443e-05      4.73659 
         500      8.93443  4.72481e-05  2.54049e-05      4.73659 
         500      9.02626  4.61077e-05   2.5151e-05      4.73659 
         500      9.11863  4.50009e-05   2.4886e-05      4.73659 
         500      9.21139  4.39305e-05  2.46826e-05      4.73659 
         500      9.30471  4.28515e-05  2.44907e-05      4.73659 
         500      9.39841  4.17696e-05  2.43047e-05      4.73659 
         500      9.49267  4.06875e-05  2.41161e-05      4.73659 
         500      9.58739   3.9611e-05  2.39141e-05      4.73659 
         500      9.68251  3.85469e-05  2.36849e-05      4.73659 
         500      9.77817  3.74998e-05  2.34108e-05      4.73659 
         500      9.87422  3.64857e-05  2.30841e-05      4.73659 
         500      9.97083  3.55576e-05  2.28635e-05      4.73659 
         500      10.0678  3.46213e-05  2.26314e-05      4.73659 
         500      10.1654   3.3681e-05  2.23937e-05      4.73659 
         500      10.2633  3.27425e-05  2.21549e-05      4.73659 
         500      10.3618  3.18076e-05  2.19176e-05      4.73659 
         500      10.4607  3.08794e-05  2.16838e-05      4.73659 
         500      10.5601    2.996e-05  2.14543e-05      4.73659 
         500        10.66   2.9049e-05  2.12286e-05      4.73659 
         500      10.7603  2.81482e-05  2.10066e-05      4.73659 
         500      10.8611  2.72562e-05  2.07869e-05      4.73659 
         500      10.9623  2.63743e-05  2.05684e-05      4.73659 
         500      11.0641   2.5501e-05  2.03497e-05      4.73659 
         500      11.1663  2.46369e-05  2.01298e-05      4.73659 
         500       11.269  2.37826e-05  1.99079e-05      4.73659 
         500      11.3721  2.29369e-05  1.96831e-05      4.73659 
         500      11.4757  2.21017e-05  1.94556e-05      4.73659 
         500      11.5798  2.12762e-05  1.92256e-05      4.73659 
         500      11.6844  2.04628e-05  1.89941e-05      4.73659 
         500      11.7894  1.96613e-05  1.87624e-05      4.73659 
         500       11.895  1.88416e-05  1.85274e-05      4.73659 
         500      12.0009  1.80007e-05  1.83003e-05      4.73659 
         500      12.1073   1.7165e-05  1.80847e-05      4.73659 
         500      12.2142  1.63391e-05  1.78764e-05      4.73659 
         500      12.3216  1.55253e-05  1.76696e-05      4.73659 
         500      12.4294  1.47281e-05  1.74592e-05      4.73659 
         500      12.5378  1.39491e-05    1.724e-05      4.73659 
         500      12.6465  1.31921e-05  1.70095e-05      4.73659 
         500      12.7558  1.24578e-05  1.67677e-05      4.73659 
         500      12.8656   1.1748e-05  1.65199e-05      4.73659 
         500      12.9757  1.10639e-05  1.62778e-05      4.73659 
         500      13.0864  1.04037e-05  1.60613e-05      4.73659 
         500      13.1975   9.7672e-06   1.5902e-05      4.73659 
         500      13.3092  9.12846e-06  1.57731e-05      4.73659 
         500      13.4212   8.4488e-06  1.55124e-05      4.73659 
         500      13.5338  7.82078e-06  1.53058e-05      4.73659 
         500      13.6468  7.25817e-06  1.51026e-05      4.73659 
         500      13.7603  6.67943e-06  1.48346e-05      4.73659 
         500      13.8743   6.0828e-06  1.46075e-05      4.73658 
         500      13.9886  5.47629e-06  1.44099e-05      4.73658 
         500      14.1036  4.86504e-06  1.42317e-05      4.73658 
         500      14.2189  4.25517e-06  1.40656e-05      4.73658 
         500      14.3348  3.65001e-06  1.39052e-05      4.73658 
         500       14.451  3.05402e-06  1.37463e-05      4.73658 
         500      14.5678    2.469e-06  1.35857e-05      4.73658 
         500      14.6851  1.89749e-06  1.34217e-05      4.73658 
         500      14.8028  1.34139e-06  1.32535e-05      4.73658 
         500       14.921  8.00688e-07   1.3081e-05      4.73658 
         500      15.0396  2.76656e-07  1.29054e-05      4.73658 
         500      15.1588 -2.31583e-07  1.27276e-05      4.73658 
         500      15.2783 -7.23621e-07  1.25497e-05      4.73658 
         500      15.3984 -1.20096e-06  1.23734e-05      4.73658 
         500       15.519 -1.66417e-06  1.22008e-05      4.73658 
         500        15.64 -2.11405e-06  1.20342e-05      4.73658 
         500      15.7615 -2.55261e-06  1.18752e-05      4.73658 
         500      15.8834 -2.98053e-06  1.17255e-05      4.73658 
         500      16.0058 -3.39638e-06  1.15834e-05      4.73658 
         500      16.1286 -3.80189e-06  1.14408e-05      4.73657 
         500       16.252 -4.21341e-06   1.1304e-05      4.73657 
         500      16.3759 -4.63083e-06  1.11734e-05      4.73657 
         500      16.5002 -5.05343e-06  1.10491e-05      4.73657 
         500       16.625   -5.481e-06    1.093e-05      4.73657 
         500      16.7501 -5.91146e-06  1.08155e-05      4.73657 
         500      16.8759 -6.34362e-06  1.07037e-05      4.73657 
         500       17.002 -6.77455e-06  1.05932e-05      4.73657 
         500      17.1287 -7.20234e-06  1.04817e-05      4.73657 
         500      17.2557 -7.62349e-06  1.03672e-05      4.73657 
         500      17.3834 -8.03571e-06  1.02474e-05      4.73657 
         500      17.5115 -8.43568e-06  1.01204e-05      4.73657 
         500      17.6399 -8.82024e-06  9.98506e-06      4.73657 
         500       17.769 -9.18742e-06  9.84042e-06      4.73656 
         500      17.8984 -9.53451e-06  9.68721e-06      4.73656 
         500      18.0284 -9.86056e-06  9.52712e-06      4.73656 
         500      18.1587 -1.01644e-05  9.36426e-06      4.73656 
         500      18.2896 -1.04471e-05  9.20461e-06      4.73656 
         500       18.421 -1.07101e-05  9.05748e-06      4.73656 
         500      18.5528 -1.09568e-05  8.93565e-06      4.73656 
         500      18.6851 -1.11931e-05  8.85586e-06      4.73656 
         500      18.8178 -1.14263e-05  8.84003e-06      4.73656 
         500      18.9511 -1.16673e-05   8.9157e-06      4.73656 
         500      19.0847 -1.19257e-05  8.71614e-06      4.73655 
         500      19.2189 -1.22589e-05   8.4731e-06      4.73655 
         500      19.3535 -1.26535e-05  8.29614e-06      4.73655 
         500      19.4886 -1.30364e-05  8.17831e-06      4.73655 
         500      19.6242 -1.32613e-05  8.00455e-06      4.73655 
         500      19.7602 -1.35068e-05  7.84285e-06      4.73655 
         500      19.8968 -1.37634e-05   7.6952e-06      4.73655 
         500      20.0337 -1.40233e-05  7.56294e-06      4.73655 
         500      20.1712 -1.42809e-05  7.44602e-06      4.73655 
         500      20.3091 -1.45318e-05    7.344e-06      4.73654 
         500      20.4475 -1.47735e-05  7.25543e-06      4.73654 
         500      20.5864 -1.50043e-05  7.17862e-06      4.73654 
         500      20.7257 -1.52235e-05  7.11148e-06      4.73654 
         500      20.8655 -1.54317e-05  7.05155e-06      4.73654 
         500      21.0058 -1.56297e-05  6.99647e-06      4.73654 
         500      21.1465 -1.58191e-05   6.9437e-06      4.73654 
         500      21.2877 -1.60014e-05  6.89103e-06      4.73654 
         500      21.4294 -1.61786e-05  6.83627e-06      4.73653 
         500      21.5716 -1.63527e-05  6.77767e-06      4.73653 
         500      21.7142 -1.65251e-05  6.71386e-06      4.73653 
         500      21.8573 -1.66977e-05  6.64375e-06      4.73653 
         500      22.0008 -1.68716e-05  6.56695e-06      4.73653 
         500      22.1449 -1.70478e-05  6.48332e-06      4.73653 
         500      22.2893 -1.72265e-05  6.39347e-06      4.73653 
         500      22.4344 -1.74079e-05  6.29826e-06      4.73652 
         500      22.5797 -1.75913e-05  6.19929e-06      4.73652 
         500      22.7257 -1.77758e-05  6.09827e-06      4.73652 
         500      22.8721   -1.796e-05  5.99748e-06      4.73652 
         500      23.0189 -1.81419e-05  5.89945e-06      4.73652 
         500      23.1663 -1.83198e-05  5.80659e-06      4.73652 
         500       23.314 -1.84912e-05  5.72156e-06      4.73652 
         500      23.4623 -1.86542e-05  5.64654e-06      4.73651 
         500       23.611 -1.88067e-05  5.58355e-06      4.73651 
         500      23.7602 -1.89476e-05  5.53369e-06      4.73651 
         500        23.91  -1.9076e-05  5.49731e-06      4.73651 
         500        24.06 -1.91921e-05  5.47344e-06      4.73651 
         500      24.2107 -1.92981e-05  5.45948e-06      4.73651 
         500      24.3617 -1.93973e-05  5.45089e-06       4.7365 
         500      24.5133 -1.94959e-05   5.4407e-06       4.7365 
         500      24.6653 -1.96023e-05  5.41907e-06       4.7365 
         500      24.8178 -1.97288e-05  5.37272e-06       4.7365 
         500      24.9708 -1.98914e-05  5.28445e-06       4.7365 
         500      25.1242 -2.01106e-05  5.13262e-06       4.7365 
         500      25.2781 -2.03314e-05  4.95592e-06      4.73649 
         500      25.4324 -2.02696e-05  5.03812e-06      4.73649 
         500      25.5873 -2.02957e-05  5.09626e-06      4.73649 
         500      25.7426 -2.03921e-05  5.11576e-06      4.73649 
         500      25.8984 -2.05457e-05  5.08271e-06      4.73649 
         500      26.0546 -2.07475e-05  4.98417e-06      4.73648 
         500      26.2114 -2.09925e-05   4.8083e-06      4.73648 
         500      26.3686 -2.10971e-05  4.69338e-06      4.73648 
         500      26.5262 -2.10158e-05   4.7261e-06      4.73648 
         500      26.6844 -2.09576e-05  4.75469e-06      4.73648 
         500      26.8429 -2.09225e-05  4.77659e-06      4.73648 
         500       27.002 -2.09101e-05    4.788e-06      4.73647 
         500      27.1615 -2.09196e-05    4.784e-06      4.73647 
         500      27.3216 -2.09501e-05  4.75871e-06      4.73647 
         500      27.4821 -2.10007e-05  4.70552e-06      4.73647 
         500       27.643 -2.10705e-05  4.61734e-06      4.73646 
         500      27.8044 -2.11946e-05  4.50907e-06      4.73646 
         500      27.9663 -2.13541e-05  4.42609e-06      4.73646 
         500      28.1287 -2.14858e-05   4.3512e-06      4.73646 
         500      28.2914  -2.1593e-05   4.2838e-06      4.73646 
         500      28.4548 -2.16794e-05  4.22296e-06      4.73645 
         500      28.6185 -2.17482e-05  4.16788e-06      4.73645 
         500      28.7828 -2.18025e-05  4.11754e-06      4.73645 
         500      28.9475 -2.18451e-05  4.07102e-06      4.73645 
         500      29.1126 -2.18787e-05  4.02738e-06      4.73645 
         500      29.2784 -2.19058e-05   3.9856e-06      4.73644 
         500      29.4444 -2.19283e-05  3.94486e-06      4.73644 
         500       29.611 -2.19484e-05  3.90421e-06      4.73644 
         500       29.778 -2.19677e-05  3.86296e-06      4.73644 
         500      29.9456 -2.19876e-05  3.82033e-06      4.73643 
         500      30.1137 -2.20095e-05  3.77576e-06      4.73643 
         500      30.2821 -2.20342e-05  3.72881e-06      4.73643 
         500      30.4511 -2.20625e-05  3.67903e-06      4.73643 
         500      30.6204 -2.20949e-05  3.62625e-06      4.73642 
         500      30.7903 -2.21317e-05  3.57027e-06      4.73642 
         500      30.9606  -2.2173e-05  3.51121e-06      4.73642 
         500      31.1315 -2.22186e-05  3.44909e-06      4.73642 
         500      31.3028 -2.22683e-05  3.38425e-06      4.73641 
         500      31.4745 -2.23214e-05  3.31712e-06      4.73641 
         500      31.6468 -2.23775e-05  3.24809e-06      4.73641 
         500      31.8194 -2.24355e-05  3.17786e-06      4.73641 
         500      31.9926 -2.24948e-05  3.10697e-06       4.7364 
         500      32.1662 -2.25543e-05  3.03626e-06       4.7364 
         500      32.3404 -2.26128e-05  2.96637e-06       4.7364 
         500      32.5149 -2.26694e-05  2.89818e-06       4.7364 
         500        32.69 -2.27229e-05  2.83229e-06      4.73639 
         500      32.8655 -2.27723e-05  2.76943e-06      4.73639 
         500      33.0414 -2.28166e-05  2.71019e-06      4.73639 
         500       33.218  -2.2855e-05  2.65488e-06      4.73638 
         500      33.3948 -2.28868e-05  2.60378e-06      4.73638 
         500      33.5723 -2.29115e-05  2.55674e-06      4.73638 
         500        33.75 -2.29291e-05  2.51343e-06      4.73638 
         500      33.9284 -2.29397e-05  2.47299e-06      4.73637 
         500      34.1073 -2.29438e-05   2.4342e-06      4.73637 
         500      34.2865 -2.29425e-05  2.39529e-06      4.73637 
         500      34.4663 -2.29374e-05  2.35374e-06      4.73636 
         500      34.6465 -2.29306e-05  2.30647e-06      4.73636 
         500      34.8272 -2.29251e-05   2.2494e-06      4.73636 
         500      35.0083 -2.29245e-05  2.17769e-06      4.73636 
         500        35.19 -2.29333e-05  2.08526e-06      4.73635 
         500      35.3721 -2.29571e-05  1.96498e-06      4.73635 
         500      35.5546 -2.30025e-05  1.80854e-06      4.73635 
         500      35.7377 -2.30771e-05   1.6058e-06      4.73634 
         500      35.9211 -2.31892e-05  1.46545e-06      4.73634 
         500      36.1052 -2.32939e-05  1.62769e-06      4.73634 
         500      36.2895  -2.3368e-05  1.74469e-06      4.73633 
         500      36.4745 -2.34169e-05  1.82274e-06      4.73633 
         500      36.6598 -2.34453e-05  1.86734e-06      4.73633 
         500      36.8457 -2.34573e-05  1.88368e-06      4.73632 
         500      37.0321 -2.34565e-05  1.87639e-06      4.73632 
         500      37.2188 -2.34461e-05  1.84972e-06      4.73632 
         500      37.4062 -2.34288e-05  1.80746e-06      4.73631 
         500      37.5938 -2.34068e-05  1.75306e-06      4.73631 
         500      37.7821 -2.33824e-05  1.68949e-06      4.73631 
         500      37.9707 -2.33572e-05  1.61953e-06       4.7363 
         500      38.1599 -2.33327e-05  1.54545e-06       4.7363 
         500      38.3496 -2.33103e-05   1.4694e-06       4.7363 
         500      38.5396 -2.32911e-05  1.39327e-06      4.73629 
         500      38.7302 -2.32762e-05  1.31855e-06      4.73629 
         500      38.9211 -2.32663e-05  1.24676e-06      4.73629 
         500      39.1127 -2.32622e-05  1.17906e-06      4.73628 
         500      39.3046 -2.32645e-05  1.11668e-06      4.73628 
         500      39.4971 -2.32738e-05   1.0606e-06      4.73628 
         500      39.6899 -2.32903e-05  1.01192e-06      4.73627 
         500      39.8833 -2.33146e-05  9.71589e-07      4.73627 
         500      40.0772 -2.33466e-05   9.4072e-07      4.73626 
         500      40.2714 -2.33862e-05  9.20494e-07      4.73626 
         500      40.4663 -2.34335e-05  9.12186e-07      4.73626 
         500      40.6615 -2.34877e-05  9.17306e-07      4.73625 
         500      40.8573 -2.35483e-05  9.37603e-07      4.73625 
         500      41.0534 -2.36141e-05  9.75083e-07      4.73625 
         500      41.2501 -2.36836e-05   1.0322e-06      4.73624 
         500      41.4473 -2.36469e-05  9.74555e-07      4.73624 
         500      41.6448 -2.35718e-05  8.75017e-07      4.73623 
         500      41.8429 -2.35105e-05  7.95812e-07      4.73623 
         500      42.0414 -2.34617e-05  7.34106e-07      4.73623 
         500      42.2405 -2.34236e-05  6.86829e-07      4.73622 
         500      42.4399 -2.33947e-05  6.51125e-07      4.73622 
         500      42.6399 -2.33732e-05  6.24085e-07      4.73621 
         500      42.8404 -2.33578e-05  6.03015e-07      4.73621 
         500      43.0412 -2.33468e-05  5.85375e-07      4.73621 
         500      43.2426  -2.3339e-05  5.68806e-07       4.7362 
         500      43.4444 -2.33332e-05  5.51276e-07       4.7362 
         500      43.6467 -2.33286e-05  5.31014e-07      4.73619 
         500      43.8494 -2.33244e-05  5.06679e-07      4.73619 
         500      44.0527 -2.33202e-05   4.7728e-07      4.73618 
         500      44.2563  -2.3316e-05  4.42382e-07      4.73618 
         500      44.4606 -2.33121e-05  4.01973e-07      4.73618 
         500      44.6653 -2.33091e-05  3.56703e-07      4.73617 
         500      44.8704 -2.33082e-05  3.07871e-07      4.73617 
         500       45.076 -2.33109e-05  2.57347e-07      4.73616 
         500       45.282 -2.33193e-05  2.07905e-07      4.73616 
         500      45.4886 -2.33362e-05  1.62965e-07      4.73615 
         500      45.6955 -2.33645e-05  1.26961e-07      4.73615 
         500       45.903 -2.34081e-05  1.05119e-07      4.73614 
         500      46.1111 -2.34713e-05   1.0375e-07      4.73614 
         500      46.3194 -2.35558e-05  1.30499e-07      4.73613 
         500      46.5283 -2.35622e-05  1.71225e-07      4.73613 
         500      46.7376  -2.3572e-05  1.92584e-07      4.73613 
         500      46.9475 -2.35832e-05  1.99419e-07      4.73612 
         500      47.1577 -2.35938e-05  1.96044e-07      4.73612 
         500      47.3685 -2.36023e-05  1.86304e-07      4.73611 
         500      47.5798 -2.36071e-05  1.73577e-07      4.73611 
         500      47.7914  -2.3607e-05  1.60767e-07       4.7361 
         500      48.0037  -2.3601e-05   1.5027e-07       4.7361 
         500      48.2162 -2.35886e-05   1.4404e-07      4.73609 
         500      48.4294 -2.35694e-05  1.43528e-07      4.73609 
         500      48.6429 -2.35433e-05  1.49715e-07      4.73608 
         500       48.857 -2.35109e-05  1.63117e-07      4.73608 
         500      49.0714 -2.34728e-05  1.83745e-07      4.73607 
         500      49.2865 -2.34303e-05  2.11187e-07      4.73607 
         500       49.502 -2.33849e-05   2.4451e-07      4.73606 
         500      49.7179 -2.33384e-05  2.82293e-07      4.73606 
         500      49.9343 -2.32933e-05  3.22737e-07      4.73605 
         500      50.1511 -2.32522e-05  3.63449e-07      4.73605 
         500      50.3685  -2.3218e-05    4.017e-07      4.73604 
         500      50.5862 -2.31941e-05  4.34172e-07      4.73604 
         500      50.8046 -2.31841e-05  4.57196e-07      4.73603 
         500      51.0234 -2.32298e-05  3.58433e-07      4.73602 
         500      51.2425 -2.32635e-05  2.81275e-07      4.73602 
         500      51.4623 -2.32862e-05  2.27602e-07      4.73601 
         500      51.6824 -2.33004e-05  1.94321e-07      4.73601 
         500      51.9031 -2.33085e-05   1.7827e-07        4.736 
         500      52.1241 -2.33124e-05  1.76453e-07        4.736 
         500      52.3457 -2.33138e-05  1.85924e-07      4.73599 
         500      52.5676  -2.3314e-05  2.03829e-07      4.73599 
         500      52.7902 -2.33142e-05   2.2746e-07      4.73598 
         500      53.0133 -2.33151e-05  2.54193e-07      4.73597 
         500      53.2366 -2.33175e-05  2.81537e-07      4.73597 
         500      53.4606 -2.33216e-05  3.07234e-07      4.73596 
         500      53.6849 -2.33277e-05  3.29135e-07      4.73596 
         500      53.9099 -2.33358e-05  3.45384e-07      4.73595 
         500      54.1351 -2.33458e-05  3.54322e-07      4.73595 
         500       54.361 -2.33575e-05  3.54618e-07      4.73594 
         500      54.5873 -2.33704e-05  3.45248e-07      4.73593 
         500      54.8139  -2.3384e-05  3.25596e-07      4.73593 
         500      55.0412 -2.33977e-05  2.95422e-07      4.73592 
         500      55.2688 -2.34108e-05  2.55046e-07      4.73592 
         500       55.497 -2.34224e-05  2.05214e-07      4.73591 
         500      55.7255 -2.34316e-05  1.47421e-07       4.7359 
         500      55.9547 -2.34375e-05  8.36604e-08       4.7359 
         500      56.1844 -2.34388e-05  1.68101e-08      4.73589 
         500      56.4143 -2.34346e-05 -4.94191e-08      4.73588 
         500      56.6449 -2.34235e-05 -1.10567e-07      4.73588 
         500      56.8757 -2.34043e-05 -1.60978e-07      4.73587 
         500      57.1072 -2.33754e-05 -1.94074e-07      4.73587 
         500       57.339 -2.33354e-05 -2.01953e-07      4.73586 
         500      57.5715 -2.32826e-05 -1.75469e-07      4.73585 
         500      57.8042 -2.32153e-05 -1.04095e-07      4.73585 
         500      58.0376 -2.31507e-05 -1.16092e-08      4.73584 
         500      58.2715 -2.31907e-05 -8.26821e-08      4.73583 
         500      58.5057 -2.32358e-05  -1.3621e-07      4.73583 
         500      58.7405 -2.32822e-05 -1.74455e-07      4.73582 
         500      58.9756  -2.3327e-05  -1.9946e-07      4.73581 
         500      59.2113 -2.33679e-05 -2.13288e-07      4.73581 
         500      59.4473 -2.34031e-05 -2.17849e-07       4.7358 
         500       59.684 -2.34316e-05  -2.1498e-07      4.73579 
         500      59.9212 -2.34528e-05 -2.06395e-07      4.73579 
         500      60.1586 -2.34664e-05 -1.93707e-07      4.73578 
         500      60.3967 -2.34727e-05 -1.78374e-07      4.73577 
         500      60.6351 -2.34721e-05 -1.61761e-07      4.73576 
         500      60.8741 -2.34653e-05 -1.45049e-07      4.73576 
         500      61.1135 -2.34532e-05 -1.29327e-07      4.73575 
         500      61.3534 -2.34368e-05 -1.15489e-07      4.73574 
         500      61.5939 -2.34172e-05  -1.0432e-07      4.73574 
         500      61.8346 -2.33956e-05 -9.64458e-08      4.73573 
         500       62.076  -2.3373e-05 -9.23272e-08      4.73572 
         500      62.3177 -2.33507e-05 -9.22935e-08      4.73571 
         500        62.56 -2.33296e-05 -9.65218e-08      4.73571 
         500      62.8026 -2.33106e-05  -1.0504e-07       4.7357 
         500      63.0459 -2.32945e-05 -1.17756e-07      4.73569 
         500      63.2894 -2.32819e-05 -1.34415e-07      4.73569 
         500      63.5336 -2.32732e-05 -1.54683e-07      4.73568 
         500      63.7783 -2.32686e-05  -1.7807e-07      4.73567 
         500      64.0233 -2.32682e-05 -2.03973e-07      4.73566 
         500      64.2689 -2.32719e-05 -2.31759e-07      4.73565 
         500      64.5148 -2.32792e-05  -2.6063e-07      4.73565 
         500      64.7613 -2.32897e-05 -2.89814e-07      4.73564 
         500      65.0082 -2.33026e-05 -3.18401e-07      4.73563 
         500      65.2557  -2.3317e-05 -3.45545e-07      4.73562 
         500      65.5036  -2.3332e-05  -3.7032e-07      4.73562 
         500      65.7519 -2.33464e-05 -3.91828e-07      4.73561 
         500      66.0008 -2.33591e-05  -4.0926e-07       4.7356 
         500        66.25 -2.33691e-05  -4.2181e-07      4.73559 
         500      66.4998 -2.33751e-05  -4.2882e-07      4.73558 
         500        66.75 -2.33762e-05 -4.29725e-07      4.73558 
         500      67.0007 -2.33717e-05 -4.24133e-07      4.73557 
         500      67.2518  -2.3361e-05 -4.11854e-07      4.73556 
         500      67.5035 -2.33439e-05 -3.92905e-07      4.73555 
         500      67.7557 -2.33208e-05 -3.67603e-07      4.73554 
         500      68.0082 -2.32924e-05   -3.366e-07      4.73553 
         500      68.2614 -2.32603e-05 -3.00835e-07      4.73553 
         500      68.5148 -2.32268e-05 -2.61763e-07      4.73552 
         500      68.7688 -2.31951e-05 -2.21179e-07      4.73551 
         500      69.0232 -2.31695e-05 -1.81518e-07       4.7355 
         500      69.2782 -2.31555e-05 -1.45661e-07      4.73549 
         500      69.5337 -2.31601e-05 -1.17217e-07      4.73548 
         500      69.7895 -2.31917e-05 -1.00462e-07      4.73547 
         500      70.0459 -2.32078e-05  -1.0923e-07      4.73547 
         500      70.3026 -2.31988e-05 -1.68805e-07      4.73546 
         500        70.56 -2.32203e-05 -2.88143e-07      4.73545 
         500      70.8176 -2.32844e-05 -4.81138e-07      4.73544 
         500      71.0759 -2.33145e-05  -6.1808e-07      4.73543 
         500      71.3347 -2.31561e-05 -4.34797e-07      4.73542 
         500      71.5938 -2.30376e-05 -2.97519e-07      4.73541 
         500      71.8535 -2.29501e-05 -1.96534e-07       4.7354 
         500      72.1135 -2.28856e-05 -1.23629e-07      4.73539 
         500      72.3741 -2.28373e-05 -7.13628e-08      4.73538 
         500       72.635 -2.27992e-05 -3.35064e-08      4.73537 
         500      72.8967 -2.27659e-05 -4.63333e-09      4.73537 
         500      73.1585  -2.2733e-05  1.96704e-08      4.73536 
         500      73.4211 -2.28454e-05  3.35413e-08      4.73535 
         500      73.6841 -2.29469e-05  4.01647e-08      4.73534 
         500      73.9473 -2.30344e-05  4.20408e-08      4.73533 
         500      74.2113 -2.31072e-05  4.11572e-08      4.73532 
         500      74.4755 -2.31654e-05   3.9092e-08      4.73531 
         500      74.7404 -2.32094e-05  3.70562e-08       4.7353 
         500      75.0056 -2.32401e-05  3.59441e-08      4.73529 
         500      75.2714 -2.32586e-05  3.63633e-08      4.73528 
         500      75.5377 -2.32665e-05  3.86806e-08      4.73527 
         500      75.8043 -2.32652e-05  4.30494e-08      4.73526 
         500      76.0715 -2.32564e-05  4.94615e-08      4.73525 
         500       76.339 -2.32419e-05  5.77527e-08      4.73524 
         500      76.6072 -2.32232e-05  6.76738e-08      4.73523 
         500      76.8756 -2.32021e-05  7.88681e-08      4.73522 
         500      77.1448   -2.318e-05   9.0961e-08      4.73521 
         500      77.4141 -2.31582e-05  1.03515e-07       4.7352 
         500      77.6842 -2.31378e-05  1.16126e-07      4.73519 
         500      77.9547 -2.31197e-05  1.28379e-07      4.73518 
         500      78.2255 -2.31046e-05  1.39893e-07      4.73517 
         500       78.497 -2.30928e-05  1.50365e-07      4.73516 
         500      78.7687 -2.30844e-05   1.5952e-07      4.73515 
         500      79.0411 -2.30795e-05  1.67185e-07      4.73514 
         500      79.3138 -2.30775e-05  1.73241e-07      4.73513 
         500      79.5872  -2.3078e-05  1.77674e-07      4.73511 
         500       79.861 -2.30803e-05  1.80538e-07       4.7351 
         500      80.1351 -2.30833e-05  1.81976e-07      4.73509 
         500      80.4098 -2.30863e-05  1.82206e-07      4.73508 
         500      80.6849 -2.30881e-05  1.81512e-07      4.73507 
         500      80.9606 -2.30877e-05   1.8023e-07      4.73506 
         500      81.2365 -2.30844e-05  1.78737e-07      4.73505 
         500      81.5132 -2.30775e-05  1.77421e-07      4.73504 
         500      81.7903 -2.30667e-05  1.76667e-07      4.73503 
         500      82.0676 -2.30521e-05   1.7682e-07      4.73502 
         500      82.3457 -2.30344e-05  1.78159e-07      4.73501 
         500       82.624 -2.30148e-05  1.80851e-07      4.73499 
         500       82.903 -2.29958e-05  1.84923e-07      4.73498 
         500      83.1822 -2.29804e-05  1.90196e-07      4.73497 
         500      83.4622 -2.29731e-05   1.9626e-07      4.73496 
         500      83.7424 -2.29797e-05  2.02387e-07      4.73495 
         500      84.0232 -2.30076e-05  2.07503e-07      4.73494 
         500      84.3046 -2.30662e-05   2.1009e-07      4.73492 
         500      84.5862 -2.31665e-05  2.08137e-07      4.73491 
         500      84.8685 -2.33222e-05  1.99049e-07       4.7349 
         500       85.151 -2.34215e-05  1.77918e-07      4.73489 
         500      85.4342 -2.32764e-05  1.52384e-07      4.73488 
         500      85.7177 -2.31608e-05  1.32626e-07      4.73486 
         500      86.0019 -2.30739e-05  1.18362e-07      4.73485 
         500      86.2865 -2.30139e-05  1.09169e-07      4.73484 
         500      86.5714  -2.2979e-05  1.04449e-07      4.73483 
         500       86.857 -2.29664e-05   1.0348e-07      4.73481 
         500      87.1428 -2.29731e-05  1.05473e-07       4.7348 
         500      87.4293  -2.2996e-05  1.09602e-07      4.73479 
         500      87.7161 -2.30315e-05  1.15029e-07      4.73478 
         500      88.0035 -2.30757e-05  1.20974e-07      4.73476 
         500      88.2914 -2.31249e-05  1.26717e-07      4.73475 
         500      88.5796 -2.31751e-05  1.31654e-07      4.73474 
         500      88.8685 -2.32224e-05  1.35344e-07      4.73472 
         500      89.1576 -2.32628e-05  1.37521e-07      4.73471 
         500      89.4474 -2.32926e-05  1.38153e-07       4.7347 
         500      89.7374  -2.3308e-05  1.37465e-07      4.73469 
         500      90.0282 -2.33056e-05  1.35977e-07      4.73467 
         500      90.3192 -2.32822e-05  1.34542e-07      4.73466 
         500      90.6109 -2.32348e-05  1.34376e-07      4.73465 
         500       90.903 -2.31607e-05  1.37099e-07      4.73464 
         500      91.1954 -2.30576e-05  1.44752e-07      4.73462 
         500      91.4885 -2.29235e-05  1.59861e-07      4.73461 
         500      91.7819 -2.27746e-05   1.7777e-07       4.7346 
         500      92.0759 -2.28417e-05  1.04481e-07      4.73458 
         500      92.3702 -2.29068e-05  3.96244e-08      4.73457 
         500      92.6652 -2.29695e-05 -1.65865e-08      4.73456 
         500      92.9606  -2.3029e-05 -6.38513e-08      4.73454 
         500      93.2563 -2.30849e-05 -1.01991e-07      4.73453 
         500      93.5527 -2.31366e-05 -1.31026e-07      4.73452 
         500      93.8493 -2.31836e-05 -1.50996e-07       4.7345 
         500      94.1466 -2.32255e-05 -1.62154e-07      4.73449 
         500      94.4442 -2.32617e-05  -1.6485e-07      4.73448 
         500      94.7425 -2.32921e-05 -1.59609e-07      4.73446 
         500       95.041 -2.33162e-05 -1.47107e-07      4.73445 
         500      95.3402 -2.33337e-05 -1.28142e-07      4.73444 
         500      95.6399 -2.33446e-05  -1.0368e-07      4.73442 
         500      95.9398 -2.33488e-05 -7.48355e-08      4.73441 
         500      96.2404 -2.33461e-05 -4.27657e-08       4.7344 
         500      96.5412 -2.33367e-05 -8.81943e-09      4.73439 
         500      96.8428 -2.33208e-05  2.56879e-08      4.73437 
         500      97.1446 -2.32987e-05  5.92903e-08      4.73436 
         500      97.4471 -2.32706e-05  9.06202e-08      4.73434 
         500      97.7501 -2.32373e-05  1.18257e-07      4.73433 
         500      98.0533 -2.31992e-05  1.40865e-07      4.73432 
         500      98.3572 -2.31572e-05  1.57282e-07       4.7343 
         500      98.6613 -2.31121e-05  1.66459e-07      4.73429 
         500      98.9662  -2.3065e-05  1.67623e-07      4.73427 
         500      99.2712  -2.3017e-05  1.60283e-07      4.73425 
         500       99.577 -2.29696e-05  1.44308e-07      4.73424 
         500      99.8833 -2.29241e-05  1.20029e-07      4.73422 
         500       100.19 -2.28824e-05  8.83298e-08       4.7342 
         500      100.497  -2.2846e-05  5.06374e-08      4.73418 
         500      100.804 -2.28172e-05  9.19953e-09      4.73416 
         500      101.113 -2.27981e-05 -3.30439e-08      4.73413 
         500      101.421 -2.27961e-05 -7.05234e-08      4.73411 
         500       101.73 -2.28443e-05 -7.83378e-08       4.7341 
         500      102.039 -2.28592e-05  -7.6253e-08      4.73409 
         500      102.349 -2.28504e-05 -6.69919e-08      4.73408 
         500       102.66 -2.28261e-05 -5.28963e-08      4.73407 
         500      102.971 -2.27931e-05 -3.59665e-08      4.73406 
         500      103.282  -2.2757e-05 -1.78291e-08      4.73406 
         500      103.594 -2.27226e-05  1.39319e-10      4.73405 
         500      103.906 -2.26932e-05  1.68978e-08      4.73405 
         500      104.219 -2.26715e-05  3.16055e-08      4.73404 
         500      104.532 -2.26594e-05  4.37007e-08      4.73404 
         500      104.846  -2.2658e-05  5.27921e-08      4.73403 
         500       105.16 -2.26676e-05  5.86806e-08      4.73402 
         500      105.474 -2.26883e-05  6.13409e-08      4.73402 
         500      105.789 -2.27194e-05  6.08729e-08      4.73401 
         500      106.105   -2.276e-05  5.74977e-08      4.73399 
         500      106.421 -2.28086e-05  5.15398e-08      4.73398 
         500      106.738 -2.28639e-05  4.33872e-08      4.73397 
         500      107.055 -2.29241e-05  3.35005e-08      4.73395 
         500      107.372 -2.29873e-05  2.23874e-08      4.73393 
         500       107.69 -2.30517e-05  1.05526e-08      4.73391 
         500      108.008 -2.31153e-05 -1.45473e-09      4.73389 
         500      108.327 -2.31763e-05 -1.31295e-08      4.73387 
         500      108.646  -2.3233e-05 -2.39499e-08      4.73384 
         500      108.966 -2.32838e-05 -3.34636e-08      4.73381 
         500      109.286 -2.33272e-05 -4.12313e-08      4.73379 
         500      109.607 -2.33623e-05 -4.68975e-08      4.73376 
         500      109.928 -2.33879e-05 -5.01532e-08      4.73373 
         500       110.25 -2.34034e-05 -5.07714e-08       4.7337 
         500      110.572 -2.34087e-05 -4.86071e-08      4.73366 
         500      110.895 -2.34035e-05 -4.36055e-08      4.73363 
         500      111.218 -2.33882e-05 -3.57924e-08       4.7336 
         500      111.541 -2.33635e-05  -2.5309e-08      4.73357 
         500      111.865 -2.33302e-05 -1.23645e-08      4.73353 
         500       112.19 -2.32897e-05  2.71023e-09       4.7335 
         500      112.515 -2.32436e-05  1.94814e-08      4.73347 
         500       112.84 -2.31936e-05  3.74631e-08      4.73344 
         500      113.166  -2.3142e-05  5.60251e-08      4.73342 
         500      113.492 -2.30909e-05  7.45121e-08      4.73339 
         500      113.819 -2.30429e-05  9.21352e-08      4.73337 
         500      114.147 -2.30006e-05  1.08096e-07      4.73335 
         500      114.474 -2.29668e-05  1.21489e-07      4.73333 
         500      114.803  -2.2944e-05  1.31412e-07      4.73332 
         500      115.131  -2.2935e-05  1.36903e-07      4.73331 
         500       115.46 -2.29423e-05  1.37006e-07      4.73331 
         500       115.79  -2.2968e-05  1.30768e-07      4.73331 
         500       116.12 -2.30141e-05   1.1728e-07      4.73332 
         500      116.451 -2.30822e-05  9.56537e-08      4.73333 
         500      116.782 -2.30654e-05  9.65745e-08      4.73336 
         500      117.113  -2.3049e-05  9.67714e-08      4.73339 
         500      117.446 -2.30432e-05  9.48419e-08      4.73343 
         500      117.778 -2.30487e-05   9.1766e-08      4.73347 
         500      118.111 -2.30657e-05   8.8392e-08      4.73351 
         500      118.444 -2.30933e-05  8.54213e-08      4.73356 
         500      118.778 -2.31293e-05  8.33531e-08       4.7336 
         500      119.112 -2.31704e-05  8.24639e-08      4.73364 
         500      119.447  -2.3212e-05  8.27554e-08      4.73367 
         500      119.783 -2.32474e-05  8.39189e-08      4.73371 
         500      120.118 -2.32686e-05  8.52864e-08      4.73373 
         500      120.455 -2.32652e-05  8.57896e-08      4.73375 
         500      120.791 -2.32248e-05  8.39059e-08      4.73376 
         500      121.128 -2.31325e-05  7.76051e-08      4.73376 
         500      121.466 -2.29706e-05  6.43144e-08      4.73375 
         500      121.804 -2.27185e-05  4.08129e-08      4.73372 
         500      122.143 -2.23527e-05  3.26928e-09      4.73368 
         500      122.482 -2.18454e-05 -5.29841e-08      4.73361 
         500      122.821 -2.11658e-05 -1.33333e-07      4.73353 
         500      123.161 -2.16355e-05 -2.00738e-07      4.73341 
         500      123.502 -2.27673e-05 -2.31793e-07       4.7333 
         500      123.843  -2.3584e-05 -2.49405e-07      4.73319 
         500      124.184 -2.41376e-05 -2.55276e-07       4.7331 
         500      124.526 -2.44731e-05 -2.50958e-07      4.73302 
         500      124.868  -2.4632e-05 -2.37907e-07      4.73294 
         500      125.211 -2.46505e-05  -2.1749e-07      4.73288 
         500      125.554 -2.45612e-05 -1.91021e-07      4.73282 
         500      125.898 -2.43921e-05 -1.59671e-07      4.73277 
         500      126.242 -2.41681e-05 -1.24641e-07      4.73272 
         500      126.587 -2.39097e-05 -8.69697e-08      4.73268 
         500      126.932 -2.36351e-05 -4.77693e-08      4.73265 
         500      127.278 -2.33584e-05 -7.99143e-09      4.73262 
         500      127.624 -2.30915e-05  3.13459e-08      4.73259 
         500      127.971 -2.28436e-05  6.92459e-08      4.73256 
         500      128.318 -2.26209e-05  1.04815e-07      4.73254 
         500      128.665 -2.24281e-05  1.37047e-07      4.73252 
         500      129.013  -2.2267e-05   1.6504e-07       4.7325 
         500      129.361 -2.21383e-05  1.87787e-07      4.73247 
         500       129.71 -2.20401e-05  2.04343e-07      4.73245 
         500       130.06 -2.18717e-05  1.93958e-07      4.73243 
         500       130.41 -2.17836e-05  1.81185e-07      4.73242 
         500       130.76 -2.17851e-05  1.69066e-07      4.73241 
         500      131.111 -2.18663e-05  1.57552e-07      4.73241 
         500      131.462 -2.20159e-05  1.46565e-07       4.7324 
         500      131.814 -2.22217e-05  1.36062e-07      4.73241 
         500      132.166  -2.2471e-05  1.25962e-07      4.73241 
         500      132.519 -2.27505e-05  1.16222e-07      4.73241 
         500      132.872 -2.30474e-05  1.06763e-07      4.73242 
         500      133.226 -2.33487e-05  9.75358e-08      4.73242 
         500       133.58 -2.36422e-05  8.84883e-08      4.73243 
         500      133.934 -2.39167e-05  7.95516e-08      4.73244 
         500      134.289 -2.41617e-05   7.0688e-08      4.73244 
         500      134.645 -2.43683e-05  6.18355e-08      4.73245 
         500          135 -2.45286e-05  5.29641e-08      4.73245 
         500      135.357 -2.46365e-05  4.40207e-08      4.73245 
         500      135.714 -2.46876e-05  3.49854e-08      4.73245 
         500      136.071 -2.46789e-05  2.58152e-08      4.73245 
         500      136.429 -2.46096e-05  1.64949e-08      4.73244 
         500      136.787 -2.44805e-05  7.01581e-09      4.73243 
         500      137.146 -2.42942e-05 -2.64686e-09      4.73242 
         500      137.505 -2.40554e-05 -1.24803e-08       4.7324 
         500      137.865 -2.37699e-05 -2.24957e-08      4.73238 
         500      138.225  -2.3446e-05 -3.26652e-08      4.73236 
         500      138.586 -2.30925e-05 -4.29854e-08      4.73233 
         500      138.947 -2.27202e-05 -5.34211e-08      4.73229 
         500      139.309 -2.23413e-05 -6.39287e-08      4.73225 
         500      139.671 -2.19679e-05  -7.4482e-08      4.73221 
         500      140.033 -2.16137e-05 -8.50134e-08      4.73216 
         500      140.397 -2.12919e-05 -9.54806e-08      4.73211 
         500       140.76 -2.10164e-05 -1.05801e-07      4.73205 
         500      141.124    -2.08e-05 -1.15915e-07      4.73199 
         500      141.488 -2.06552e-05 -1.25734e-07      4.73192 
         500      141.853 -2.05927e-05 -1.35161e-07      4.73185 
         500      142.219 -2.06215e-05 -1.44114e-07      4.73178 
         500      142.584 -2.07482e-05 -1.52475e-07       4.7317 
         500      142.951 -2.09765e-05 -1.60149e-07      4.73161 
         500      143.317 -2.13058e-05 -1.67007e-07      4.73153 
         500      143.685 -2.17321e-05 -1.72939e-07      4.73144 
         500      144.052  -2.2245e-05 -1.77808e-07      4.73135 
         500      144.421 -2.28297e-05 -1.81492e-07      4.73126 
         500      144.789 -2.34633e-05  -1.8385e-07      4.73117 
         500      145.158 -2.41152e-05 -1.84746e-07      4.73108 
         500      145.528 -2.47476e-05 -1.84039e-07      4.73099 
         500      145.898 -2.53111e-05 -1.81587e-07       4.7309 
         500      146.269 -2.57474e-05 -1.77245e-07      4.73082 
         500       146.64 -2.59848e-05 -1.70877e-07      4.73073 
         500      147.011 -2.59398e-05 -1.62329e-07      4.73066 
         500      147.383 -2.55137e-05 -1.51468e-07      4.73059 
         500      147.755 -2.45937e-05 -1.38167e-07      4.73053 
         500      148.128 -2.30474e-05 -1.22274e-07      4.73048 
         500      148.502 -2.07286e-05 -1.03689e-07      4.73044 
         500      148.876 -1.74648e-05 -8.22631e-08      4.73041 
         500       149.25 -1.30713e-05 -5.79208e-08       4.7304 
         500      149.625 -7.32793e-06 -3.05231e-08       4.7304 
         500          150 -3.27228e-20 -1.28052e-22      4.73042 
