Variables = x, y, u, v, p

Zone, I=800, F=POINT
         750            0            0            0      12.2843 
         750     0.000234   1.6661e-06 -2.94489e-11      12.2843 
         750     0.000939  5.97102e-06  -4.7787e-10      12.2843 
         750     0.002113  1.09647e-05  -2.4225e-09      12.2843 
         750     0.003759  1.40606e-05 -7.66692e-09      12.2843 
         750     0.005872  1.27749e-05 -1.87012e-08      12.2843 
         750     0.008457  5.51559e-06 -3.87632e-08      12.2843 
         750      0.01151 -7.88883e-06 -7.17315e-08      12.2843 
         750     0.015036 -2.61309e-05 -1.22258e-07      12.2843 
         750     0.019031 -4.67599e-05 -1.95549e-07      12.2843 
         750     0.023493 -6.70852e-05 -2.97429e-07      12.2843 
         750     0.028429 -8.52443e-05 -4.34553e-07      12.2843 
         750     0.033831  -0.00010093  -6.1374e-07      12.2843 
         750     0.039706 -0.000115643 -8.42758e-07      12.2843 
         750     0.046047  -0.00013169 -1.12931e-06      12.2843 
         750     0.052863 -0.000150323 -1.48217e-06      12.2843 
         750      0.06015 -0.000169534 -1.90981e-06      12.2843 
         750       0.0679 -0.000184036 -2.42055e-06      12.2843 
         750     0.076126 -0.000191845 -3.02414e-06      12.2843 
         750     0.084816  -0.00020865 -3.72859e-06      12.2843 
         750     0.093982 -0.000215522 -4.54365e-06      12.2843 
         750     0.103611 -0.000221895 -5.47667e-06      12.2843 
         750     0.113718 -0.000226753 -6.53725e-06      12.2843 
         750     0.124286 -0.000229354 -7.73127e-06      12.2843 
         750     0.135333 -0.000229288 -9.06783e-06      12.2843 
         750      0.14685 -0.000226439 -1.05523e-05      12.2843 
         750     0.158827 -0.000220928  -1.2189e-05      12.2843 
         750     0.171284 -0.000212979 -1.39852e-05      12.2843 
         750     0.184201 -0.000202828  -1.5942e-05      12.2843 
         750     0.197599 -0.000190558 -1.80652e-05      12.2843 
         750     0.211455 -0.000176141 -2.03532e-05      12.2843 
         750     0.225792 -0.000159502 -2.28103e-05      12.2843 
         750       0.2406 -0.000141044  -2.5435e-05      12.2843 
         750     0.255865 -0.000121676 -2.82233e-05      12.2843 
         750     0.271613 -0.000100649 -3.11779e-05      12.2843 
         750     0.287818 -7.87081e-05  -3.4291e-05      12.2843 
         750     0.304506 -5.60536e-05 -3.75637e-05      12.2843 
         750      0.32165 -3.29639e-05 -4.09865e-05      12.2843 
         750     0.339278 -9.64491e-06   -4.456e-05      12.2843 
         750     0.357377  1.36454e-05  -4.8276e-05      12.2843 
         750      0.37593  3.66535e-05 -5.21252e-05      12.2843 
         750     0.394968  5.91973e-05 -5.61082e-05      12.2843 
         750     0.414461  8.10371e-05 -6.02123e-05      12.2843 
         750      0.43444  0.000102022  -6.4438e-05      12.2843 
         750     0.454872  0.000121955 -6.87722e-05      12.2843 
         750     0.475791  0.000140728 -7.32163e-05      12.2843 
         750     0.497163  0.000158195 -7.77575e-05      12.2843 
         750     0.519021   0.00017429 -8.23975e-05      12.2843 
         750      0.54135  0.000188927 -8.71282e-05      12.2843 
         750     0.564131  0.000202037 -9.19411e-05      12.2843 
         750       0.5874  0.000213591 -9.68396e-05      12.2843 
         750     0.611121  0.000223523 -0.000101813      12.2843 
         750      0.63533  0.000231869 -0.000106866      12.2843 
         750      0.65999  0.000238622 -0.000111985      12.2843 
         750     0.685139  0.000243802 -0.000117175      12.2843 
         750     0.710759  0.000247424 -0.000122432      12.2843 
         750     0.736828  0.000249518 -0.000127749      12.2843 
         750     0.763387  0.000250127 -0.000133134      12.2843 
         750     0.790396  0.000249303 -0.000138576      12.2843 
         750     0.817896  0.000247105  -0.00014408      12.2843 
         750     0.845843  0.000243611 -0.000149635      12.2843 
         750     0.874283  0.000238898 -0.000155247      12.2843 
         750      0.90317  0.000233067 -0.000160902      12.2843 
         750     0.932551  0.000226212 -0.000166606      12.2843 
         750     0.962401  0.000218451 -0.000172349      12.2843 
         750     0.992697  0.000209912 -0.000178122      12.2843 
         750      1.02349  0.000200711 -0.000183929      12.2843 
         750      1.05472  0.000191001 -0.000189754      12.2843 
         750      1.08645  0.000180906 -0.000195601      12.2843 
         750      1.11863   0.00017059 -0.000201453      12.2843 
         750       1.1513  0.000160183 -0.000207314      12.2843 
         750      1.18444  0.000149841 -0.000213172      12.2843 
         750      1.21802  0.000139716 -0.000219013      12.2843 
         750      1.25211   0.00012993 -0.000224841      12.2843 
         750      1.28663  0.000120628 -0.000230638      12.2843 
         750      1.32165  0.000111909 -0.000236405      12.2843 
         750      1.35712  0.000103882 -0.000242125      12.2843 
         750      1.39308  9.66072e-05 -0.000247798      12.2843 
         750      1.42951  9.01324e-05 -0.000253411      12.2843 
         750      1.46638  8.44673e-05 -0.000258951      12.2843 
         750      1.50375  7.95632e-05 -0.000264419      12.2843 
         750      1.54156  7.54187e-05 -0.000269831      12.2843 
         750      1.57987  7.20456e-05 -0.000275166      12.2843 
         750      1.61863  6.93408e-05 -0.000280412      12.2843 
         750      1.65788  6.71964e-05 -0.000285576      12.2843 
         750      1.69757  6.55189e-05 -0.000290649      12.2843 
         750      1.73776  6.42157e-05 -0.000295638      12.2843 
         750      1.77842  6.32055e-05 -0.000300536      12.2843 
         750      1.81952  6.24142e-05 -0.000305338      12.2843 
         750      1.86113  6.17733e-05  -0.00031005      12.2843 
         750      1.90316  6.12249e-05 -0.000314661      12.2843 
         750      1.94571  6.07172e-05 -0.000319175      12.2843 
         750      1.98869  6.02079e-05 -0.000323583      12.2843 
         750      2.03217   5.9661e-05 -0.000327887      12.2843 
         750      2.07612  5.90491e-05 -0.000332081      12.2843 
         750      2.12051  5.83522e-05 -0.000336158      12.2843 
         750       2.1654  5.75557e-05  -0.00034012      12.2843 
         750      2.21073  5.66536e-05 -0.000343955      12.2843 
         750      2.25656  5.56427e-05 -0.000347667      12.2843 
         750      2.30283  5.45283e-05 -0.000351244      12.2843 
         750       2.3496  5.33167e-05 -0.000354688      12.2843 
         750      2.39685  5.20202e-05  -0.00035799      12.2843 
         750      2.44452  5.06546e-05 -0.000361143      12.2843 
         750      2.49271  4.92342e-05 -0.000364148      12.2843 
         750      2.54132   4.7779e-05 -0.000366996      12.2843 
         750      2.59044  4.63044e-05 -0.000369685      12.2843 
         750         2.64  4.48304e-05 -0.000372207      12.2843 
         750      2.69006  4.33706e-05 -0.000374562      12.2843 
         750      2.74056  4.19412e-05 -0.000376743      12.2843 
         750      2.79156  4.05511e-05 -0.000378748      12.2843 
         750      2.84304  3.92094e-05 -0.000380573      12.2843 
         750      2.89494  3.79211e-05 -0.000382214      12.2843 
         750      2.94735  3.66844e-05 -0.000383671      12.2843 
         750       3.0002  3.54976e-05 -0.000384938      12.2843 
         750      3.05355  3.43513e-05 -0.000386018      12.2843 
         750      3.10733  3.32368e-05 -0.000386906      12.2843 
         750      3.16163  3.21398e-05 -0.000387604      12.2843 
         750      3.21639  3.10478e-05 -0.000388111      12.2843 
         750      3.27158  2.99492e-05 -0.000388428      12.2843 
         750      3.32729  2.88334e-05 -0.000388556      12.2843 
         750      3.38342  2.76995e-05 -0.000388497      12.2843 
         750      3.44007  2.65532e-05 -0.000388253      12.2843 
         750      3.49714  2.54181e-05 -0.000387826      12.2843 
         750      3.55472  2.43339e-05  -0.00038722      12.2843 
         750      3.61273  2.33697e-05 -0.000386437      12.2843 
         750      3.67125  2.26242e-05  -0.00038548      12.2843 
         750      3.73025  2.22402e-05 -0.000384352      12.2843 
         750      3.78967  2.15423e-05 -0.000383063      12.2843 
         750      3.84961  2.06313e-05 -0.000381599      12.2843 
         750      3.90996  1.98509e-05 -0.000379961      12.2843 
         750      3.97084  1.91938e-05 -0.000378155      12.2843 
         750      4.03214  1.86549e-05  -0.00037619      12.2843 
         750      4.09395  1.82262e-05 -0.000374071      12.2843 
         750      4.15624   1.7901e-05 -0.000371808      12.2843 
         750      4.21895  1.76717e-05 -0.000369411      12.2843 
         750      4.28217    1.753e-05 -0.000366882      12.2843 
         750      4.34582   1.7468e-05 -0.000364236      12.2843 
         750      4.40998   1.7477e-05 -0.000361476      12.2843 
         750      4.47457  1.75487e-05 -0.000358614      12.2843 
         750      4.53968  1.76744e-05 -0.000355654      12.2843 
         750      4.60525  1.78455e-05 -0.000352607      12.2843 
         750      4.67125  1.80535e-05 -0.000349484      12.2843 
         750      4.73777  1.82902e-05 -0.000346287      12.2843 
         750       4.8047  1.85471e-05  -0.00034303      12.2843 
         750      4.87216  1.88169e-05 -0.000339716      12.2843 
         750      4.94003  1.90917e-05 -0.000336357      12.2843 
         750      5.00843  1.93649e-05 -0.000332955      12.2843 
         750      5.07724  1.96296e-05 -0.000329524      12.2843 
         750      5.14658  1.98804e-05 -0.000326064      12.2843 
         750      5.21639  2.01118e-05 -0.000322585      12.2843 
         750      5.28661  2.03193e-05 -0.000319096      12.2843 
         750      5.35736  2.04994e-05 -0.000315598      12.2843 
         750      5.42852  2.06491e-05 -0.000312101      12.2843 
         750      5.50021  2.07667e-05 -0.000308604      12.2843 
         750      5.57231  2.08511e-05 -0.000305118      12.2843 
         750      5.64493  2.09025e-05 -0.000301641      12.2843 
         750      5.71803  2.09219e-05 -0.000298179      12.2843 
         750      5.79154  2.09116e-05 -0.000294738      12.2843 
         750      5.86558  2.08746e-05 -0.000291314      12.2843 
         750      5.94003  2.08155e-05 -0.000287914      12.2843 
         750      6.01501  2.07393e-05 -0.000284534      12.2843 
         750       6.0904  2.06528e-05 -0.000281178      12.2843 
         750      6.16632  2.05631e-05 -0.000277841      12.2843 
         750      6.24271  2.04785e-05 -0.000274524      12.2843 
         750       6.3195  2.04084e-05 -0.000271227      12.2843 
         750      6.39683  2.02534e-05 -0.000267946      12.2843 
         750      6.47457  2.00824e-05   -0.0002647      12.2843 
         750      6.55284   1.9936e-05 -0.000261482      12.2843 
         750      6.63152  1.98206e-05 -0.000258293      12.2843 
         750      6.71073  1.97416e-05 -0.000255124      12.2843 
         750      6.79034  1.97035e-05 -0.000251976      12.2843 
         750      6.87049  1.97095e-05  -0.00024884      12.2843 
         750      6.95111  1.97619e-05 -0.000245714      12.2843 
         750      7.03214  1.98607e-05 -0.000242598      12.2843 
         750       7.1137  2.00049e-05 -0.000239483      12.2843 
         750      7.19566  2.01908e-05  -0.00023637      12.2843 
         750      7.27816  2.04131e-05 -0.000233253      12.2843 
         750      7.36106  2.06633e-05 -0.000230136      12.2843 
         750      7.44451  2.09311e-05 -0.000227011      12.2843 
         750      7.52842  2.12023e-05 -0.000223882      12.2843 
         750      7.61273  2.14598e-05 -0.000220754      12.2843 
         750      7.69758  2.16821e-05 -0.000217717      12.2843 
         750      7.78283  2.18961e-05 -0.000214714      12.2843 
         750      7.86862  2.21081e-05 -0.000211719      12.2843 
         750      7.95481  2.23193e-05 -0.000208741      12.2843 
         750      8.04155   2.2531e-05 -0.000205779      12.2843 
         750      8.12868  2.27437e-05 -0.000202838      12.2843 
         750      8.21635  2.29586e-05 -0.000199918      12.2843 
         750      8.30449  2.31758e-05 -0.000197023      12.2843 
         750      8.39303  2.33957e-05 -0.000194157      12.2843 
         750      8.48211  2.36188e-05 -0.000191317      12.2843 
         750      8.57159  2.38449e-05 -0.000188512      12.2843 
         750      8.66161  2.40745e-05 -0.000185739      12.2843 
         750      8.75203  2.43074e-05 -0.000183005      12.2843 
         750      8.84299  2.45153e-05 -0.000180284      12.2843 
         750      8.93443  2.46433e-05 -0.000177523      12.2843 
         750      9.02626  2.47856e-05 -0.000174806      12.2843 
         750      9.11863  2.49395e-05 -0.000172126      12.2843 
         750      9.21139  2.51026e-05 -0.000169484      12.2843 
         750      9.30471  2.52734e-05 -0.000166873      12.2843 
         750      9.39841  2.54504e-05 -0.000164295      12.2843 
         750      9.49267  2.56328e-05  -0.00016174      12.2843 
         750      9.58739  2.58196e-05 -0.000159211      12.2843 
         750      9.68251  2.60093e-05 -0.000156706      12.2843 
         750      9.77817  2.62013e-05  -0.00015422      12.2843 
         750      9.87422  2.63936e-05 -0.000151757      12.2843 
         750      9.97083   2.6585e-05 -0.000149314      12.2843 
         750      10.0678  2.67732e-05 -0.000146896      12.2843 
         750      10.1654  2.69562e-05   -0.0001445      12.2843 
         750      10.2633  2.71314e-05 -0.000142134      12.2843 
         750      10.3618  2.72967e-05 -0.000139795      12.2843 
         750      10.4607  2.74495e-05 -0.000137488      12.2843 
         750      10.5601  2.75877e-05 -0.000135216      12.2843 
         750        10.66  2.77101e-05 -0.000132976      12.2843 
         750      10.7603  2.78159e-05 -0.000130769      12.2843 
         750      10.8611  2.79061e-05 -0.000128586      12.2842 
         750      10.9623  2.79829e-05 -0.000126423      12.2842 
         750      11.0641  2.80515e-05 -0.000124261      12.2842 
         750      11.1663  2.81196e-05 -0.000122083      12.2842 
         750       11.269  2.81985e-05 -0.000119861      12.2842 
         750      11.3721  2.83192e-05 -0.000117691      12.2842 
         750      11.4757  2.84763e-05 -0.000115805      12.2842 
         750      11.5798  2.86182e-05 -0.000113915      12.2842 
         750      11.6844  2.87492e-05 -0.000112024      12.2842 
         750      11.7894  2.88729e-05 -0.000110132      12.2842 
         750       11.895   2.8991e-05 -0.000108242      12.2842 
         750      12.0009  2.91047e-05 -0.000106358      12.2842 
         750      12.1073  2.92144e-05 -0.000104478      12.2842 
         750      12.2142  2.93198e-05 -0.000102608      12.2842 
         750      12.3216  2.94206e-05 -0.000100749      12.2842 
         750      12.4294  2.95164e-05 -9.89046e-05      12.2842 
         750      12.5378  2.96072e-05 -9.70771e-05      12.2842 
         750      12.6465  2.96932e-05 -9.52727e-05      12.2842 
         750      12.7558  2.97757e-05 -9.34928e-05      12.2842 
         750      12.8656  2.98568e-05  -9.1744e-05      12.2842 
         750      12.9757  2.99398e-05 -9.00329e-05      12.2842 
         750      13.0864  3.00298e-05 -8.83629e-05      12.2842 
         750      13.1975  3.01329e-05 -8.67435e-05      12.2842 
         750      13.3092   3.0258e-05 -8.51795e-05      12.2842 
         750      13.4212  3.04153e-05 -8.36818e-05      12.2842 
         750      13.5338  3.06181e-05  -8.2257e-05      12.2842 
         750      13.6468  3.08816e-05 -8.09163e-05      12.2842 
         750      13.7603   3.0865e-05 -7.92941e-05      12.2842 
         750      13.8743  3.08272e-05 -7.76616e-05      12.2842 
         750      13.9886   3.0822e-05 -7.60768e-05      12.2842 
         750      14.1036   3.0848e-05 -7.45367e-05      12.2842 
         750      14.2189   3.0902e-05 -7.30435e-05      12.2842 
         750      14.3348  3.09787e-05  -7.1594e-05      12.2842 
         750       14.451  3.10717e-05 -7.01898e-05      12.2842 
         750      14.5678  3.11736e-05 -6.88271e-05      12.2842 
         750      14.6851  3.12761e-05 -6.75048e-05      12.2842 
         750      14.8028  3.13713e-05 -6.62205e-05      12.2842 
         750       14.921  3.14523e-05 -6.49673e-05      12.2842 
         750      15.0396  3.15135e-05 -6.37403e-05      12.2842 
         750      15.1588  3.15524e-05 -6.25286e-05      12.2842 
         750      15.2783  3.15702e-05 -6.13222e-05      12.2842 
         750      15.3984   3.1573e-05 -6.01039e-05      12.2842 
         750       15.519  3.15736e-05 -5.88557e-05      12.2842 
         750        15.64  3.15962e-05 -5.75672e-05      12.2842 
         750      15.7615   3.1726e-05 -5.65906e-05      12.2842 
         750      15.8834  3.18398e-05 -5.55948e-05      12.2842 
         750      16.0058  3.19401e-05  -5.4584e-05      12.2842 
         750      16.1286  3.20289e-05 -5.35653e-05      12.2842 
         750       16.252  3.21081e-05 -5.25416e-05      12.2842 
         750      16.3759  3.21792e-05  -5.1518e-05      12.2842 
         750      16.5002  3.22437e-05 -5.04989e-05      12.2842 
         750       16.625  3.23027e-05 -4.94858e-05      12.2842 
         750      16.7501  3.23573e-05 -4.84831e-05      12.2842 
         750      16.8759  3.24084e-05 -4.74913e-05      12.2842 
         750       17.002  3.24567e-05 -4.65139e-05      12.2842 
         750      17.1287  3.25028e-05 -4.55509e-05      12.2842 
         750      17.2557  3.25472e-05  -4.4605e-05      12.2842 
         750      17.3834  3.25902e-05 -4.36756e-05      12.2842 
         750      17.5115  3.26323e-05 -4.27643e-05      12.2842 
         750      17.6399  3.26736e-05 -4.18722e-05      12.2842 
         750       17.769  3.27145e-05 -4.09983e-05      12.2842 
         750      17.8984  3.27551e-05 -4.01443e-05      12.2842 
         750      18.0284  3.27957e-05 -3.93089e-05      12.2842 
         750      18.1587  3.28365e-05 -3.84937e-05      12.2842 
         750      18.2896  3.28779e-05 -3.76975e-05      12.2842 
         750       18.421  3.29203e-05 -3.69212e-05      12.2842 
         750      18.5528  3.29641e-05 -3.61658e-05      12.2842 
         750      18.6851    3.301e-05 -3.54305e-05      12.2842 
         750      18.8178  3.30587e-05 -3.47172e-05      12.2842 
         750      18.9511  3.31111e-05 -3.40256e-05      12.2842 
         750      19.0847   3.3159e-05 -3.33069e-05      12.2842 
         750      19.2189  3.31871e-05 -3.25261e-05      12.2842 
         750      19.3535  3.32093e-05 -3.17837e-05      12.2842 
         750      19.4886  3.32268e-05 -3.10768e-05      12.2842 
         750      19.6242  3.32406e-05 -3.04036e-05      12.2842 
         750      19.7602  3.32519e-05 -2.97622e-05      12.2842 
         750      19.8968  3.32621e-05 -2.91486e-05      12.2842 
         750      20.0337  3.32726e-05 -2.85607e-05      12.2842 
         750      20.1712  3.32847e-05 -2.79945e-05      12.2842 
         750      20.3091  3.32997e-05 -2.74475e-05      12.2842 
         750      20.4475  3.33191e-05 -2.69158e-05      12.2842 
         750      20.5864  3.33438e-05 -2.63965e-05      12.2842 
         750      20.7257  3.33749e-05 -2.58871e-05      12.2842 
         750      20.8655  3.34128e-05 -2.53843e-05      12.2841 
         750      21.0058  3.34578e-05 -2.48868e-05      12.2841 
         750      21.1465  3.35095e-05 -2.43922e-05      12.2841 
         750      21.2877  3.35669e-05 -2.39006e-05      12.2841 
         750      21.4294  3.36281e-05 -2.34115e-05      12.2841 
         750      21.5716  3.36904e-05 -2.29265e-05      12.2841 
         750      21.7142  3.37498e-05 -2.24486e-05      12.2841 
         750      21.8573  3.38011e-05 -2.19812e-05      12.2841 
         750      22.0008  3.38375e-05 -2.15311e-05      12.2841 
         750      22.1449  3.38506e-05 -2.11053e-05      12.2841 
         750      22.2893  3.38299e-05 -2.07148e-05      12.2841 
         750      22.4344  3.37626e-05 -2.03717e-05      12.2841 
         750      22.5797  3.36659e-05 -2.00575e-05      12.2841 
         750      22.7257  3.37396e-05 -1.95775e-05      12.2841 
         750      22.8721  3.38009e-05 -1.91348e-05      12.2841 
         750      23.0189  3.38503e-05 -1.87216e-05      12.2841 
         750      23.1663  3.38887e-05 -1.83304e-05      12.2841 
         750       23.314  3.39168e-05 -1.79558e-05      12.2841 
         750      23.4623  3.39358e-05 -1.75926e-05      12.2841 
         750       23.611  3.39469e-05 -1.72376e-05      12.2841 
         750      23.7602  3.39515e-05 -1.68872e-05      12.2841 
         750        23.91  3.39509e-05 -1.65397e-05      12.2841 
         750        24.06  3.39467e-05 -1.61942e-05      12.2841 
         750      24.2107  3.39404e-05 -1.58497e-05      12.2841 
         750      24.3617  3.39337e-05 -1.55069e-05      12.2841 
         750      24.5133  3.39281e-05 -1.51663e-05      12.2841 
         750      24.6653   3.3925e-05 -1.48298e-05      12.2841 
         750      24.8178   3.3926e-05 -1.44989e-05      12.2841 
         750      24.9708  3.39324e-05 -1.41762e-05      12.2841 
         750      25.1242  3.39456e-05 -1.38651e-05      12.2841 
         750      25.2781  3.39665e-05 -1.35681e-05      12.2841 
         750      25.4324  3.39962e-05 -1.32892e-05      12.2841 
         750      25.5873  3.40502e-05 -1.29939e-05      12.2841 
         750      25.7426  3.41165e-05 -1.26759e-05      12.2841 
         750      25.8984  3.41751e-05 -1.23699e-05      12.2841 
         750      26.0546  3.42251e-05 -1.20758e-05      12.2841 
         750      26.2114   3.4266e-05 -1.17924e-05      12.2841 
         750      26.3686  3.42976e-05 -1.15198e-05      12.2841 
         750      26.5262  3.43199e-05 -1.12578e-05      12.2841 
         750      26.6844  3.43333e-05 -1.10059e-05      12.2841 
         750      26.8429  3.43382e-05 -1.07644e-05      12.2841 
         750       27.002  3.43353e-05 -1.05329e-05      12.2841 
         750      27.1615  3.43255e-05 -1.03116e-05      12.2841 
         750      27.3216  3.43097e-05 -1.01001e-05      12.2841 
         750      27.4821  3.42889e-05 -9.89842e-06      12.2841 
         750       27.643  3.42644e-05 -9.70642e-06       12.284 
         750      27.8044  3.42373e-05 -9.52347e-06       12.284 
         750      27.9663  3.42089e-05  -9.3494e-06       12.284 
         750      28.1287  3.41802e-05 -9.18341e-06       12.284 
         750      28.2914  3.41527e-05  -9.0251e-06       12.284 
         750      28.4548  3.41274e-05 -8.87348e-06       12.284 
         750      28.6185  3.41054e-05 -8.72799e-06       12.284 
         750      28.7828  3.40878e-05 -8.58748e-06       12.284 
         750      28.9475  3.40756e-05 -8.45118e-06       12.284 
         750      29.1126  3.40695e-05 -8.31826e-06       12.284 
         750      29.2784  3.40702e-05 -8.18764e-06       12.284 
         750      29.4444  3.40784e-05 -8.05873e-06       12.284 
         750       29.611  3.40945e-05  -7.9307e-06       12.284 
         750       29.778  3.41187e-05 -7.80331e-06       12.284 
         750      29.9456  3.41511e-05 -7.67624e-06       12.284 
         750      30.1137  3.41916e-05 -7.54982e-06       12.284 
         750      30.2821  3.42401e-05 -7.42488e-06       12.284 
         750      30.4511   3.4296e-05  -7.3025e-06       12.284 
         750      30.6204  3.43589e-05 -7.18487e-06       12.284 
         750      30.7903  3.44279e-05 -7.07459e-06       12.284 
         750      30.9606  3.45021e-05 -6.97563e-06       12.284 
         750      31.1315  3.44451e-05 -6.82996e-06       12.284 
         750      31.3028  3.43483e-05 -6.67482e-06       12.284 
         750      31.4745  3.42839e-05 -6.53956e-06       12.284 
         750      31.6468   3.4246e-05 -6.41888e-06       12.284 
         750      31.8194  3.42292e-05 -6.30868e-06       12.284 
         750      31.9926  3.42289e-05 -6.20523e-06       12.284 
         750      32.1662  3.42407e-05 -6.10581e-06       12.284 
         750      32.3404  3.42611e-05 -6.00798e-06       12.284 
         750      32.5149  3.42867e-05 -5.91017e-06       12.284 
         750        32.69  3.43148e-05   -5.811e-06       12.284 
         750      32.8655  3.43432e-05 -5.70976e-06       12.284 
         750      33.0414  3.43699e-05 -5.60613e-06      12.2839 
         750       33.218  3.43933e-05 -5.49986e-06      12.2839 
         750      33.3948  3.44124e-05 -5.39132e-06      12.2839 
         750      33.5723  3.44262e-05 -5.28076e-06      12.2839 
         750        33.75  3.44343e-05 -5.16896e-06      12.2839 
         750      33.9284  3.44365e-05 -5.05646e-06      12.2839 
         750      34.1073  3.44326e-05 -4.94416e-06      12.2839 
         750      34.2865   3.4423e-05 -4.83299e-06      12.2839 
         750      34.4663   3.4408e-05 -4.72362e-06      12.2839 
         750      34.6465  3.43883e-05 -4.61703e-06      12.2839 
         750      34.8272  3.43647e-05 -4.51378e-06      12.2839 
         750      35.0083  3.43379e-05 -4.41467e-06      12.2839 
         750        35.19  3.43091e-05 -4.32004e-06      12.2839 
         750      35.3721  3.42791e-05  -4.2303e-06      12.2839 
         750      35.5546  3.42492e-05 -4.14568e-06      12.2839 
         750      35.7377  3.42204e-05 -4.06602e-06      12.2839 
         750      35.9211  3.41939e-05 -3.99122e-06      12.2839 
         750      36.1052  3.41708e-05  -3.9207e-06      12.2839 
         750      36.2895  3.41522e-05 -3.85392e-06      12.2839 
         750      36.4745  3.41391e-05  -3.7899e-06      12.2839 
         750      36.6598  3.41324e-05 -3.72769e-06      12.2839 
         750      36.8457  3.41329e-05 -3.66591e-06      12.2839 
         750      37.0321  3.41416e-05  -3.6032e-06      12.2839 
         750      37.2188  3.41588e-05 -3.53805e-06      12.2839 
         750      37.4062  3.41851e-05 -3.46869e-06      12.2839 
         750      37.5938  3.42209e-05 -3.39349e-06      12.2838 
         750      37.7821  3.42662e-05 -3.31058e-06      12.2838 
         750      37.9707  3.43209e-05  -3.2184e-06      12.2838 
         750      38.1599  3.43851e-05 -3.11517e-06      12.2838 
         750      38.3496  3.44581e-05 -2.99954e-06      12.2838 
         750      38.5396  3.45393e-05 -2.87043e-06      12.2838 
         750      38.7302  3.46106e-05 -2.74671e-06      12.2838 
         750      38.9211  3.45924e-05 -2.71454e-06      12.2838 
         750      39.1127  3.45658e-05 -2.68183e-06      12.2838 
         750      39.3046  3.45335e-05 -2.64947e-06      12.2838 
         750      39.4971   3.4499e-05 -2.61848e-06      12.2838 
         750      39.6899  3.44659e-05 -2.59017e-06      12.2838 
         750      39.8833  3.44386e-05 -2.56601e-06      12.2838 
         750      40.0772  3.44219e-05 -2.54783e-06      12.2838 
         750      40.2714  3.44212e-05 -2.53775e-06      12.2838 
         750      40.4663  3.44423e-05 -2.53822e-06      12.2838 
         750      40.6615  3.44915e-05 -2.55207e-06      12.2838 
         750      40.8573   3.4576e-05 -2.58261e-06      12.2838 
         750      41.0534   3.4703e-05 -2.63355e-06      12.2838 
         750      41.2501  3.47225e-05 -2.62226e-06      12.2838 
         750      41.4473  3.45809e-05 -2.53496e-06      12.2838 
         750      41.6448  3.44569e-05 -2.47093e-06      12.2837 
         750      41.8429  3.43519e-05 -2.42519e-06      12.2837 
         750      42.0414  3.42672e-05  -2.3928e-06      12.2837 
         750      42.2405  3.42038e-05 -2.36863e-06      12.2837 
         750      42.4399  3.41628e-05 -2.34761e-06      12.2837 
         750      42.6399  3.41447e-05 -2.32461e-06      12.2837 
         750      42.8404  3.41502e-05 -2.29461e-06      12.2837 
         750      43.0412  3.41796e-05  -2.2527e-06      12.2837 
         750      43.2426  3.42333e-05 -2.19402e-06      12.2837 
         750      43.4444  3.42899e-05 -2.14894e-06      12.2837 
         750      43.6467  3.43115e-05 -2.15369e-06      12.2837 
         750      43.8494  3.43268e-05 -2.15195e-06      12.2837 
         750      44.0527   3.4337e-05 -2.14358e-06      12.2837 
         750      44.2563  3.43431e-05 -2.12862e-06      12.2837 
         750      44.4606  3.43459e-05 -2.10722e-06      12.2837 
         750      44.6653   3.4346e-05 -2.07971e-06      12.2837 
         750      44.8704  3.43441e-05 -2.04654e-06      12.2837 
         750       45.076  3.43404e-05  -2.0082e-06      12.2837 
         750       45.282  3.43355e-05 -1.96536e-06      12.2837 
         750      45.4886  3.43294e-05 -1.91864e-06      12.2836 
         750      45.6955  3.43226e-05 -1.86882e-06      12.2836 
         750       45.903  3.43152e-05  -1.8166e-06      12.2836 
         750      46.1111  3.43076e-05 -1.76279e-06      12.2836 
         750      46.3194  3.42998e-05 -1.70823e-06      12.2836 
         750      46.5283  3.42923e-05 -1.65361e-06      12.2836 
         750      46.7376  3.42853e-05 -1.59976e-06      12.2836 
         750      46.9475  3.42791e-05 -1.54733e-06      12.2836 
         750      47.1577  3.42741e-05 -1.49708e-06      12.2836 
         750      47.3685  3.42706e-05 -1.44955e-06      12.2836 
         750      47.5798  3.42691e-05 -1.40536e-06      12.2836 
         750      47.7914  3.42698e-05 -1.36504e-06      12.2836 
         750      48.0037  3.42733e-05 -1.32892e-06      12.2836 
         750      48.2162  3.42798e-05 -1.29743e-06      12.2836 
         750      48.4294  3.42896e-05 -1.27076e-06      12.2836 
         750      48.6429   3.4303e-05 -1.24911e-06      12.2836 
         750       48.857  3.43201e-05 -1.23255e-06      12.2835 
         750      49.0714  3.43408e-05 -1.22108e-06      12.2835 
         750      49.2865  3.43648e-05 -1.21461e-06      12.2835 
         750       49.502  3.43918e-05 -1.21296e-06      12.2835 
         750      49.7179  3.44208e-05 -1.21587e-06      12.2835 
         750      49.9343  3.44509e-05 -1.22305e-06      12.2835 
         750      50.1511  3.44804e-05 -1.23409e-06      12.2835 
         750      50.3685  3.45073e-05 -1.24859e-06      12.2835 
         750      50.5862   3.4529e-05 -1.26605e-06      12.2835 
         750      50.8046  3.45423e-05 -1.28602e-06      12.2835 
         750      51.0234  3.45431e-05 -1.30799e-06      12.2835 
         750      51.2425  3.45268e-05 -1.33148e-06      12.2835 
         750      51.4623  3.44874e-05 -1.35607e-06      12.2835 
         750      51.6824  3.44184e-05 -1.38136e-06      12.2835 
         750      51.9031  3.43114e-05 -1.40709e-06      12.2834 
         750      52.1241  3.41576e-05 -1.43307e-06      12.2834 
         750      52.3457  3.40712e-05 -1.42163e-06      12.2834 
         750      52.5676  3.40719e-05 -1.39513e-06      12.2834 
         750      52.7902   3.4091e-05 -1.37596e-06      12.2834 
         750      53.0133  3.41222e-05 -1.36089e-06      12.2834 
         750      53.2366  3.41598e-05 -1.34737e-06      12.2834 
         750      53.4606  3.41997e-05 -1.33335e-06      12.2834 
         750      53.6849  3.42384e-05 -1.31739e-06      12.2834 
         750      53.9099  3.42734e-05 -1.29846e-06      12.2834 
         750      54.1351  3.43027e-05   -1.276e-06      12.2834 
         750       54.361  3.43254e-05 -1.24972e-06      12.2834 
         750      54.5873  3.43409e-05 -1.21971e-06      12.2834 
         750      54.8139  3.43489e-05  -1.1863e-06      12.2833 
         750      55.0412    3.435e-05 -1.14994e-06      12.2833 
         750      55.2688  3.43448e-05 -1.11137e-06      12.2833 
         750       55.497  3.43341e-05 -1.07127e-06      12.2833 
         750      55.7255  3.43191e-05 -1.03055e-06      12.2833 
         750      55.9547  3.43011e-05 -9.90004e-07      12.2833 
         750      56.1844  3.42812e-05 -9.50511e-07      12.2833 
         750      56.4143  3.42609e-05 -9.12906e-07      12.2833 
         750      56.6449  3.42414e-05 -8.77857e-07      12.2833 
         750      56.8757  3.42238e-05 -8.46048e-07      12.2833 
         750      57.1072  3.42091e-05  -8.1793e-07      12.2833 
         750       57.339  3.41981e-05 -7.93907e-07      12.2833 
         750      57.5715  3.41914e-05 -7.74141e-07      12.2833 
         750      57.8042  3.41895e-05 -7.58692e-07      12.2832 
         750      58.0376  3.41924e-05 -7.47385e-07      12.2832 
         750      58.2715  3.41999e-05 -7.39904e-07      12.2832 
         750      58.5057  3.42118e-05 -7.35744e-07      12.2832 
         750      58.7405  3.42272e-05 -7.34216e-07      12.2832 
         750      58.9756  3.42453e-05 -7.34487e-07      12.2832 
         750      59.2113  3.42648e-05 -7.35575e-07      12.2832 
         750      59.4473  3.42844e-05 -7.36382e-07      12.2832 
         750       59.684  3.43025e-05 -7.35719e-07      12.2832 
         750      59.9212  3.43174e-05 -7.32341e-07      12.2832 
         750      60.1586  3.43272e-05 -7.24997e-07      12.2832 
         750      60.3967  3.43303e-05  -7.1245e-07      12.2831 
         750      60.6351  3.43247e-05 -6.93584e-07      12.2831 
         750      60.8741   3.4309e-05 -6.67378e-07      12.2831 
         750      61.1135  3.42817e-05 -6.33102e-07      12.2831 
         750      61.3534  3.42418e-05 -5.90219e-07      12.2831 
         750      61.5939  3.41886e-05 -5.38645e-07      12.2831 
         750      61.8346  3.41221e-05  -4.7879e-07      12.2831 
         750       62.076  3.40431e-05  -4.1148e-07      12.2831 
         750      62.3177  3.39532e-05 -3.38415e-07      12.2831 
         750        62.56  3.40111e-05 -3.71787e-07      12.2831 
         750      62.8026  3.40722e-05 -3.90866e-07       12.283 
         750      63.0459  3.41365e-05 -3.96991e-07       12.283 
         750      63.2894  3.42044e-05 -3.92026e-07       12.283 
         750      63.5336  3.42772e-05 -3.78333e-07       12.283 
         750      63.7783   3.4357e-05 -3.58773e-07       12.283 
         750      64.0233  3.44471e-05 -3.36693e-07       12.283 
         750      64.2689  3.45524e-05 -3.15838e-07       12.283 
         750      64.5148  3.46335e-05 -3.07453e-07       12.283 
         750      64.7613  3.44499e-05 -3.54786e-07       12.283 
         750      65.0082  3.43149e-05 -4.07537e-07       12.283 
         750      65.2557  3.42186e-05 -4.62496e-07      12.2829 
         750      65.5036  3.41525e-05 -5.16628e-07      12.2829 
         750      65.7519   3.4109e-05 -5.67202e-07      12.2829 
         750      66.0008  3.40811e-05  -6.1191e-07      12.2829 
         750        66.25  3.40629e-05 -6.48604e-07      12.2829 
         750      66.4998  3.40547e-05 -6.68291e-07      12.2829 
         750        66.75  3.41066e-05 -6.09817e-07      12.2829 
         750      67.0007  3.41536e-05 -5.65066e-07      12.2829 
         750      67.2518  3.41971e-05 -5.31639e-07      12.2829 
         750      67.5035  3.42383e-05 -5.07263e-07      12.2828 
         750      67.7557  3.42777e-05 -4.89992e-07      12.2828 
         750      68.0082  3.43154e-05 -4.78089e-07      12.2828 
         750      68.2614  3.43512e-05 -4.70014e-07      12.2828 
         750      68.5148  3.43847e-05 -4.64473e-07      12.2828 
         750      68.7688  3.44152e-05 -4.60352e-07      12.2828 
         750      69.0232  3.44421e-05 -4.56742e-07      12.2828 
         750      69.2782  3.44644e-05   -4.529e-07      12.2828 
         750      69.5337  3.44816e-05 -4.48261e-07      12.2828 
         750      69.7895  3.44929e-05 -4.42418e-07      12.2827 
         750      70.0459  3.44977e-05 -4.35093e-07      12.2827 
         750      70.3026  3.44957e-05 -4.26164e-07      12.2827 
         750        70.56  3.44866e-05   -4.156e-07      12.2827 
         750      70.8176  3.44705e-05 -4.03512e-07      12.2827 
         750      71.0759  3.44476e-05 -3.90067e-07      12.2827 
         750      71.3347  3.44184e-05 -3.75545e-07      12.2827 
         750      71.5938  3.43837e-05 -3.60297e-07      12.2827 
         750      71.8535  3.43445e-05 -3.44693e-07      12.2826 
         750      72.1135  3.43021e-05 -3.29193e-07      12.2826 
         750      72.3741   3.4258e-05  -3.1424e-07      12.2826 
         750       72.635   3.4214e-05 -3.00335e-07      12.2826 
         750      72.8967  3.41717e-05 -2.87936e-07      12.2826 
         750      73.1585  3.41332e-05  -2.7753e-07      12.2826 
         750      73.4211  3.41004e-05 -2.69538e-07      12.2826 
         750      73.6841  3.40755e-05 -2.64365e-07      12.2826 
         750      73.9473  3.40601e-05 -2.62349e-07      12.2825 
         750      74.2113  3.40561e-05 -2.63752e-07      12.2825 
         750      74.4755  3.40648e-05 -2.68748e-07      12.2825 
         750      74.7404  3.40872e-05 -2.77418e-07      12.2825 
         750      75.0056  3.41238e-05 -2.89703e-07      12.2825 
         750      75.2714  3.41742e-05 -3.05444e-07      12.2825 
         750      75.5377  3.42376e-05 -3.24301e-07      12.2825 
         750      75.8043  3.43118e-05 -3.45757e-07      12.2825 
         750      76.0715  3.43936e-05 -3.69169e-07      12.2824 
         750       76.339  3.44784e-05  -3.9362e-07      12.2824 
         750      76.6072  3.45602e-05 -4.18055e-07      12.2824 
         750      76.8756  3.46309e-05 -4.41108e-07      12.2824 
         750      77.1448  3.46805e-05 -4.61242e-07      12.2824 
         750      77.4141  3.46969e-05 -4.76583e-07      12.2824 
         750      77.6842  3.46652e-05  -4.8503e-07      12.2824 
         750      77.9547  3.45676e-05 -4.84142e-07      12.2823 
         750      78.2255  3.43835e-05 -4.71189e-07      12.2823 
         750       78.497  3.43193e-05 -4.86274e-07      12.2823 
         750      78.7687  3.42907e-05 -4.98858e-07      12.2823 
         750      79.0411  3.42587e-05 -5.01635e-07      12.2823 
         750      79.3138   3.4225e-05 -4.96466e-07      12.2823 
         750      79.5872  3.41912e-05 -4.85069e-07      12.2823 
         750       79.861  3.41584e-05 -4.69029e-07      12.2822 
         750      80.1351  3.41277e-05 -4.49805e-07      12.2822 
         750      80.4098  3.40998e-05 -4.28663e-07      12.2822 
         750      80.6849  3.40754e-05 -4.06787e-07      12.2822 
         750      80.9606  3.40548e-05 -3.85149e-07      12.2822 
         750      81.2365  3.40384e-05 -3.64645e-07      12.2822 
         750      81.5132  3.40262e-05 -3.45962e-07      12.2821 
         750      81.7903  3.40185e-05 -3.29698e-07      12.2821 
         750      82.0676  3.40151e-05 -3.16307e-07      12.2821 
         750      82.3457  3.40159e-05 -3.06076e-07      12.2821 
         750       82.624  3.40207e-05 -2.99206e-07      12.2821 
         750       82.903  3.40294e-05 -2.95744e-07      12.2821 
         750      83.1822  3.40416e-05 -2.95639e-07       12.282 
         750      83.4622  3.40571e-05 -2.98726e-07       12.282 
         750      83.7424  3.40755e-05 -3.04735e-07       12.282 
         750      84.0232  3.40966e-05 -3.13319e-07       12.282 
         750      84.3046  3.41199e-05 -3.24036e-07       12.282 
         750      84.5862  3.41451e-05 -3.36368e-07       12.282 
         750      84.8685  3.41719e-05 -3.49772e-07      12.2819 
         750       85.151  3.41998e-05 -3.63618e-07      12.2819 
         750      85.4342  3.42284e-05 -3.77291e-07      12.2819 
         750      85.7177  3.42574e-05 -3.90119e-07      12.2819 
         750      86.0019  3.42862e-05 -4.01475e-07      12.2819 
         750      86.2865  3.43143e-05 -4.10722e-07      12.2819 
         750      86.5714  3.43412e-05 -4.17269e-07      12.2819 
         750       86.857  3.43662e-05 -4.20603e-07      12.2818 
         750      87.1428  3.43886e-05 -4.20276e-07      12.2818 
         750      87.4293  3.44075e-05 -4.15953e-07      12.2818 
         750      87.7161  3.44219e-05 -4.07435e-07      12.2818 
         750      88.0035  3.44306e-05  -3.9466e-07      12.2818 
         750      88.2914  3.44323e-05  -3.7777e-07      12.2817 
         750      88.5796  3.44254e-05 -3.57129e-07      12.2817 
         750      88.8685   3.4408e-05 -3.33297e-07      12.2817 
         750      89.1576   3.4378e-05 -3.07176e-07      12.2817 
         750      89.4474  3.43512e-05 -3.09019e-07      12.2817 
         750      89.7374    3.432e-05 -3.07857e-07      12.2817 
         750      90.0282  3.42843e-05 -2.99017e-07      12.2816 
         750      90.3192   3.4247e-05 -2.84621e-07      12.2816 
         750      90.6109  3.42106e-05 -2.66726e-07      12.2816 
         750       90.903  3.41771e-05  -2.4735e-07      12.2816 
         750      91.1954  3.41484e-05   -2.284e-07      12.2815 
         750      91.4885  3.41256e-05 -2.11569e-07      12.2815 
         750      91.7819  3.41096e-05 -1.98387e-07      12.2815 
         750      92.0759  3.41008e-05 -1.90065e-07      12.2815 
         750      92.3702  3.40994e-05 -1.87517e-07      12.2815 
         750      92.6652   3.4105e-05 -1.91248e-07      12.2814 
         750      92.9606   3.4117e-05 -2.01316e-07      12.2814 
         750      93.2563  3.41344e-05 -2.17234e-07      12.2814 
         750      93.5527  3.41559e-05 -2.37965e-07      12.2814 
         750      93.8493  3.41803e-05 -2.61742e-07      12.2814 
         750      94.1466  3.42057e-05 -2.86124e-07      12.2813 
         750      94.4442  3.42307e-05 -3.07768e-07      12.2813 
         750      94.7425  3.42534e-05 -3.22488e-07      12.2813 
         750       95.041  3.42723e-05 -3.25043e-07      12.2813 
         750      95.3402   3.4286e-05 -3.09119e-07      12.2813 
         750      95.6399  3.42933e-05 -2.67195e-07      12.2813 
         750      95.9398  3.42962e-05 -2.88071e-07      12.2812 
         750      96.2404  3.42925e-05 -3.31112e-07      12.2812 
         750      96.5412  3.42824e-05 -3.59216e-07      12.2812 
         750      96.8428   3.4267e-05 -3.74483e-07      12.2812 
         750      97.1446  3.42478e-05 -3.78771e-07      12.2812 
         750      97.4471  3.42259e-05 -3.73809e-07      12.2811 
         750      97.7501  3.42027e-05 -3.61165e-07      12.2811 
         750      98.0533  3.41794e-05 -3.42297e-07      12.2811 
         750      98.3572  3.41573e-05 -3.18486e-07      12.2811 
         750      98.6613  3.41375e-05 -2.90966e-07       12.281 
         750      98.9662  3.41213e-05 -2.60787e-07       12.281 
         750      99.2712  3.41097e-05 -2.28995e-07       12.281 
         750       99.577  3.41039e-05 -1.96457e-07       12.281 
         750      99.8833  3.41049e-05 -1.64044e-07      12.2809 
         750       100.19  3.41136e-05 -1.32561e-07      12.2809 
         750      100.497  3.41309e-05  -1.0269e-07      12.2809 
         750      100.804  3.41578e-05 -7.51619e-08      12.2808 
         750      101.113  3.41948e-05 -5.05872e-08      12.2808 
         750      101.421  3.42428e-05 -2.96326e-08      12.2808 
         750       101.73  3.43023e-05 -1.28774e-08      12.2807 
         750      102.039  3.43738e-05 -9.53744e-10      12.2807 
         750      102.349  3.44577e-05  5.55043e-09      12.2807 
         750       102.66  3.45544e-05  6.00695e-09      12.2806 
         750      102.971  3.46639e-05 -2.09862e-10      12.2806 
         750      103.282  3.46568e-05 -2.17807e-08      12.2806 
         750      103.594  3.46174e-05 -4.82975e-08      12.2805 
         750      103.906  3.45791e-05 -7.63446e-08      12.2805 
         750      104.219  3.45423e-05 -1.05065e-07      12.2805 
         750      104.532  3.45071e-05 -1.33742e-07      12.2805 
         750      104.846  3.44738e-05 -1.61651e-07      12.2804 
         750       105.16  3.44424e-05 -1.88129e-07      12.2804 
         750      105.474  3.44129e-05 -2.12649e-07      12.2804 
         750      105.789  3.43852e-05 -2.34674e-07      12.2804 
         750      106.105  3.43592e-05 -2.53814e-07      12.2803 
         750      106.421  3.43346e-05 -2.69697e-07      12.2803 
         750      106.738  3.43114e-05 -2.82084e-07      12.2803 
         750      107.055  3.42893e-05 -2.90781e-07      12.2803 
         750      107.372  3.42682e-05 -2.95689e-07      12.2803 
         750       107.69  3.42479e-05 -2.96801e-07      12.2802 
         750      108.008  3.42283e-05 -2.94182e-07      12.2802 
         750      108.327  3.42093e-05 -2.87977e-07      12.2802 
         750      108.646   3.4191e-05 -2.78422e-07      12.2802 
         750      108.966  3.41731e-05 -2.65802e-07      12.2802 
         750      109.286   3.4156e-05 -2.50507e-07      12.2801 
         750      109.607  3.41396e-05 -2.32948e-07      12.2801 
         750      109.928   3.4124e-05 -2.13633e-07      12.2801 
         750       110.25  3.41097e-05 -1.93123e-07      12.2801 
         750      110.572  3.40966e-05 -1.71976e-07        12.28 
         750      110.895  3.40853e-05  -1.5085e-07        12.28 
         750      111.218  3.40759e-05 -1.30357e-07        12.28 
         750      111.541   3.4069e-05 -1.11192e-07        12.28 
         750      111.865  3.40647e-05 -9.39861e-08      12.2799 
         750       112.19  3.40635e-05 -7.94034e-08      12.2799 
         750      112.515  3.40657e-05  -6.8073e-08      12.2799 
         750       112.84  3.40716e-05 -6.05542e-08      12.2798 
         750      113.166  3.40816e-05 -5.73748e-08      12.2798 
         750      113.492  3.40958e-05 -5.89672e-08      12.2797 
         750      113.819  3.41142e-05 -6.56673e-08      12.2797 
         750      114.147  3.41369e-05 -7.77047e-08      12.2796 
         750      114.474  3.41636e-05 -9.51369e-08      12.2796 
         750      114.803   3.4194e-05 -1.17903e-07      12.2796 
         750      115.131  3.42275e-05 -1.45712e-07      12.2795 
         750       115.46  3.42632e-05 -1.78038e-07      12.2795 
         750       115.79  3.42999e-05  -2.1419e-07      12.2794 
         750       116.12  3.43362e-05 -2.53095e-07      12.2794 
         750      116.451  3.43702e-05 -2.93491e-07      12.2793 
         750      116.782  3.43996e-05 -3.33652e-07      12.2793 
         750      117.113  3.44215e-05 -3.71607e-07      12.2792 
         750      117.446  3.44327e-05 -4.04877e-07      12.2792 
         750      117.778  3.44293e-05 -4.30553e-07      12.2792 
         750      118.111  3.44066e-05 -4.45298e-07      12.2791 
         750      118.444  3.43593e-05 -4.45187e-07      12.2791 
         750      118.778  3.42815e-05 -4.25746e-07      12.2791 
         750      119.112  3.41661e-05 -3.81921e-07      12.2791 
         750      119.447  3.40052e-05 -3.07892e-07      12.2791 
         750      119.783   3.3812e-05 -2.06369e-07      12.2791 
         750      120.118  3.40779e-05 -2.93053e-07      12.2791 
         750      120.455  3.42627e-05 -3.53793e-07      12.2791 
         750      120.791  3.43795e-05 -3.93215e-07       12.279 
         750      121.128  3.44409e-05 -4.15625e-07       12.279 
         750      121.466  3.44575e-05  -4.2476e-07      12.2789 
         750      121.804  3.44391e-05 -4.23976e-07      12.2788 
         750      122.143  3.43945e-05 -4.16198e-07      12.2787 
         750      122.482   3.4331e-05 -4.03948e-07      12.2786 
         750      122.821  3.42555e-05 -3.89403e-07      12.2785 
         750      123.161  3.41737e-05 -3.74404e-07      12.2785 
         750      123.502  3.40902e-05 -3.60434e-07      12.2784 
         750      123.843  3.40092e-05 -3.48729e-07      12.2783 
         750      124.184  3.39338e-05 -3.40206e-07      12.2782 
         750      124.526  3.38669e-05 -3.35566e-07      12.2781 
         750      124.868  3.38101e-05 -3.35258e-07       12.278 
         750      125.211  3.37651e-05 -3.39534e-07      12.2779 
         750      125.554  3.37326e-05 -3.48445e-07      12.2778 
         750      125.898   3.3713e-05 -3.61895e-07      12.2777 
         750      126.242  3.37063e-05 -3.79607e-07      12.2777 
         750      126.587  3.37122e-05 -4.01223e-07      12.2776 
         750      126.932  3.37299e-05 -4.26213e-07      12.2775 
         750      127.278  3.37584e-05 -4.54028e-07      12.2774 
         750      127.624  3.37966e-05 -4.83986e-07      12.2774 
         750      127.971   3.3843e-05  -5.1534e-07      12.2773 
         750      128.318  3.38961e-05 -5.47378e-07      12.2773 
         750      128.665  3.39543e-05 -5.79262e-07      12.2772 
         750      129.013  3.40159e-05 -6.10243e-07      12.2772 
         750      129.361   3.4079e-05 -6.39475e-07      12.2771 
         750       129.71  3.41422e-05 -6.66227e-07      12.2771 
         750       130.06  3.42034e-05 -6.89703e-07       12.277 
         750       130.41  3.42614e-05 -7.09233e-07       12.277 
         750       130.76  3.43144e-05 -7.24136e-07       12.277 
         750      131.111   3.4361e-05 -7.33809e-07      12.2769 
         750      131.462     3.44e-05 -7.37743e-07      12.2769 
         750      131.814  3.44302e-05 -7.35485e-07      12.2769 
         750      132.166  3.44509e-05 -7.26672e-07      12.2768 
         750      132.519  3.44611e-05  -7.1105e-07      12.2768 
         750      132.872  3.44604e-05 -6.88425e-07      12.2768 
         750      133.226  3.44484e-05 -6.58742e-07      12.2767 
         750       133.58  3.44251e-05 -6.22071e-07      12.2767 
         750      133.934  3.43906e-05 -5.78501e-07      12.2767 
         750      134.289  3.43453e-05 -5.28357e-07      12.2766 
         750      134.645  3.42896e-05 -4.71925e-07      12.2766 
         750          135  3.42246e-05 -4.09765e-07      12.2765 
         750      135.357   3.4151e-05 -3.42355e-07      12.2764 
         750      135.714  3.40702e-05  -2.7048e-07      12.2764 
         750      136.071  3.39835e-05 -1.94797e-07      12.2763 
         750      136.429  3.38925e-05 -1.16226e-07      12.2762 
         750      136.787  3.37989e-05 -3.57747e-08      12.2761 
         750      137.146  3.37044e-05  4.56699e-08      12.2761 
         750      137.505  3.36109e-05  1.26902e-07       12.276 
         750      137.865  3.35203e-05  2.06926e-07      12.2759 
         750      138.225  3.34346e-05  2.84455e-07      12.2757 
         750      138.586  3.33555e-05   3.5843e-07      12.2756 
         750      138.947   3.3285e-05  4.27605e-07      12.2755 
         750      139.309  3.32247e-05  4.90762e-07      12.2754 
         750      139.671   3.3176e-05  5.46867e-07      12.2752 
         750      140.033  3.31401e-05  5.94757e-07      12.2751 
         750      140.397   3.3118e-05  6.33511e-07      12.2749 
         750       140.76  3.31101e-05   6.6218e-07      12.2748 
         750      141.124  3.31165e-05  6.80052e-07      12.2746 
         750      141.488  3.31366e-05  6.86507e-07      12.2745 
         750      141.853  3.31693e-05  6.81151e-07      12.2743 
         750      142.219  3.32128e-05  6.63803e-07      12.2741 
         750      142.584  3.32643e-05  6.34575e-07       12.274 
         750      142.951  3.33204e-05  5.93806e-07      12.2738 
         750      143.317  3.33762e-05   5.4228e-07      12.2737 
         750      143.685  3.34262e-05  4.81014e-07      12.2735 
         750      144.052  3.34632e-05  4.11623e-07      12.2734 
         750      144.421  3.34789e-05  3.35983e-07      12.2733 
         750      144.789  3.34634e-05   2.5665e-07      12.2732 
         750      145.158  3.34051e-05  1.76752e-07      12.2731 
         750      145.528  3.32907e-05  9.98448e-08       12.273 
         750      145.898   3.3105e-05  3.03985e-08      12.2729 
         750      146.269  3.31816e-05 -5.34411e-08      12.2729 
         750       146.64   3.3462e-05 -1.55496e-07      12.2729 
         750      147.011   3.3404e-05 -2.42454e-07      12.2729 
         750      147.383  3.28751e-05 -3.10538e-07      12.2728 
         750      147.755  3.17235e-05 -3.56238e-07      12.2728 
         750      148.128  2.97715e-05 -3.76383e-07      12.2728 
         750      148.502  2.68215e-05  -3.6796e-07      12.2729 
         750      148.876  2.26409e-05 -3.28272e-07      12.2729 
         750       149.25  1.69793e-05 -2.55031e-07      12.2729 
         750      149.625  9.53881e-06 -1.46125e-07      12.2729 
         750          150           -0           -0      12.2729 
