Variables = x, y, u, v, p

Zone, I=800, F=POINT
         750            0            0            0      8.33559 
         750     0.000234  7.66428e-06   8.3166e-11      8.33559 
         750     0.000939  2.91298e-05  1.33895e-09      8.33559 
         750     0.002113  5.98849e-05  6.77058e-09      8.33559 
         750     0.003759  9.38929e-05  2.13825e-08      8.33559 
         750     0.005872  0.000124917  5.20344e-08      8.33559 
         750     0.008457  0.000148494  1.07566e-07      8.33559 
         750      0.01151  0.000162808   1.9844e-07      8.33559 
         750     0.015036  0.000169206  3.37046e-07      8.33559 
         750     0.019031  0.000171406  5.37029e-07      8.33559 
         750     0.023493  0.000173931  8.13389e-07      8.33559 
         750     0.028429  0.000180019  1.18298e-06      8.33559 
         750     0.033831  0.000189838  1.66263e-06      8.33559 
         750     0.039706  0.000200003  2.27121e-06      8.33559 
         750     0.046047  0.000205025  3.02686e-06      8.33559 
         750     0.052863  0.000200917  3.94989e-06      8.33559 
         750      0.06015  0.000189426  5.05926e-06      8.33559 
         750       0.0679  0.000178954  6.37279e-06      8.33559 
         750     0.076126  0.000173838   7.9114e-06      8.33559 
         750     0.084816  0.000147771  9.69091e-06      8.33559 
         750     0.093982     0.000127  1.17309e-05      8.33559 
         750     0.103611  9.92349e-05  1.40442e-05      8.33559 
         750     0.113718  6.54018e-05  1.66489e-05      8.33559 
         750     0.124286  2.63231e-05  1.95533e-05      8.33559 
         750     0.135333 -1.75393e-05  2.27733e-05      8.33559 
         750      0.14685 -6.58418e-05  2.63152e-05      8.33559 
         750     0.158827  -0.00011837  3.01822e-05      8.33559 
         750     0.171284 -0.000175067  3.43854e-05      8.33559 
         750     0.184201 -0.000235581  3.89199e-05      8.33559 
         750     0.197599 -0.000299517   4.3793e-05      8.33559 
         750     0.211455 -0.000366023  4.89939e-05      8.33559 
         750     0.225792 -0.000434386  5.45265e-05      8.33559 
         750       0.2406 -0.000504171  6.03806e-05      8.33559 
         750     0.255865 -0.000575464  6.65415e-05      8.33559 
         750     0.271613 -0.000646742  7.30102e-05      8.33559 
         750     0.287818 -0.000717789  7.97643e-05      8.33559 
         750     0.304506 -0.000788138  8.68015e-05      8.33559 
         750      0.32165 -0.000857126  9.40963e-05      8.33559 
         750     0.339278 -0.000924355  0.000101646      8.33559 
         750     0.357377  -0.00098931  0.000109431      8.33559 
         750      0.37593  -0.00105152  0.000117429      8.33559 
         750     0.394968  -0.00111075  0.000125638      8.33559 
         750     0.414461  -0.00116659  0.000134031      8.33559 
         750      0.43444  -0.00121891  0.000142608      8.33559 
         750     0.454872  -0.00126741  0.000151342      8.33559 
         750     0.475791  -0.00131206  0.000160234      8.33559 
         750     0.497163  -0.00135266   0.00016926      8.33559 
         750     0.519021  -0.00138924  0.000178424      8.33559 
         750      0.54135  -0.00142174   0.00018771      8.33559 
         750     0.564131  -0.00145016  0.000197105      8.33559 
         750       0.5874  -0.00147458  0.000206618      8.33559 
         750     0.611121  -0.00149508  0.000216235      8.33559 
         750      0.63533  -0.00151169  0.000225963      8.33559 
         750      0.65999  -0.00152457  0.000235775      8.33559 
         750     0.685139  -0.00153382  0.000245691      8.33559 
         750     0.710759  -0.00153954  0.000255705      8.33559 
         750     0.736828  -0.00154182  0.000265813      8.33559 
         750     0.763387  -0.00154077  0.000276033      8.33559 
         750     0.790396   -0.0015365   0.00028635      8.33559 
         750     0.817896   -0.0015291  0.000296781      8.33559 
         750     0.845843  -0.00151869  0.000307311      8.33559 
         750     0.874283  -0.00150539  0.000317956      8.33559 
         750      0.90317  -0.00148933  0.000328696      8.33559 
         750     0.932551  -0.00147062  0.000339549      8.33559 
         750     0.962401  -0.00144942  0.000350501      8.33559 
         750     0.992697   -0.0014259  0.000361541      8.33559 
         750      1.02349  -0.00140019   0.00037268      8.33559 
         750      1.05472  -0.00137251  0.000383895      8.33559 
         750      1.08645  -0.00134303  0.000395198      8.33559 
         750      1.11863    -0.001312  0.000406562      8.33559 
         750       1.1513  -0.00127962  0.000417997      8.33559 
         750      1.18444  -0.00124616  0.000429483      8.33559 
         750      1.21802  -0.00121192  0.000440999      8.33559 
         750      1.25211  -0.00117712  0.000452551      8.33559 
         750      1.28663   -0.0011421  0.000464105      8.33559 
         750      1.32165  -0.00110709  0.000475663      8.33559 
         750      1.35712  -0.00107241  0.000487187      8.33559 
         750      1.39308  -0.00103825  0.000498674      8.33559 
         750      1.42951  -0.00100482   0.00051009      8.33559 
         750      1.46638 -0.000972257  0.000521395      8.33559 
         750      1.50375  -0.00094054  0.000532575      8.33559 
         750      1.54156 -0.000909378  0.000543732      8.33559 
         750      1.57987 -0.000879738  0.000554765      8.33559 
         750      1.61863 -0.000851503  0.000565641      8.33559 
         750      1.65788 -0.000824421  0.000576375      8.33559 
         750      1.69757 -0.000798341  0.000586944      8.33559 
         750      1.73776 -0.000773035  0.000597359      8.33559 
         750      1.77842 -0.000748353  0.000607606      8.33559 
         750      1.81952 -0.000724154  0.000617671      8.33559 
         750      1.86113 -0.000700255  0.000627564      8.33559 
         750      1.90316 -0.000676564  0.000637261      8.33559 
         750      1.94571 -0.000652926   0.00064677      8.33559 
         750      1.98869 -0.000629279  0.000656067      8.33559 
         750      2.03217 -0.000605498   0.00066516      8.33559 
         750      2.07612 -0.000581531  0.000674032      8.33559 
         750      2.12051 -0.000557342  0.000682666       8.3356 
         750       2.1654 -0.000532849  0.000691066       8.3356 
         750      2.21073 -0.000508063  0.000699211       8.3356 
         750      2.25656 -0.000482929  0.000707103       8.3356 
         750      2.30283 -0.000457485   0.00071472       8.3356 
         750       2.3496 -0.000431698  0.000722064       8.3356 
         750      2.39685 -0.000405608  0.000729119       8.3356 
         750      2.44452 -0.000379263   0.00073587       8.3356 
         750      2.49271 -0.000352658  0.000742318       8.3356 
         750      2.54132 -0.000325878  0.000748444      8.33561 
         750      2.59044 -0.000298926   0.00075425      8.33561 
         750         2.64 -0.000271899  0.000759717      8.33561 
         750      2.69006 -0.000244806  0.000764846      8.33561 
         750      2.74056 -0.000217745  0.000769623      8.33561 
         750      2.79156 -0.000190729  0.000774049      8.33561 
         750      2.84304  -0.00016383  0.000778112      8.33562 
         750      2.89494 -0.000137121  0.000781807      8.33562 
         750      2.94735 -0.000110604  0.000785134      8.33562 
         750       3.0002 -8.43636e-05  0.000788084      8.33562 
         750      3.05355 -5.83966e-05  0.000790659      8.33562 
         750      3.10733 -3.27755e-05  0.000792854      8.33563 
         750      3.16163 -7.48823e-06  0.000794669      8.33563 
         750      3.21639  1.74197e-05  0.000796103      8.33563 
         750      3.27158  4.19057e-05  0.000797153      8.33563 
         750      3.32729  6.59852e-05  0.000797821      8.33563 
         750      3.38342  8.95932e-05  0.000798107      8.33564 
         750      3.44007  0.000112732  0.000798008      8.33564 
         750      3.49714   0.00013532  0.000797525      8.33564 
         750      3.55472  0.000157327  0.000796655      8.33564 
         750      3.61273  0.000178628  0.000795393      8.33565 
         750      3.67125  0.000199134  0.000793734      8.33565 
         750      3.73025  0.000218658   0.00079167      8.33565 
         750      3.78967  0.000237855  0.000789422      8.33566 
         750      3.84961  0.000256475  0.000786884      8.33566 
         750      3.90996  0.000274111  0.000783963      8.33566 
         750      3.97084  0.000290805  0.000780675      8.33566 
         750      4.03214  0.000306543  0.000777045      8.33567 
         750      4.09395  0.000321363  0.000773084      8.33567 
         750      4.15624  0.000335268  0.000768815      8.33567 
         750      4.21895  0.000348263  0.000764259      8.33568 
         750      4.28217  0.000360386  0.000759426      8.33568 
         750      4.34582  0.000371633  0.000754342      8.33568 
         750      4.40998  0.000382042  0.000749014      8.33568 
         750      4.47457  0.000391612  0.000743467      8.33569 
         750      4.53968  0.000400381  0.000737709      8.33569 
         750      4.60525  0.000408358   0.00073176      8.33569 
         750      4.67125   0.00041556  0.000725637       8.3357 
         750      4.73777   0.00042202  0.000719347       8.3357 
         750       4.8047   0.00042775  0.000712912       8.3357 
         750      4.87216  0.000432782  0.000706336      8.33571 
         750      4.94003  0.000437131  0.000699641      8.33571 
         750      5.00843  0.000440829  0.000692829      8.33571 
         750      5.07724  0.000443895  0.000685922      8.33572 
         750      5.14658  0.000446359   0.00067892      8.33572 
         750      5.21639  0.000448246  0.000671838      8.33572 
         750      5.28661  0.000449581  0.000664691      8.33572 
         750      5.35736  0.000450394  0.000657478      8.33573 
         750      5.42852  0.000450711  0.000650219      8.33573 
         750      5.50021  0.000450561  0.000642909      8.33573 
         750      5.57231  0.000449973  0.000635568      8.33574 
         750      5.64493  0.000448976  0.000628191      8.33574 
         750      5.71803  0.000447599   0.00062079      8.33574 
         750      5.79154  0.000445873  0.000613376      8.33575 
         750      5.86558  0.000443825  0.000605943      8.33575 
         750      5.94003  0.000441488  0.000598508      8.33575 
         750      6.01501  0.000438887  0.000591061      8.33576 
         750       6.0904  0.000436057  0.000583619      8.33576 
         750      6.16632  0.000433021  0.000576172      8.33576 
         750      6.24271   0.00042981  0.000568729      8.33576 
         750       6.3195  0.000426454  0.000561297      8.33577 
         750      6.39683   0.00042296   0.00055398      8.33577 
         750      6.47457  0.000419355   0.00054675      8.33577 
         750      6.55284   0.00041566  0.000539561      8.33578 
         750      6.63152  0.000411904  0.000532425      8.33578 
         750      6.71073  0.000408101  0.000525331      8.33578 
         750      6.79034  0.000404277  0.000518288      8.33578 
         750      6.87049  0.000400438  0.000511282      8.33579 
         750      6.95111  0.000396602  0.000504318      8.33579 
         750      7.03214  0.000392777  0.000497396      8.33579 
         750       7.1137  0.000388963  0.000490501      8.33579 
         750      7.19566  0.000385165  0.000483641       8.3358 
         750      7.27816   0.00038137  0.000476801       8.3358 
         750      7.36106  0.000377572  0.000469985       8.3358 
         750      7.44451  0.000373748  0.000463178      8.33581 
         750      7.52842  0.000369874  0.000456382      8.33581 
         750      7.61273   0.00036592  0.000449599      8.33581 
         750      7.69758  0.000362234  0.000443149      8.33581 
         750      7.78283   0.00035861  0.000436809      8.33582 
         750      7.86862  0.000354955  0.000430484      8.33582 
         750      7.95481  0.000351291  0.000424189      8.33582 
         750      8.04155  0.000347623  0.000417922      8.33582 
         750      8.12868  0.000343969  0.000411699      8.33583 
         750      8.21635  0.000340334  0.000405518      8.33583 
         750      8.30449  0.000336729   0.00039939      8.33583 
         750      8.39303  0.000333165  0.000393327      8.33583 
         750      8.48211  0.000329645  0.000387322      8.33583 
         750      8.57159  0.000326181  0.000381391      8.33584 
         750      8.66161  0.000322773  0.000375527      8.33584 
         750      8.75203  0.000319434   0.00036974      8.33584 
         750      8.84299  0.000316118  0.000364004      8.33584 
         750      8.93443   0.00031272  0.000358297      8.33585 
         750      9.02626  0.000309381  0.000352687      8.33585 
         750      9.11863  0.000306093  0.000347157      8.33585 
         750      9.21139  0.000302859  0.000341709      8.33585 
         750      9.30471  0.000299671  0.000336328      8.33586 
         750      9.39841  0.000296532  0.000331017      8.33586 
         750      9.49267  0.000293435  0.000325761      8.33586 
         750      9.58739  0.000290379   0.00032056      8.33586 
         750      9.68251  0.000287366  0.000315414      8.33586 
         750      9.77817  0.000284387  0.000310313      8.33587 
         750      9.87422  0.000281447  0.000305263      8.33587 
         750      9.97083  0.000278537  0.000300256      8.33587 
         750      10.0678  0.000275661  0.000295301      8.33587 
         750      10.1654  0.000272812  0.000290392      8.33587 
         750      10.2633  0.000269994   0.00028554      8.33588 
         750      10.3618  0.000267201  0.000280739      8.33588 
         750      10.4607  0.000264435  0.000275997      8.33588 
         750      10.5601  0.000261696  0.000271321      8.33588 
         750        10.66   0.00025898  0.000266706      8.33588 
         750      10.7603  0.000256291  0.000262159      8.33588 
         750      10.8611  0.000253625   0.00025767      8.33589 
         750      10.9623  0.000250987  0.000253241      8.33589 
         750      11.0641  0.000248373  0.000248855      8.33589 
         750      11.1663  0.000245786  0.000244499      8.33589 
         750       11.269   0.00024323  0.000240153      8.33589 
         750      11.3721   0.00024081  0.000235902       8.3359 
         750      11.4757  0.000238606  0.000231905       8.3359 
         750      11.5798  0.000236336  0.000227883       8.3359 
         750      11.6844  0.000234032  0.000223867       8.3359 
         750      11.7894  0.000231715  0.000219873       8.3359 
         750       11.895  0.000229406  0.000215918       8.3359 
         750      12.0009   0.00022712   0.00021202      8.33591 
         750      12.1073  0.000224865  0.000208179      8.33591 
         750      12.2142  0.000222651  0.000204407      8.33591 
         750      12.3216  0.000220477    0.0002007      8.33591 
         750      12.4294  0.000218348  0.000197063      8.33591 
         750      12.5378  0.000216259  0.000193489      8.33591 
         750      12.6465  0.000214211  0.000189978      8.33591 
         750      12.7558  0.000212195  0.000186521      8.33592 
         750      12.8656  0.000210208  0.000183113      8.33592 
         750      12.9757  0.000208246  0.000179752      8.33592 
         750      13.0864    0.0002063  0.000176427      8.33592 
         750      13.1975  0.000204367  0.000173138      8.33592 
         750      13.3092   0.00020244  0.000169877      8.33592 
         750      13.4212  0.000200517  0.000166648      8.33592 
         750      13.5338  0.000198593  0.000163449      8.33593 
         750      13.6468  0.000196668  0.000160287      8.33593 
         750      13.7603  0.000194868  0.000157087      8.33593 
         750      13.8743  0.000193129  0.000153957      8.33593 
         750      13.9886  0.000191433  0.000150915      8.33593 
         750      14.1036  0.000189774  0.000147952      8.33593 
         750      14.2189   0.00018815  0.000145066      8.33593 
         750      14.3348  0.000186555  0.000142245      8.33594 
         750       14.451  0.000184988  0.000139483      8.33594 
         750      14.5678  0.000183445   0.00013677      8.33594 
         750      14.6851  0.000181924  0.000134096      8.33594 
         750      14.8028  0.000180426  0.000131459      8.33594 
         750       14.921  0.000178949  0.000128846      8.33594 
         750      15.0396  0.000177493  0.000126262      8.33594 
         750      15.1588  0.000176058  0.000123702      8.33594 
         750      15.2783  0.000174646  0.000121177      8.33594 
         750      15.3984  0.000173256  0.000118699      8.33595 
         750       15.519  0.000171889   0.00011629      8.33595 
         750        15.64   0.00017054  0.000113983      8.33595 
         750      15.7615  0.000169102  0.000111667      8.33595 
         750      15.8834  0.000167712  0.000109397      8.33595 
         750      16.0058  0.000166365  0.000107167      8.33595 
         750      16.1286  0.000165057  0.000104977      8.33595 
         750       16.252  0.000163782   0.00010282      8.33595 
         750      16.3759  0.000162538  0.000100696      8.33595 
         750      16.5002  0.000161323  9.86046e-05      8.33596 
         750       16.625  0.000160131  9.65411e-05      8.33596 
         750      16.7501  0.000158964   9.4508e-05      8.33596 
         750      16.8759  0.000157817  9.25015e-05      8.33596 
         750       17.002  0.000156691  9.05245e-05      8.33596 
         750      17.1287  0.000155583  8.85741e-05      8.33596 
         750      17.2557  0.000154495   8.6654e-05      8.33596 
         750      17.3834  0.000153424  8.47618e-05      8.33596 
         750      17.5115  0.000152371  8.29003e-05      8.33596 
         750      17.6399  0.000151339  8.10721e-05      8.33596 
         750       17.769  0.000150325  7.92759e-05      8.33597 
         750      17.8984  0.000149332  7.75162e-05      8.33597 
         750      18.0284  0.000148361  7.57922e-05      8.33597 
         750      18.1587  0.000147412  7.41085e-05      8.33597 
         750      18.2896  0.000146488  7.24647e-05      8.33597 
         750       18.421  0.000145589  7.08642e-05      8.33597 
         750      18.5528  0.000144718  6.93104e-05      8.33597 
         750      18.6851  0.000143875  6.78033e-05      8.33597 
         750      18.8178  0.000143064  6.63474e-05      8.33597 
         750      18.9511  0.000142285  6.49425e-05      8.33597 
         750      19.0847  0.000141488  6.35404e-05      8.33597 
         750      19.2189  0.000140617  6.20808e-05      8.33597 
         750      19.3535  0.000139768  6.06566e-05      8.33598 
         750      19.4886  0.000138941  5.92629e-05      8.33598 
         750      19.6242  0.000138136  5.78985e-05      8.33598 
         750      19.7602  0.000137354  5.65625e-05      8.33598 
         750      19.8968  0.000136594  5.52511e-05      8.33598 
         750      20.0337  0.000135857  5.39655e-05      8.33598 
         750      20.1712  0.000135142  5.27029e-05      8.33598 
         750      20.3091  0.000134451  5.14653e-05      8.33598 
         750      20.4475  0.000133782  5.02509e-05      8.33598 
         750      20.5864  0.000133135  4.90616e-05      8.33598 
         750      20.7257   0.00013251  4.78993e-05      8.33598 
         750      20.8655  0.000131904  4.67633e-05      8.33598 
         750      21.0058  0.000131317  4.56571e-05      8.33598 
         750      21.1465  0.000130746  4.45802e-05      8.33599 
         750      21.2877  0.000130188  4.35358e-05      8.33599 
         750      21.4294  0.000129638  4.25231e-05      8.33599 
         750      21.5716  0.000129094  4.15434e-05      8.33599 
         750      21.7142  0.000128549  4.05971e-05      8.33599 
         750      21.8573  0.000127995  3.96811e-05      8.33599 
         750      22.0008  0.000127427  3.87943e-05      8.33599 
         750      22.1449  0.000126832  3.79306e-05      8.33599 
         750      22.2893  0.000126202  3.70846e-05      8.33599 
         750      22.4344  0.000125522  3.62459e-05      8.33599 
         750      22.5797  0.000124838  3.54038e-05      8.33599 
         750      22.7257  0.000124493  3.45523e-05      8.33599 
         750      22.8721  0.000124137  3.36984e-05      8.33599 
         750      23.0189  0.000123769  3.28479e-05      8.33599 
         750      23.1663  0.000123389  3.20041e-05        8.336 
         750       23.314  0.000122998  3.11723e-05        8.336 
         750      23.4623  0.000122596  3.03545e-05        8.336 
         750       23.611  0.000122186  2.95548e-05        8.336 
         750      23.7602  0.000121769  2.87744e-05        8.336 
         750        23.91  0.000121348  2.80159e-05        8.336 
         750        24.06  0.000120926  2.72814e-05        8.336 
         750      24.2107  0.000120507  2.65709e-05        8.336 
         750      24.3617  0.000120095  2.58866e-05        8.336 
         750      24.5133  0.000119692  2.52279e-05        8.336 
         750      24.6653  0.000119304  2.45965e-05        8.336 
         750      24.8178  0.000118933  2.39917e-05        8.336 
         750      24.9708  0.000118585  2.34141e-05        8.336 
         750      25.1242  0.000118264  2.28645e-05        8.336 
         750      25.2781  0.000117974   2.2342e-05        8.336 
         750      25.4324   0.00011772  2.18477e-05        8.336 
         750      25.5873  0.000117449  2.13015e-05      8.33601 
         750      25.7426  0.000117137  2.06994e-05      8.33601 
         750      25.8984   0.00011683  2.01199e-05      8.33601 
         750      26.0546  0.000116528  1.95631e-05      8.33601 
         750      26.2114  0.000116232  1.90276e-05      8.33601 
         750      26.3686  0.000115942  1.85129e-05      8.33601 
         750      26.5262  0.000115659  1.80182e-05      8.33601 
         750      26.6844  0.000115382  1.75417e-05      8.33601 
         750      26.8429  0.000115111  1.70827e-05      8.33601 
         750       27.002  0.000114848  1.66393e-05      8.33601 
         750      27.1615  0.000114591  1.62107e-05      8.33601 
         750      27.3216  0.000114341  1.57946e-05      8.33601 
         750      27.4821  0.000114097  1.53901e-05      8.33601 
         750       27.643   0.00011386  1.49959e-05      8.33601 
         750      27.8044  0.000113629    1.461e-05      8.33601 
         750      27.9663  0.000113404  1.42317e-05      8.33602 
         750      28.1287  0.000113184  1.38593e-05      8.33602 
         750      28.2914   0.00011297  1.34923e-05      8.33602 
         750      28.4548  0.000112761  1.31293e-05      8.33602 
         750      28.6185  0.000112557  1.27703e-05      8.33602 
         750      28.7828  0.000112358  1.24146e-05      8.33602 
         750      28.9475  0.000112163  1.20624e-05      8.33602 
         750      29.1126  0.000111974  1.17146e-05      8.33602 
         750      29.2784   0.00011179  1.13716e-05      8.33602 
         750      29.4444  0.000111612  1.10353e-05      8.33602 
         750       29.611  0.000111441  1.07073e-05      8.33602 
         750       29.778  0.000111276  1.03907e-05      8.33602 
         750      29.9456  0.000111121  1.00886e-05      8.33602 
         750      30.1137  0.000110976  9.80526e-06      8.33602 
         750      30.2821  0.000110843    9.546e-06      8.33602 
         750      30.4511  0.000110725  9.31637e-06      8.33602 
         750      30.6204  0.000110624  9.12374e-06      8.33603 
         750      30.7903  0.000110545  8.97592e-06      8.33603 
         750      30.9606  0.000110491  8.88244e-06      8.33603 
         750      31.1315  0.000110276  8.57422e-06      8.33603 
         750      31.3028  0.000110017  8.17281e-06      8.33603 
         750      31.4745  0.000109808  7.81819e-06      8.33603 
         750      31.6468  0.000109641  7.50382e-06      8.33603 
         750      31.8194  0.000109504   7.2247e-06      8.33603 
         750      31.9926  0.000109391  6.97536e-06      8.33603 
         750      32.1662  0.000109295  6.75164e-06      8.33603 
         750      32.3404   0.00010921  6.54906e-06      8.33603 
         750      32.5149  0.000109132  6.36425e-06      8.33603 
         750        32.69  0.000109056  6.19362e-06      8.33603 
         750      32.8655   0.00010898  6.03439e-06      8.33603 
         750      33.0414  0.000108903  5.88416e-06      8.33604 
         750       33.218  0.000108822  5.74049e-06      8.33604 
         750      33.3948  0.000108737  5.60176e-06      8.33604 
         750      33.5723  0.000108649  5.46618e-06      8.33604 
         750        33.75  0.000108556  5.33274e-06      8.33604 
         750      33.9284   0.00010846  5.20024e-06      8.33604 
         750      34.1073  0.000108362  5.06807e-06      8.33604 
         750      34.2865  0.000108263  4.93585e-06      8.33604 
         750      34.4663  0.000108164  4.80311e-06      8.33604 
         750      34.6465  0.000108067  4.67001e-06      8.33604 
         750      34.8272  0.000107973  4.53645e-06      8.33604 
         750      35.0083  0.000107882  4.40295e-06      8.33604 
         750        35.19  0.000107798  4.26972e-06      8.33604 
         750      35.3721  0.000107719  4.13744e-06      8.33604 
         750      35.5546  0.000107649   4.0069e-06      8.33605 
         750      35.7377  0.000107586  3.87867e-06      8.33605 
         750      35.9211  0.000107531  3.75382e-06      8.33605 
         750      36.1052  0.000107484  3.63307e-06      8.33605 
         750      36.2895  0.000107446  3.51759e-06      8.33605 
         750      36.4745  0.000107415  3.40821e-06      8.33605 
         750      36.6598  0.000107389  3.30614e-06      8.33605 
         750      36.8457  0.000107369  3.21226e-06      8.33605 
         750      37.0321  0.000107351  3.12769e-06      8.33605 
         750      37.2188  0.000107333  3.05352e-06      8.33605 
         750      37.4062  0.000107313  2.99062e-06      8.33605 
         750      37.5938  0.000107287  2.94007e-06      8.33605 
         750      37.7821  0.000107253  2.90269e-06      8.33605 
         750      37.9707  0.000107206  2.87943e-06      8.33606 
         750      38.1599  0.000107143  2.87105e-06      8.33606 
         750      38.3496   0.00010706  2.87834e-06      8.33606 
         750      38.5396  0.000106952  2.90194e-06      8.33606 
         750      38.7302  0.000106834  2.90912e-06      8.33606 
         750      38.9211  0.000106797   2.7618e-06      8.33606 
         750      39.1127  0.000106766  2.62127e-06      8.33606 
         750      39.3046   0.00010674  2.48981e-06      8.33606 
         750      39.4971   0.00010672  2.36905e-06      8.33606 
         750      39.6899  0.000106707  2.26073e-06      8.33606 
         750      39.8833  0.000106701  2.16596e-06      8.33606 
         750      40.0772  0.000106709  2.08574e-06      8.33606 
         750      40.2714  0.000106735  2.02064e-06      8.33607 
         750      40.4663  0.000106787  1.97063e-06      8.33607 
         750      40.6615  0.000106878   1.9354e-06      8.33607 
         750      40.8573   0.00010702  1.91394e-06      8.33607 
         750      41.0534  0.000107232  1.90475e-06      8.33607 
         750      41.2501  0.000107049  1.88701e-06      8.33607 
         750      41.4473  0.000106457    1.834e-06      8.33607 
         750      41.6448  0.000106041  1.76259e-06      8.33607 
         750      41.8429  0.000105775   1.6761e-06      8.33607 
         750      42.0414  0.000105639  1.57799e-06      8.33607 
         750      42.2405   0.00010561  1.47135e-06      8.33607 
         750      42.4399  0.000105667  1.35945e-06      8.33608 
         750      42.6399  0.000105792  1.24506e-06      8.33608 
         750      42.8404  0.000105966  1.13107e-06      8.33608 
         750      43.0412  0.000106171  1.02019e-06      8.33608 
         750      43.2426  0.000106394  9.14664e-07      8.33608 
         750      43.4444  0.000106578  8.68613e-07      8.33608 
         750      43.6467  0.000106667  9.16116e-07      8.33608 
         750      43.8494   0.00010672  9.60697e-07      8.33608 
         750      44.0527  0.000106738   1.0005e-06      8.33608 
         750      44.2563  0.000106724  1.03404e-06      8.33608 
         750      44.4606  0.000106683  1.06035e-06      8.33609 
         750      44.6653  0.000106617   1.0788e-06      8.33609 
         750      44.8704  0.000106532   1.0891e-06      8.33609 
         750       45.076  0.000106434  1.09131e-06      8.33609 
         750       45.282  0.000106326  1.08571e-06      8.33609 
         750      45.4886  0.000106214   1.0728e-06      8.33609 
         750      45.6955  0.000106104  1.05327e-06      8.33609 
         750       45.903     0.000106  1.02792e-06      8.33609 
         750      46.1111  0.000105905  9.97674e-07      8.33609 
         750      46.3194  0.000105823  9.63544e-07      8.33609 
         750      46.5283  0.000105758  9.26488e-07       8.3361 
         750      46.7376   0.00010571  8.87576e-07       8.3361 
         750      46.9475  0.000105682  8.47727e-07       8.3361 
         750      47.1577  0.000105674  8.07925e-07       8.3361 
         750      47.3685  0.000105685  7.68949e-07       8.3361 
         750      47.5798  0.000105714  7.31565e-07       8.3361 
         750      47.7914  0.000105759  6.96411e-07       8.3361 
         750      48.0037  0.000105816  6.63898e-07       8.3361 
         750      48.2162  0.000105883   6.3439e-07       8.3361 
         750      48.4294  0.000105955  6.07984e-07      8.33611 
         750      48.6429  0.000106028  5.84692e-07      8.33611 
         750       48.857  0.000106097  5.64268e-07      8.33611 
         750      49.0714  0.000106156  5.46355e-07      8.33611 
         750      49.2865  0.000106202  5.30359e-07      8.33611 
         750       49.502  0.000106229  5.15558e-07      8.33611 
         750      49.7179  0.000106235   5.0107e-07      8.33611 
         750      49.9343  0.000106216  4.85833e-07      8.33611 
         750      50.1511  0.000106173   4.6871e-07      8.33612 
         750      50.3685  0.000106105  4.48414e-07      8.33612 
         750      50.5862  0.000106016  4.23649e-07      8.33612 
         750      50.8046  0.000105911  3.93007e-07      8.33612 
         750      51.0234    0.0001058  3.55143e-07      8.33612 
         750      51.2425  0.000105695  3.08783e-07      8.33612 
         750      51.4623  0.000105615   2.5264e-07      8.33612 
         750      51.6824  0.000105581  1.85745e-07      8.33612 
         750      51.9031  0.000105623  1.07151e-07      8.33612 
         750      52.1241  0.000105776   1.6433e-08      8.33613 
         750      52.3457  0.000105767  3.81881e-08      8.33613 
         750      52.5676  0.000105636  1.22223e-07      8.33613 
         750      52.7902  0.000105547  1.90231e-07      8.33613 
         750      53.0133  0.000105494  2.43767e-07      8.33613 
         750      53.2366  0.000105468  2.84401e-07      8.33613 
         750      53.4606  0.000105464  3.13754e-07      8.33613 
         750      53.6849  0.000105476  3.33284e-07      8.33614 
         750      53.9099    0.0001055  3.44472e-07      8.33614 
         750      54.1351   0.00010553  3.48683e-07      8.33614 
         750       54.361  0.000105564  3.47233e-07      8.33614 
         750      54.5873  0.000105599  3.41347e-07      8.33614 
         750      54.8139  0.000105633  3.32177e-07      8.33614 
         750      55.0412  0.000105663  3.20759e-07      8.33614 
         750      55.2688  0.000105689  3.08059e-07      8.33614 
         750       55.497  0.000105709  2.94904e-07      8.33615 
         750      55.7255  0.000105724  2.82052e-07      8.33615 
         750      55.9547  0.000105733  2.70108e-07      8.33615 
         750      56.1844  0.000105737  2.59592e-07      8.33615 
         750      56.4143  0.000105735  2.50902e-07      8.33615 
         750      56.6449   0.00010573  2.44293e-07      8.33615 
         750      56.8757   0.00010572  2.39925e-07      8.33615 
         750      57.1072  0.000105709  2.37819e-07      8.33616 
         750       57.339  0.000105695  2.37881e-07      8.33616 
         750      57.5715  0.000105682  2.39896e-07      8.33616 
         750      57.8042  0.000105669  2.43528e-07      8.33616 
         750      58.0376  0.000105658  2.48331e-07      8.33616 
         750      58.2715   0.00010565   2.5374e-07      8.33616 
         750      58.5057  0.000105645  2.59083e-07      8.33616 
         750      58.7405  0.000105644  2.63596e-07      8.33617 
         750      58.9756  0.000105647  2.66409e-07      8.33617 
         750      59.2113  0.000105655  2.66573e-07      8.33617 
         750      59.4473  0.000105667   2.6306e-07      8.33617 
         750       59.684  0.000105683  2.54767e-07      8.33617 
         750      59.9212  0.000105701   2.4054e-07      8.33617 
         750      60.1586   0.00010572  2.19203e-07      8.33618 
         750      60.3967  0.000105738  1.89493e-07      8.33618 
         750      60.6351  0.000105752  1.50219e-07      8.33618 
         750      60.8741  0.000105761  1.00076e-07      8.33618 
         750      61.1135  0.000105759  3.79258e-08      8.33618 
         750      61.3534  0.000105743 -3.75119e-08      8.33618 
         750      61.5939  0.000105708 -1.27315e-07      8.33618 
         750      61.8346  0.000105648 -2.32434e-07      8.33619 
         750       62.076  0.000105556  -3.5397e-07      8.33619 
         750      62.3177  0.000105426 -4.92529e-07      8.33619 
         750        62.56  0.000105424  -4.6836e-07      8.33619 
         750      62.8026  0.000105427 -4.32557e-07      8.33619 
         750      63.0459  0.000105437 -3.85707e-07      8.33619 
         750      63.2894   0.00010546 -3.28756e-07       8.3362 
         750      63.5336    0.0001055 -2.62929e-07       8.3362 
         750      63.7783  0.000105563 -1.90166e-07       8.3362 
         750      64.0233  0.000105656 -1.13169e-07       8.3362 
         750      64.2689  0.000105788 -3.53515e-08       8.3362 
         750      64.5148  0.000105947  2.50279e-08       8.3362 
         750      64.7613  0.000105962  1.45655e-09      8.33621 
         750      65.0082  0.000105946 -5.45574e-09      8.33621 
         750      65.2557  0.000105916  1.30076e-10      8.33621 
         750      65.5036  0.000105887   1.4216e-08      8.33621 
         750      65.7519   0.00010587  3.29359e-08      8.33621 
         750      66.0008  0.000105876   5.2647e-08      8.33622 
         750        66.25  0.000105915   6.9838e-08      8.33622 
         750      66.4998  0.000105964  7.40771e-08      8.33622 
         750        66.75  0.000105699  3.60803e-10      8.33622 
         750      67.0007  0.000105468 -6.17337e-08      8.33622 
         750      67.2518   0.00010528 -1.12043e-07      8.33622 
         750      67.5035   0.00010514 -1.50984e-07      8.33623 
         750      67.7557  0.000105052  -1.7918e-07      8.33623 
         750      68.0082  0.000105015  -1.9756e-07      8.33623 
         750      68.2614  0.000105026 -2.07304e-07      8.33623 
         750      68.5148  0.000105081 -2.09697e-07      8.33623 
         750      68.7688  0.000105173 -2.06145e-07      8.33624 
         750      69.0232  0.000105295 -1.98104e-07      8.33624 
         750      69.2782   0.00010544 -1.87013e-07      8.33624 
         750      69.5337  0.000105598 -1.74293e-07      8.33624 
         750      69.7895  0.000105761 -1.61286e-07      8.33624 
         750      70.0459  0.000105921 -1.49192e-07      8.33625 
         750      70.3026  0.000106069 -1.39104e-07      8.33625 
         750        70.56    0.0001062 -1.31911e-07      8.33625 
         750      70.8176  0.000106306 -1.28337e-07      8.33625 
         750      71.0759  0.000106382 -1.28883e-07      8.33625 
         750      71.3347  0.000106425 -1.33842e-07      8.33625 
         750      71.5938  0.000106432 -1.43271e-07      8.33626 
         750      71.8535  0.000106402 -1.57027e-07      8.33626 
         750      72.1135  0.000106336 -1.74712e-07      8.33626 
         750      72.3741  0.000106236 -1.95774e-07      8.33626 
         750       72.635  0.000106105 -2.19413e-07      8.33626 
         750      72.8967  0.000105948 -2.44736e-07      8.33627 
         750      73.1585  0.000105773 -2.70642e-07      8.33627 
         750      73.4211  0.000105585 -2.96019e-07      8.33627 
         750      73.6841  0.000105393 -3.19644e-07      8.33627 
         750      73.9473  0.000105207 -3.40304e-07      8.33628 
         750      74.2113  0.000105035 -3.56904e-07      8.33628 
         750      74.4755  0.000104888 -3.68424e-07      8.33628 
         750      74.7404  0.000104775 -3.74098e-07      8.33628 
         750      75.0056  0.000104703 -3.73432e-07      8.33628 
         750      75.2714   0.00010468 -3.66329e-07      8.33629 
         750      75.5377   0.00010471 -3.53184e-07      8.33629 
         750      75.8043  0.000104798 -3.35016e-07      8.33629 
         750      76.0715  0.000104941 -3.13528e-07      8.33629 
         750       76.339  0.000105135  -2.9134e-07      8.33629 
         750      76.6072  0.000105372 -2.72004e-07       8.3363 
         750      76.8756  0.000105636 -2.60287e-07       8.3363 
         750      77.1448  0.000105906 -2.62226e-07       8.3363 
         750      77.4141  0.000106153 -2.85355e-07       8.3363 
         750      77.6842  0.000106339 -3.38925e-07      8.33631 
         750      77.9547  0.000106417 -4.34023e-07      8.33631 
         750      78.2255  0.000106327 -5.83678e-07      8.33631 
         750       78.497  0.000106209 -5.23764e-07      8.33631 
         750      78.7687  0.000106099 -4.38431e-07      8.33631 
         750      79.0411  0.000105981  -3.7994e-07      8.33632 
         750      79.3138  0.000105862 -3.42703e-07      8.33632 
         750      79.5872  0.000105747 -3.21662e-07      8.33632 
         750       79.861  0.000105641 -3.12506e-07      8.33632 
         750      80.1351  0.000105546 -3.11511e-07      8.33633 
         750      80.4098  0.000105466 -3.15544e-07      8.33633 
         750      80.6849  0.000105401 -3.22026e-07      8.33633 
         750      80.9606  0.000105353 -3.28913e-07      8.33633 
         750      81.2365   0.00010532 -3.34624e-07      8.33634 
         750      81.5132  0.000105303 -3.38043e-07      8.33634 
         750      81.7903  0.000105301 -3.38445e-07      8.33634 
         750      82.0676  0.000105311 -3.35483e-07      8.33634 
         750      82.3457  0.000105334 -3.29123e-07      8.33635 
         750       82.624  0.000105365 -3.19632e-07      8.33635 
         750       82.903  0.000105405 -3.07486e-07      8.33635 
         750      83.1822  0.000105449 -2.93391e-07      8.33635 
         750      83.4622  0.000105497 -2.78156e-07      8.33636 
         750      83.7424  0.000105545 -2.62734e-07      8.33636 
         750      84.0232  0.000105593 -2.48081e-07      8.33636 
         750      84.3046  0.000105638 -2.35186e-07      8.33636 
         750      84.5862  0.000105678 -2.24981e-07      8.33637 
         750      84.8685  0.000105713 -2.18265e-07      8.33637 
         750       85.151  0.000105741 -2.15702e-07      8.33637 
         750      85.4342  0.000105761 -2.17723e-07      8.33637 
         750      85.7177  0.000105773 -2.24483e-07      8.33637 
         750      86.0019  0.000105778 -2.35816e-07      8.33638 
         750      86.2865  0.000105775 -2.51145e-07      8.33638 
         750      86.5714  0.000105765 -2.69422e-07      8.33638 
         750       86.857   0.00010575 -2.89121e-07      8.33638 
         750      87.1428  0.000105732  -3.0807e-07      8.33639 
         750      87.4293  0.000105712 -3.23502e-07      8.33639 
         750      87.7161  0.000105694 -3.31876e-07      8.33639 
         750      88.0035  0.000105679  -3.2889e-07       8.3364 
         750      88.2914  0.000105671 -3.09351e-07       8.3364 
         750      88.5796  0.000105674 -2.67181e-07       8.3364 
         750      88.8685  0.000105691 -1.95179e-07       8.3364 
         750      89.1576  0.000105726 -8.52467e-08      8.33641 
         750      89.4474  0.000105663 -1.07611e-07      8.33641 
         750      89.7374  0.000105596 -1.48394e-07      8.33641 
         750      90.0282  0.000105549 -1.76361e-07      8.33641 
         750      90.3192   0.00010552 -1.93619e-07      8.33642 
         750      90.6109  0.000105505 -2.02347e-07      8.33642 
         750       90.903  0.000105503 -2.04629e-07      8.33642 
         750      91.1954   0.00010551  -2.0247e-07      8.33643 
         750      91.4885  0.000105522 -1.97709e-07      8.33643 
         750      91.7819  0.000105535 -1.91978e-07      8.33643 
         750      92.0759  0.000105548 -1.86617e-07      8.33643 
         750      92.3702  0.000105555  -1.8263e-07      8.33644 
         750      92.6652  0.000105555 -1.80591e-07      8.33644 
         750      92.9606  0.000105547 -1.80581e-07      8.33644 
         750      93.2563  0.000105528 -1.82099e-07      8.33644 
         750      93.5527  0.000105501 -1.83978e-07      8.33645 
         750      93.8493  0.000105467 -1.84286e-07      8.33645 
         750      94.1466   0.00010543 -1.80239e-07      8.33645 
         750      94.4442  0.000105397 -1.68098e-07      8.33645 
         750      94.7425  0.000105377 -1.43028e-07      8.33645 
         750       95.041  0.000105383 -9.90773e-08      8.33645 
         750      95.3402   0.00010543  -2.8876e-08      8.33646 
         750      95.6399  0.000105538  7.62825e-08      8.33646 
         750      95.9398  0.000105728  6.65237e-08      8.33646 
         750      96.2404   0.00010589  1.39893e-08      8.33646 
         750      96.5412  0.000106008 -1.94036e-08      8.33646 
         750      96.8428  0.000106087 -3.72934e-08      8.33646 
         750      97.1446  0.000106133 -4.28879e-08      8.33647 
         750      97.4471  0.000106151 -3.91052e-08      8.33647 
         750      97.7501  0.000106144 -2.85316e-08      8.33647 
         750      98.0533  0.000106118 -1.34742e-08      8.33648 
         750      98.3572  0.000106075  4.08511e-09      8.33648 
         750      98.6613  0.000106021  2.23869e-08      8.33649 
         750      98.9662  0.000105957  3.99849e-08      8.33649 
         750      99.2712  0.000105887  5.56211e-08      8.33649 
         750       99.577  0.000105812  6.83191e-08       8.3365 
         750      99.8833  0.000105735  7.72803e-08      8.33651 
         750       100.19  0.000105657  8.19209e-08      8.33651 
         750      100.497   0.00010558  8.18565e-08      8.33652 
         750      100.804  0.000105505  7.68723e-08      8.33652 
         750      101.113  0.000105432  6.69094e-08      8.33653 
         750      101.421  0.000105361  5.20841e-08      8.33654 
         750       101.73  0.000105292  3.26122e-08      8.33654 
         750      102.039  0.000105224  8.89192e-09      8.33655 
         750      102.349  0.000105157 -1.86319e-08      8.33656 
         750       102.66  0.000105089 -4.93543e-08      8.33657 
         750      102.971  0.000105018 -8.25664e-08      8.33657 
         750      103.282  0.000105104 -7.10016e-08      8.33658 
         750      103.594  0.000105224 -5.05714e-08      8.33658 
         750      103.906  0.000105334 -3.34643e-08      8.33659 
         750      104.219  0.000105437 -1.94627e-08      8.33659 
         750      104.532  0.000105533 -8.32263e-09      8.33659 
         750      104.846  0.000105622  1.46062e-10      8.33659 
         750       105.16  0.000105703  6.12697e-09      8.33659 
         750      105.474  0.000105777  9.80593e-09      8.33659 
         750      105.789  0.000105842  1.13456e-08      8.33659 
         750      106.105    0.0001059  1.09128e-08      8.33659 
         750      106.421  0.000105948   8.6713e-09      8.33659 
         750      106.738  0.000105987  4.78199e-09      8.33659 
         750      107.055  0.000106017 -5.85844e-10      8.33659 
         750      107.372  0.000106036 -7.25268e-09      8.33659 
         750       107.69  0.000106046 -1.50485e-08      8.33659 
         750      108.008  0.000106045 -2.37721e-08      8.33659 
         750      108.327  0.000106034 -3.32397e-08      8.33659 
         750      108.646  0.000106013 -4.32293e-08      8.33659 
         750      108.966  0.000105982 -5.35403e-08      8.33659 
         750      109.286  0.000105943 -6.39315e-08      8.33659 
         750      109.607  0.000105896 -7.41866e-08      8.33659 
         750      109.928  0.000105842 -8.40581e-08      8.33659 
         750       110.25  0.000105783 -9.32951e-08      8.33659 
         750      110.572   0.00010572 -1.01667e-07      8.33659 
         750      110.895  0.000105653 -1.08916e-07       8.3366 
         750      111.218  0.000105587 -1.14812e-07       8.3366 
         750      111.541  0.000105521 -1.19116e-07       8.3366 
         750      111.865  0.000105457 -1.21614e-07      8.33661 
         750       112.19  0.000105399 -1.22102e-07      8.33661 
         750      112.515  0.000105347 -1.20402e-07      8.33662 
         750       112.84  0.000105304 -1.16365e-07      8.33662 
         750      113.166   0.00010527 -1.09886e-07      8.33663 
         750      113.492  0.000105248 -1.00887e-07      8.33664 
         750      113.819  0.000105239 -8.93677e-08      8.33664 
         750      114.147  0.000105243 -7.53559e-08      8.33665 
         750      114.474  0.000105261 -5.89906e-08      8.33666 
         750      114.803  0.000105292 -4.04433e-08      8.33667 
         750      115.131  0.000105336 -2.00154e-08      8.33668 
         750       115.46  0.000105391  1.88223e-09      8.33668 
         750       115.79  0.000105454  2.47767e-08      8.33669 
         750       116.12  0.000105522  4.79953e-08       8.3367 
         750      116.451   0.00010559  7.07956e-08      8.33671 
         750      116.782  0.000105652  9.22056e-08      8.33672 
         750      117.113  0.000105701   1.1115e-07      8.33672 
         750      117.446  0.000105726  1.26311e-07      8.33673 
         750      117.778  0.000105718  1.36177e-07      8.33673 
         750      118.111  0.000105663  1.39035e-07      8.33673 
         750      118.444  0.000105547  1.32908e-07      8.33673 
         750      118.778   0.00010535  1.15551e-07      8.33673 
         750      119.112  0.000105055  8.44722e-08      8.33673 
         750      119.447  0.000104637  3.67959e-08      8.33672 
         750      119.783  0.000104163 -2.54031e-08      8.33671 
         750      120.118  0.000105629  2.64324e-08      8.33671 
         750      120.455  0.000106661  7.31151e-08      8.33671 
         750      120.791   0.00010733  1.14407e-07      8.33671 
         750      121.128  0.000107703  1.50282e-07      8.33671 
         750      121.466  0.000107836  1.80657e-07      8.33672 
         750      121.804  0.000107783  2.05618e-07      8.33672 
         750      122.143  0.000107589  2.25219e-07      8.33673 
         750      122.482  0.000107295  2.39635e-07      8.33674 
         750      122.821  0.000106934  2.49042e-07      8.33675 
         750      123.161  0.000106538  2.53673e-07      8.33676 
         750      123.502  0.000106132  2.53808e-07      8.33677 
         750      123.843  0.000105736  2.49754e-07      8.33677 
         750      124.184  0.000105367   2.4184e-07      8.33678 
         750      124.526   0.00010504  2.30437e-07      8.33679 
         750      124.868  0.000104762  2.15909e-07       8.3368 
         750      125.211  0.000104542  1.98659e-07       8.3368 
         750      125.554  0.000104384  1.79112e-07      8.33681 
         750      125.898  0.000104289  1.57655e-07      8.33681 
         750      126.242  0.000104256  1.34742e-07      8.33681 
         750      126.587  0.000104283  1.10759e-07      8.33681 
         750      126.932  0.000104366  8.61607e-08      8.33681 
         750      127.278  0.000104498  6.13216e-08      8.33681 
         750      127.624  0.000104675  3.66631e-08      8.33681 
         750      127.971  0.000104886  1.25938e-08       8.3368 
         750      128.318  0.000105126 -1.05515e-08       8.3368 
         750      128.665  0.000105383  -3.2382e-08      8.33679 
         750      129.013  0.000105651 -5.26002e-08      8.33678 
         750      129.361  0.000105919 -7.08659e-08      8.33678 
         750       129.71  0.000106178 -8.69271e-08      8.33677 
         750       130.06   0.00010642 -1.00506e-07      8.33676 
         750       130.41  0.000106638 -1.11403e-07      8.33675 
         750       130.76  0.000106822 -1.19419e-07      8.33674 
         750      131.111  0.000106967 -1.24397e-07      8.33673 
         750      131.462  0.000107066 -1.26227e-07      8.33671 
         750      131.814  0.000107115 -1.24829e-07       8.3367 
         750      132.166   0.00010711 -1.20158e-07      8.33669 
         750      132.519  0.000107048 -1.12222e-07      8.33668 
         750      132.872  0.000106928 -1.01046e-07      8.33667 
         750      133.226  0.000106749 -8.67172e-08      8.33666 
         750       133.58  0.000106514 -6.93704e-08      8.33666 
         750      133.934  0.000106224 -4.91406e-08      8.33665 
         750      134.289  0.000105883 -2.62628e-08      8.33664 
         750      134.645  0.000105497 -9.43864e-10      8.33664 
         750          135  0.000105072  2.64934e-08      8.33664 
         750      135.357  0.000104616  5.57712e-08      8.33664 
         750      135.714  0.000104138  8.64847e-08      8.33664 
         750      136.071  0.000103647  1.18289e-07      8.33664 
         750      136.429  0.000103154   1.5073e-07      8.33665 
         750      136.787  0.000102673  1.83324e-07      8.33666 
         750      137.146  0.000102213  2.15632e-07      8.33667 
         750      137.505   0.00010179  2.47089e-07      8.33669 
         750      137.865  0.000101415  2.77205e-07      8.33671 
         750      138.225  0.000101103  3.05373e-07      8.33673 
         750      138.586  0.000100866  3.31064e-07      8.33675 
         750      138.947  0.000100717  3.53665e-07      8.33678 
         750      139.309  0.000100668  3.72567e-07      8.33681 
         750      139.671   0.00010073  3.87202e-07      8.33685 
         750      140.033  0.000100913   3.9695e-07      8.33688 
         750      140.397  0.000101224  4.01238e-07      8.33693 
         750       140.76   0.00010167  3.99482e-07      8.33697 
         750      141.124  0.000102253  3.91124e-07      8.33702 
         750      141.488  0.000102974  3.75632e-07      8.33707 
         750      141.853  0.000103829   3.5253e-07      8.33713 
         750      142.219  0.000104811  3.21325e-07      8.33719 
         750      142.584  0.000105908  2.81659e-07      8.33725 
         750      142.951  0.000107104  2.33119e-07      8.33732 
         750      143.317  0.000108374  1.75496e-07      8.33739 
         750      143.685  0.000109693  1.08488e-07      8.33746 
         750      144.052  0.000111022   3.2076e-08      8.33753 
         750      144.421  0.000112319  -5.3893e-08      8.33761 
         750      144.789  0.000113532 -1.49289e-07      8.33769 
         750      145.158  0.000114598 -2.53833e-07      8.33776 
         750      145.528  0.000115449 -3.67375e-07      8.33784 
         750      145.898  0.000116001 -4.89278e-07      8.33792 
         750      146.269  0.000116516 -5.33358e-07      8.33798 
         750       146.64  0.000116688 -4.79786e-07        8.338 
         750      147.011  0.000115689 -4.25912e-07      8.33801 
         750      147.383  0.000113103 -3.71497e-07      8.33801 
         750      147.755  0.000108449 -3.16538e-07      8.33799 
         750      148.128  0.000101164 -2.61127e-07      8.33796 
         750      148.502  9.06246e-05 -2.05759e-07      8.33792 
         750      148.876  7.60947e-05 -1.50977e-07      8.33786 
         750       149.25  5.67859e-05 -9.77164e-08      8.33778 
         750      149.625   3.1756e-05 -4.69528e-08      8.33769 
         750          150           -0           -0      8.33758 
