Variables = x, y, u, v, p

Zone, I=800, F=POINT
         900            0           -0           -0     0.290331 
         900     0.000234 -7.92353e-06  6.59017e-12     0.290331 
         900     0.000939  -2.9996e-05  1.13289e-10     0.290331 
         900     0.002113 -6.12237e-05  5.81126e-10     0.290331 
         900     0.003759 -9.49028e-05  1.85024e-09     0.290331 
         900     0.005872 -0.000124115  4.53475e-09     0.290331 
         900     0.008457 -0.000143881  9.44371e-09     0.290331 
         900      0.01151 -0.000152214  1.75623e-08     0.290331 
         900     0.015036 -0.000150702  3.00924e-08     0.290331 
         900     0.019031 -0.000143766  4.84081e-08     0.290331 
         900     0.023493 -0.000136967  7.40792e-08     0.290331 
         900     0.028429  -0.00013472  1.08933e-07     0.290331 
         900     0.033831 -0.000138333  1.54895e-07     0.290331 
         900     0.039706 -0.000145267  2.14195e-07     0.290331 
         900     0.046047 -0.000150513  2.89107e-07     0.290331 
         900     0.052863 -0.000150271  3.82253e-07     0.290331 
         900      0.06015  -0.00014645  4.96245e-07     0.290331 
         900       0.0679 -0.000148002  6.33704e-07     0.290331 
         900     0.076126 -0.000160594  7.97696e-07     0.290331 
         900     0.084816 -0.000159041  9.90864e-07     0.290331 
         900     0.093982 -0.000166742  1.21636e-06     0.290331 
         900     0.103611 -0.000173837   1.4767e-06     0.290331 
         900     0.113718 -0.000181095  1.77502e-06     0.290331 
         900     0.124286 -0.000189038   2.1134e-06     0.290331 
         900     0.135333 -0.000197968  2.49481e-06     0.290331 
         900      0.14685 -0.000207936  2.92111e-06     0.290331 
         900     0.158827 -0.000218812  3.39373e-06     0.290331 
         900     0.171284 -0.000230409  3.91495e-06     0.290331 
         900     0.184201 -0.000242526  4.48503e-06     0.290331 
         900     0.197599 -0.000255114  5.10559e-06     0.290331 
         900     0.211455 -0.000268223  5.77579e-06     0.290331 
         900     0.225792 -0.000281969  6.49653e-06     0.290331 
         900       0.2406 -0.000296099  7.26666e-06     0.290331 
         900     0.255865 -0.000309947  8.08429e-06     0.290331 
         900     0.271613 -0.000324152  8.94913e-06     0.290331 
         900     0.287818  -0.00033823  9.85773e-06     0.290331 
         900     0.304506 -0.000352091  1.08091e-05     0.290331 
         900      0.32165 -0.000365602   1.1799e-05     0.290331 
         900     0.339278 -0.000378671   1.2826e-05     0.290331 
         900     0.357377  -0.00039118  1.38858e-05     0.290331 
         900      0.37593 -0.000403013   1.4974e-05     0.290331 
         900     0.394968 -0.000414091  1.60886e-05     0.290331 
         900     0.414461 -0.000424312   1.7224e-05     0.290331 
         900      0.43444 -0.000433613  1.83782e-05     0.290331 
         900     0.454872 -0.000441917  1.95456e-05     0.290331 
         900     0.475791  -0.00044919  2.07245e-05     0.290331 
         900     0.497163 -0.000455387  2.19093e-05     0.290331 
         900     0.519021 -0.000460498  2.30986e-05     0.290331 
         900      0.54135 -0.000464514  2.42884e-05     0.290331 
         900     0.564131 -0.000467437  2.54747e-05     0.290331 
         900       0.5874 -0.000469279  2.66562e-05     0.290331 
         900     0.611121 -0.000470046   2.7828e-05     0.290331 
         900      0.63533 -0.000469796  2.89896e-05     0.290331 
         900      0.65999 -0.000468582  3.01379e-05     0.290331 
         900     0.685139 -0.000466448  3.12725e-05     0.290331 
         900     0.710759  -0.00046345  3.23908e-05     0.290332 
         900     0.736828 -0.000459654  3.34897e-05     0.290332 
         900     0.763387 -0.000455124   3.4569e-05     0.290332 
         900     0.790396 -0.000449946  3.56252e-05     0.290332 
         900     0.817896 -0.000444197  3.66578e-05     0.290332 
         900     0.845843 -0.000437977  3.76631e-05     0.290332 
         900     0.874283 -0.000431371  3.86405e-05     0.290332 
         900      0.90317 -0.000424491  3.95861e-05     0.290332 
         900     0.932551 -0.000417427  4.04993e-05     0.290332 
         900     0.962401 -0.000410289  4.13765e-05     0.290332 
         900     0.992697 -0.000403188  4.22146e-05     0.290332 
         900      1.02349 -0.000396214  4.30121e-05     0.290332 
         900      1.05472 -0.000389476  4.37649e-05     0.290332 
         900      1.08645 -0.000383058  4.44713e-05     0.290332 
         900      1.11863 -0.000377056  4.51271e-05     0.290332 
         900       1.1513 -0.000371539  4.57304e-05     0.290332 
         900      1.18444 -0.000366577  4.62779e-05     0.290332 
         900      1.21802 -0.000362226  4.67666e-05     0.290332 
         900      1.25211 -0.000358517  4.71953e-05     0.290332 
         900      1.28663 -0.000355478  4.75615e-05     0.290332 
         900      1.32165 -0.000353105  4.78654e-05     0.290332 
         900      1.35712 -0.000351383   4.8107e-05     0.290332 
         900      1.39308 -0.000350269  4.82888e-05     0.290332 
         900      1.42951   -0.0003497  4.84149e-05     0.290332 
         900      1.46638 -0.000349589   4.8492e-05     0.290333 
         900      1.50375 -0.000349824  4.85302e-05     0.290333 
         900      1.54156 -0.000350772  4.84965e-05     0.290333 
         900      1.57987 -0.000351617  4.84248e-05     0.290333 
         900      1.61863 -0.000352272  4.83206e-05     0.290333 
         900      1.65788 -0.000352705  4.81858e-05     0.290333 
         900      1.69757 -0.000352887  4.80229e-05     0.290333 
         900      1.73776 -0.000352794  4.78336e-05     0.290333 
         900      1.77842 -0.000352405  4.76201e-05     0.290333 
         900      1.81952 -0.000351706  4.73845e-05     0.290333 
         900      1.86113 -0.000350685   4.7128e-05     0.290333 
         900      1.90316 -0.000349339  4.68529e-05     0.290333 
         900      1.94571 -0.000347662    4.656e-05     0.290333 
         900      1.98869 -0.000345659  4.62513e-05     0.290333 
         900      2.03217 -0.000343333  4.59273e-05     0.290334 
         900      2.07612 -0.000340696  4.55895e-05     0.290334 
         900      2.12051 -0.000337761  4.52389e-05     0.290334 
         900       2.1654  -0.00033454  4.48757e-05     0.290334 
         900      2.21073 -0.000331057   4.4501e-05     0.290334 
         900      2.25656 -0.000327325  4.41145e-05     0.290334 
         900      2.30283 -0.000323372  4.37171e-05     0.290334 
         900       2.3496 -0.000319214  4.33082e-05     0.290334 
         900      2.39685 -0.000314877   4.2888e-05     0.290334 
         900      2.44452 -0.000310389  4.24565e-05     0.290334 
         900      2.49271 -0.000305763  4.20129e-05     0.290335 
         900      2.54132  -0.00030103  4.15572e-05     0.290335 
         900      2.59044 -0.000296201  4.10883e-05     0.290335 
         900         2.64 -0.000291301  4.06061e-05     0.290335 
         900      2.69006 -0.000286339  4.01094e-05     0.290335 
         900      2.74056 -0.000281334  3.95981e-05     0.290335 
         900      2.79156 -0.000276289  3.90709e-05     0.290335 
         900      2.84304 -0.000271214  3.85274e-05     0.290335 
         900      2.89494 -0.000266115  3.79677e-05     0.290336 
         900      2.94735 -0.000260984  3.73904e-05     0.290336 
         900       3.0002 -0.000255827  3.67963e-05     0.290336 
         900      3.05355  -0.00025063  3.61846e-05     0.290336 
         900      3.10733 -0.000245395  3.55563e-05     0.290336 
         900      3.16163 -0.000240105  3.49114e-05     0.290336 
         900      3.21639 -0.000234758  3.42512e-05     0.290336 
         900      3.27158 -0.000229353   3.3578e-05     0.290337 
         900      3.32729 -0.000223881  3.28928e-05     0.290337 
         900      3.38342 -0.000218357  3.21994e-05     0.290337 
         900      3.44007 -0.000212788  3.15001e-05     0.290337 
         900      3.49714 -0.000207212  3.08003e-05     0.290337 
         900      3.55472 -0.000201665  3.01039e-05     0.290338 
         900      3.61273 -0.000196224  2.94182e-05     0.290338 
         900      3.67125 -0.000190974  2.87493e-05     0.290338 
         900      3.73025 -0.000186047  2.81059e-05     0.290338 
         900      3.78967 -0.000181053  2.73922e-05     0.290339 
         900      3.84961 -0.000175909   2.6629e-05     0.290339 
         900      3.90996 -0.000170834  2.58645e-05     0.290339 
         900      3.97084 -0.000165839  2.50988e-05     0.290339 
         900      4.03214 -0.000160951  2.43338e-05      0.29034 
         900      4.09395 -0.000156179  2.35691e-05      0.29034 
         900      4.15624 -0.000151544  2.28059e-05      0.29034 
         900      4.21895 -0.000147062  2.20452e-05      0.29034 
         900      4.28217 -0.000142739   2.1286e-05     0.290341 
         900      4.34582 -0.000138594  2.05296e-05     0.290341 
         900      4.40998  -0.00013463  1.97747e-05     0.290341 
         900      4.47457 -0.000130861  1.90224e-05     0.290342 
         900      4.53968 -0.000127288  1.82712e-05     0.290342 
         900      4.60525 -0.000123921  1.75212e-05     0.290342 
         900      4.67125 -0.000120764  1.67728e-05     0.290343 
         900      4.73777 -0.000117816  1.60241e-05     0.290343 
         900       4.8047 -0.000115082  1.52757e-05     0.290343 
         900      4.87216 -0.000112559  1.45259e-05     0.290344 
         900      4.94003 -0.000110248  1.37752e-05     0.290344 
         900      5.00843 -0.000108144  1.30219e-05     0.290344 
         900      5.07724 -0.000106247  1.22665e-05     0.290345 
         900      5.14658 -0.000104547  1.15073e-05     0.290345 
         900      5.21639 -0.000103043  1.07445e-05     0.290346 
         900      5.28661 -0.000101727  9.97807e-06     0.290346 
         900      5.35736  -0.00010059  9.20662e-06     0.290347 
         900      5.42852  -9.9627e-05  8.43109e-06     0.290347 
         900      5.50021 -9.88267e-05  7.65014e-06     0.290347 
         900      5.57231 -9.81747e-05  6.89298e-06     0.290348 
         900      5.64493 -9.76451e-05  6.21782e-06     0.290348 
         900      5.71803 -9.72487e-05  5.54123e-06     0.290349 
         900      5.79154 -9.69752e-05  4.86489e-06     0.290349 
         900      5.86558 -9.68133e-05  4.18895e-06      0.29035 
         900      5.94003 -9.67521e-05  3.51571e-06      0.29035 
         900      6.01501   -9.678e-05  2.84538e-06     0.290351 
         900       6.0904 -9.68854e-05  2.18031e-06     0.290351 
         900      6.16632  -9.7057e-05  1.52068e-06     0.290352 
         900      6.24271 -9.72834e-05  8.68269e-07     0.290352 
         900       6.3195 -9.75532e-05  2.24805e-07     0.290353 
         900      6.39683 -9.78561e-05 -4.09628e-07     0.290354 
         900      6.47457 -9.81815e-05 -1.03293e-06     0.290354 
         900      6.55284 -9.85203e-05 -1.64515e-06     0.290355 
         900      6.63152 -9.88631e-05 -2.24444e-06     0.290355 
         900      6.71073 -9.92027e-05 -2.83103e-06     0.290356 
         900      6.79034 -9.95317e-05  -3.4034e-06     0.290357 
         900      6.87049 -9.98447e-05 -3.96206e-06     0.290357 
         900      6.95111 -0.000100137  -4.5063e-06     0.290358 
         900      7.03214 -0.000100405 -5.03567e-06     0.290358 
         900       7.1137 -0.000100648 -5.55119e-06     0.290359 
         900      7.19566 -0.000100865 -6.05246e-06      0.29036 
         900      7.27816 -0.000101058 -6.54092e-06      0.29036 
         900      7.36106  -0.00010123 -7.01671e-06     0.290361 
         900      7.44451 -0.000101387  -7.4818e-06     0.290362 
         900      7.52842 -0.000101533 -7.93727e-06     0.290363 
         900      7.61273 -0.000101679 -8.38454e-06     0.290363 
         900      7.69758 -0.000101836 -8.82642e-06     0.290364 
         900      7.78283 -0.000102014 -9.26459e-06     0.290365 
         900      7.86862 -0.000102228 -9.70247e-06     0.290365 
         900      7.95481 -0.000102495 -1.01424e-05     0.290366 
         900      8.04155 -0.000102833 -1.05884e-05     0.290367 
         900      8.12868 -0.000103003 -1.09484e-05     0.290368 
         900      8.21635 -0.000103167 -1.12846e-05     0.290369 
         900      8.30449 -0.000103364 -1.16137e-05     0.290369 
         900      8.39303 -0.000103588 -1.19355e-05      0.29037 
         900      8.48211 -0.000103831 -1.22503e-05     0.290371 
         900      8.57159 -0.000104089 -1.25576e-05     0.290372 
         900      8.66161 -0.000104357 -1.28579e-05     0.290373 
         900      8.75203 -0.000104629 -1.31507e-05     0.290373 
         900      8.84299 -0.000104901 -1.34364e-05     0.290374 
         900      8.93443  -0.00010517 -1.37146e-05     0.290375 
         900      9.02626 -0.000105432  -1.3985e-05     0.290376 
         900      9.11863 -0.000105686 -1.42479e-05     0.290377 
         900      9.21139 -0.000105929 -1.45026e-05     0.290378 
         900      9.30471 -0.000106161 -1.47493e-05     0.290379 
         900      9.39841 -0.000106382 -1.49872e-05      0.29038 
         900      9.49267 -0.000106593 -1.52163e-05     0.290381 
         900      9.58739 -0.000106794 -1.54357e-05     0.290382 
         900      9.68251  -0.00010699 -1.56448e-05     0.290383 
         900      9.77817 -0.000107182 -1.58431e-05     0.290383 
         900      9.87422 -0.000107384 -1.60151e-05     0.290384 
         900      9.97083 -0.000107592 -1.61621e-05     0.290385 
         900      10.0678 -0.000107794 -1.63096e-05     0.290386 
         900      10.1654 -0.000107991 -1.64553e-05     0.290387 
         900      10.2633 -0.000108188 -1.65966e-05     0.290388 
         900      10.3618 -0.000108386  -1.6732e-05      0.29039 
         900      10.4607 -0.000108587 -1.68599e-05     0.290391 
         900      10.5601 -0.000108795 -1.69794e-05     0.290392 
         900        10.66  -0.00010901 -1.70898e-05     0.290393 
         900      10.7603 -0.000109234 -1.71908e-05     0.290394 
         900      10.8611 -0.000109467 -1.72825e-05     0.290395 
         900      10.9623 -0.000109711  -1.7365e-05     0.290396 
         900      11.0641 -0.000109966 -1.74389e-05     0.290397 
         900      11.1663 -0.000110232 -1.75048e-05     0.290398 
         900       11.269 -0.000110507 -1.75634e-05     0.290399 
         900      11.3721 -0.000110793 -1.76159e-05     0.290401 
         900      11.4757 -0.000111086 -1.76631e-05     0.290402 
         900      11.5798 -0.000111387 -1.77062e-05     0.290403 
         900      11.6844 -0.000111693 -1.77461e-05     0.290404 
         900      11.7894 -0.000112003 -1.77837e-05     0.290405 
         900       11.895 -0.000112315   -1.782e-05     0.290406 
         900      12.0009 -0.000112626 -1.78555e-05     0.290408 
         900      12.1073 -0.000112935 -1.78908e-05     0.290409 
         900      12.2142 -0.000113239 -1.79261e-05      0.29041 
         900      12.3216 -0.000113537 -1.79612e-05     0.290411 
         900      12.4294 -0.000113828 -1.79956e-05     0.290413 
         900      12.5378 -0.000114109 -1.80284e-05     0.290414 
         900      12.6465 -0.000114381 -1.80582e-05     0.290415 
         900      12.7558 -0.000114643 -1.80832e-05     0.290417 
         900      12.8656 -0.000114896 -1.81006e-05     0.290418 
         900      12.9757 -0.000115141 -1.81073e-05     0.290419 
         900      13.0864 -0.000115383 -1.80995e-05     0.290421 
         900      13.1975 -0.000115625 -1.80723e-05     0.290422 
         900      13.3092 -0.000115873 -1.80203e-05     0.290423 
         900      13.4212 -0.000116135  -1.7937e-05     0.290425 
         900      13.5338 -0.000116422 -1.78149e-05     0.290426 
         900      13.6468 -0.000116745 -1.76458e-05     0.290428 
         900      13.7603  -0.00011709 -1.76753e-05     0.290429 
         900      13.8743 -0.000117404 -1.77041e-05     0.290431 
         900      13.9886 -0.000117693 -1.77042e-05     0.290432 
         900      14.1036 -0.000117966 -1.76801e-05     0.290433 
         900      14.2189 -0.000118227  -1.7636e-05     0.290435 
         900      14.3348 -0.000118482 -1.75755e-05     0.290436 
         900       14.451 -0.000118735 -1.75019e-05     0.290438 
         900      14.5678  -0.00011899 -1.74179e-05      0.29044 
         900      14.6851 -0.000119249  -1.7326e-05     0.290441 
         900      14.8028 -0.000119514 -1.72282e-05     0.290443 
         900       14.921 -0.000119787  -1.7126e-05     0.290444 
         900      15.0396 -0.000120067 -1.70211e-05     0.290446 
         900      15.1588 -0.000120355 -1.69143e-05     0.290447 
         900      15.2783 -0.000120651 -1.68067e-05     0.290449 
         900      15.3984 -0.000120954 -1.66988e-05     0.290451 
         900       15.519 -0.000121263 -1.65912e-05     0.290452 
         900        15.64 -0.000121577 -1.64842e-05     0.290454 
         900      15.7615 -0.000121894 -1.63777e-05     0.290456 
         900      15.8834 -0.000122212 -1.62722e-05     0.290457 
         900      16.0058 -0.000122531 -1.61672e-05     0.290459 
         900      16.1286 -0.000122848 -1.60629e-05     0.290461 
         900       16.252 -0.000123162 -1.59589e-05     0.290463 
         900      16.3759 -0.000123471 -1.58552e-05     0.290464 
         900      16.5002 -0.000123773 -1.57516e-05     0.290466 
         900       16.625 -0.000124069 -1.56476e-05     0.290468 
         900      16.7501 -0.000124356 -1.55433e-05      0.29047 
         900      16.8759 -0.000124634 -1.54382e-05     0.290472 
         900       17.002 -0.000124902 -1.53322e-05     0.290473 
         900      17.1287 -0.000125161 -1.52249e-05     0.290475 
         900      17.2557  -0.00012541 -1.51163e-05     0.290477 
         900      17.3834 -0.000125651 -1.50059e-05     0.290479 
         900      17.5115 -0.000125884 -1.48935e-05     0.290481 
         900      17.6399  -0.00012611 -1.47787e-05     0.290483 
         900       17.769 -0.000126332 -1.46611e-05     0.290485 
         900      17.8984  -0.00012655 -1.45401e-05     0.290487 
         900      18.0284 -0.000126768 -1.44148e-05     0.290489 
         900      18.1587 -0.000126987 -1.42845e-05     0.290491 
         900      18.2896  -0.00012721 -1.41477e-05     0.290493 
         900       18.421  -0.00012744  -1.4003e-05     0.290495 
         900      18.5528 -0.000127679 -1.38486e-05     0.290497 
         900      18.6851  -0.00012793 -1.36818e-05     0.290499 
         900      18.8178 -0.000128195 -1.34999e-05     0.290501 
         900      18.9511 -0.000128477 -1.32989e-05     0.290503 
         900      19.0847 -0.000128778 -1.30748e-05     0.290505 
         900      19.2189 -0.000129097  -1.2822e-05     0.290507 
         900      19.3535 -0.000129436 -1.25344e-05      0.29051 
         900      19.4886 -0.000129794 -1.22043e-05     0.290512 
         900      19.6242 -0.000130029 -1.19726e-05     0.290514 
         900      19.7602 -0.000130147 -1.19224e-05     0.290516 
         900      19.8968 -0.000130279  -1.1967e-05     0.290518 
         900      20.0337 -0.000130437 -1.21236e-05     0.290521 
         900      20.1712 -0.000130638 -1.24116e-05     0.290523 
         900      20.3091 -0.000130661 -1.20507e-05     0.290525 
         900      20.4475 -0.000130697 -1.17099e-05     0.290528 
         900      20.5864 -0.000130762 -1.14453e-05      0.29053 
         900      20.7257 -0.000130855 -1.12481e-05     0.290532 
         900      20.8655 -0.000131011 -1.11347e-05     0.290535 
         900      21.0058 -0.000131306 -1.11054e-05     0.290537 
         900      21.1465 -0.000131612  -1.1049e-05     0.290539 
         900      21.2877 -0.000131923 -1.09696e-05     0.290542 
         900      21.4294 -0.000132232 -1.08711e-05     0.290544 
         900      21.5716 -0.000132536 -1.07571e-05     0.290547 
         900      21.7142 -0.000132831 -1.06309e-05     0.290549 
         900      21.8573 -0.000133115 -1.04951e-05     0.290552 
         900      22.0008 -0.000133385 -1.03527e-05     0.290554 
         900      22.1449 -0.000133641 -1.02055e-05     0.290557 
         900      22.2893  -0.00013388 -1.00559e-05      0.29056 
         900      22.4344 -0.000134105 -9.90524e-06     0.290562 
         900      22.5797 -0.000134314 -9.75523e-06     0.290565 
         900      22.7257 -0.000134508 -9.60677e-06     0.290567 
         900      22.8721 -0.000134689  -9.4609e-06      0.29057 
         900      23.0189 -0.000134857 -9.31838e-06     0.290573 
         900      23.1663 -0.000135015 -9.17944e-06     0.290576 
         900       23.314 -0.000135163 -9.04455e-06     0.290578 
         900      23.4623 -0.000135304 -8.91354e-06     0.290581 
         900       23.611  -0.00013544  -8.7865e-06     0.290584 
         900      23.7602 -0.000135571 -8.66295e-06     0.290587 
         900        23.91   -0.0001357 -8.54258e-06      0.29059 
         900        24.06 -0.000135828 -8.42494e-06     0.290593 
         900      24.2107 -0.000135957 -8.30922e-06     0.290595 
         900      24.3617 -0.000136088 -8.19488e-06     0.290598 
         900      24.5133 -0.000136221 -8.08099e-06     0.290601 
         900      24.6653 -0.000136357 -7.96691e-06     0.290604 
         900      24.8178 -0.000136498 -7.85165e-06     0.290607 
         900      24.9708 -0.000136642 -7.73451e-06      0.29061 
         900      25.1242  -0.00013679 -7.61482e-06     0.290613 
         900      25.2781 -0.000136942 -7.49169e-06     0.290616 
         900      25.4324 -0.000137097 -7.36472e-06      0.29062 
         900      25.5873 -0.000137253 -7.23321e-06     0.290623 
         900      25.7426  -0.00013741 -7.09704e-06     0.290626 
         900      25.8984 -0.000137567 -6.95583e-06     0.290629 
         900      26.0546 -0.000137722 -6.80985e-06     0.290632 
         900      26.2114 -0.000137874 -6.65915e-06     0.290635 
         900      26.3686  -0.00013802 -6.50441e-06     0.290639 
         900      26.5262  -0.00013816 -6.34662e-06     0.290642 
         900      26.6844 -0.000138292 -6.18673e-06     0.290645 
         900      26.8429 -0.000138415 -6.02657e-06     0.290649 
         900       27.002 -0.000138529 -5.86787e-06     0.290652 
         900      27.1615 -0.000138633 -5.71332e-06     0.290655 
         900      27.3216 -0.000138728 -5.56559e-06     0.290659 
         900      27.4821 -0.000138815 -5.42828e-06     0.290662 
         900       27.643 -0.000138896 -5.30547e-06     0.290666 
         900      27.8044 -0.000138975 -5.20161e-06     0.290669 
         900      27.9663 -0.000139057 -5.12212e-06     0.290673 
         900      28.1287 -0.000139148 -5.07285e-06     0.290677 
         900      28.2914 -0.000139257 -5.06056e-06      0.29068 
         900      28.4548 -0.000139394 -5.09272e-06     0.290684 
         900      28.6185 -0.000139583 -4.95657e-06     0.290687 
         900      28.7828 -0.000139768 -4.72893e-06     0.290691 
         900      28.9475 -0.000139931 -4.53625e-06     0.290695 
         900      29.1126 -0.000140076 -4.37341e-06     0.290699 
         900      29.2784 -0.000140208 -4.23541e-06     0.290702 
         900      29.4444 -0.000140328 -4.11811e-06     0.290706 
         900       29.611 -0.000140439 -4.01744e-06      0.29071 
         900       29.778 -0.000140544 -3.93003e-06     0.290714 
         900      29.9456 -0.000140644 -3.85264e-06     0.290718 
         900      30.1137 -0.000140741 -3.78258e-06     0.290722 
         900      30.2821 -0.000140835 -3.71752e-06     0.290726 
         900      30.4511 -0.000140928 -3.65529e-06      0.29073 
         900      30.6204 -0.000141019 -3.59426e-06     0.290734 
         900      30.7903  -0.00014111  -3.5329e-06     0.290738 
         900      30.9606 -0.000141201 -3.47015e-06     0.290742 
         900      31.1315  -0.00014129 -3.40504e-06     0.290746 
         900      31.3028  -0.00014138 -3.33697e-06      0.29075 
         900      31.4745 -0.000141468  -3.2656e-06     0.290755 
         900      31.6468 -0.000141555 -3.19062e-06     0.290759 
         900      31.8194  -0.00014164 -3.11212e-06     0.290763 
         900      31.9926 -0.000141723 -3.03016e-06     0.290767 
         900      32.1662 -0.000141804 -2.94517e-06     0.290772 
         900      32.3404 -0.000141882 -2.85746e-06     0.290776 
         900      32.5149 -0.000141958 -2.76773e-06     0.290781 
         900        32.69 -0.000142029 -2.67649e-06     0.290785 
         900      32.8655 -0.000142098 -2.58453e-06      0.29079 
         900      33.0414 -0.000142162 -2.49269e-06     0.290794 
         900       33.218 -0.000142223 -2.40165e-06     0.290799 
         900      33.3948  -0.00014228 -2.31236e-06     0.290803 
         900      33.5723 -0.000142333 -2.22551e-06     0.290808 
         900        33.75 -0.000142383 -2.14203e-06     0.290813 
         900      33.9284  -0.00014243 -2.06253e-06     0.290817 
         900      34.1073 -0.000142474 -1.98778e-06     0.290822 
         900      34.2865 -0.000142515 -1.91844e-06     0.290827 
         900      34.4663 -0.000142556 -1.85491e-06     0.290832 
         900      34.6465 -0.000142594  -1.7977e-06     0.290837 
         900      34.8272 -0.000142633 -1.74696e-06     0.290842 
         900      35.0083 -0.000142671 -1.70292e-06     0.290847 
         900        35.19 -0.000142711 -1.66544e-06     0.290852 
         900      35.3721 -0.000142751 -1.63433e-06     0.290857 
         900      35.5546 -0.000142793  -1.6092e-06     0.290862 
         900      35.7377 -0.000142837 -1.58936e-06     0.290867 
         900      35.9211 -0.000142883   -1.574e-06     0.290872 
         900      36.1052  -0.00014293   -1.562e-06     0.290877 
         900      36.2895 -0.000142979 -1.55203e-06     0.290882 
         900      36.4745 -0.000143028 -1.54249e-06     0.290887 
         900      36.6598 -0.000143076 -1.53154e-06     0.290893 
         900      36.8457 -0.000143149 -1.41268e-06     0.290898 
         900      37.0321 -0.000143219 -1.26995e-06     0.290904 
         900      37.2188  -0.00014328 -1.12916e-06     0.290909 
         900      37.4062  -0.00014333 -9.97578e-07     0.290914 
         900      37.5938 -0.000143371 -8.83808e-07      0.29092 
         900      37.7821 -0.000143401 -7.96946e-07     0.290926 
         900      37.9707 -0.000143421 -7.47309e-07     0.290931 
         900      38.1599  -0.00014343 -7.45926e-07     0.290937 
         900      38.3496 -0.000143427 -8.04894e-07     0.290943 
         900      38.5396 -0.000143417 -7.94011e-07     0.290948 
         900      38.7302 -0.000143434  -6.5954e-07     0.290954 
         900      38.9211 -0.000143475 -5.44229e-07      0.29096 
         900      39.1127 -0.000143535 -4.47544e-07     0.290966 
         900      39.3046 -0.000143606 -3.69177e-07     0.290972 
         900      39.4971 -0.000143684 -3.08446e-07     0.290978 
         900      39.6899 -0.000143764 -2.64819e-07     0.290984 
         900      39.8833 -0.000143842 -2.37548e-07      0.29099 
         900      40.0772 -0.000143915 -2.25964e-07     0.290996 
         900      40.2714 -0.000143981 -2.29338e-07     0.291002 
         900      40.4663 -0.000144026 -2.23734e-07     0.291008 
         900      40.6615 -0.000144039 -1.85835e-07     0.291014 
         900      40.8573  -0.00014404 -1.49329e-07     0.291021 
         900      41.0534 -0.000144034 -1.13476e-07     0.291027 
         900      41.2501 -0.000144023 -7.76196e-08     0.291033 
         900      41.4473 -0.000144008 -4.13689e-08      0.29104 
         900      41.6448 -0.000143993 -4.49345e-09     0.291046 
         900      41.8429 -0.000143979  3.31853e-08     0.291053 
         900      42.0414 -0.000143968  7.16058e-08     0.291059 
         900      42.2405 -0.000143962  1.10724e-07     0.291066 
         900      42.4399 -0.000143962  1.50288e-07     0.291073 
         900      42.6399 -0.000143968  1.90102e-07     0.291079 
         900      42.8404 -0.000143981  2.29827e-07     0.291086 
         900      43.0412 -0.000144002  2.69087e-07     0.291093 
         900      43.2426  -0.00014403  3.07581e-07       0.2911 
         900      43.4444 -0.000144066  3.44881e-07     0.291107 
         900      43.6467 -0.000144108  3.80687e-07     0.291114 
         900      43.8494 -0.000144156  4.14606e-07     0.291121 
         900      44.0527 -0.000144209  4.46388e-07     0.291128 
         900      44.2563 -0.000144266  4.75727e-07     0.291135 
         900      44.4606 -0.000144325  5.02466e-07     0.291142 
         900      44.6653 -0.000144385  5.26443e-07     0.291149 
         900      44.8704 -0.000144444  5.47576e-07     0.291157 
         900       45.076 -0.000144501   5.6591e-07     0.291164 
         900       45.282 -0.000144553  5.81513e-07     0.291171 
         900      45.4886   -0.0001446  5.94592e-07     0.291179 
         900      45.6955 -0.000144639  6.05399e-07     0.291186 
         900       45.903 -0.000144669  6.14314e-07     0.291194 
         900      46.1111 -0.000144689  6.21783e-07     0.291202 
         900      46.3194 -0.000144698  6.28339e-07     0.291209 
         900      46.5283 -0.000144695  6.34619e-07     0.291217 
         900      46.7376  -0.00014468  6.41312e-07     0.291225 
         900      46.9475 -0.000144653  6.49199e-07     0.291233 
         900      47.1577 -0.000144617  6.59097e-07      0.29124 
         900      47.3685 -0.000144571  6.71898e-07     0.291248 
         900      47.5798  -0.00014452  6.88505e-07     0.291256 
         900      47.7914 -0.000144466  7.09829e-07     0.291264 
         900      48.0037 -0.000144415  7.36827e-07     0.291273 
         900      48.2162 -0.000144372  7.70357e-07     0.291281 
         900      48.4294 -0.000144345  8.11328e-07     0.291289 
         900      48.6429 -0.000144343  8.60457e-07     0.291297 
         900       48.857 -0.000144376    9.185e-07     0.291306 
         900      49.0714 -0.000144457  9.85911e-07     0.291314 
         900      49.2865 -0.000144602  1.06317e-06     0.291323 
         900       49.502 -0.000144825  1.15041e-06     0.291331 
         900      49.7179 -0.000144721  1.09319e-06      0.29134 
         900      49.9343 -0.000144649   1.0422e-06     0.291348 
         900      50.1511 -0.000144607  9.99965e-07     0.291357 
         900      50.3685 -0.000144587  9.66716e-07     0.291366 
         900      50.5862 -0.000144586  9.42514e-07     0.291375 
         900      50.8046 -0.000144596  9.27077e-07     0.291384 
         900      51.0234 -0.000144615  9.19969e-07     0.291393 
         900      51.2425 -0.000144638  9.20541e-07     0.291402 
         900      51.4623 -0.000144662  9.27998e-07     0.291411 
         900      51.6824 -0.000144686  9.41413e-07      0.29142 
         900      51.9031 -0.000144708    9.598e-07     0.291429 
         900      52.1241 -0.000144725  9.82066e-07     0.291438 
         900      52.3457 -0.000144738  1.00714e-06     0.291448 
         900      52.5676 -0.000144745  1.03389e-06     0.291457 
         900      52.7902 -0.000144746  1.06126e-06     0.291467 
         900      53.0133 -0.000144743  1.08819e-06     0.291476 
         900      53.2366 -0.000144734  1.11367e-06     0.291486 
         900      53.4606 -0.000144721  1.13685e-06     0.291495 
         900      53.6849 -0.000144705  1.15689e-06     0.291505 
         900      53.9099 -0.000144686  1.17317e-06     0.291515 
         900      54.1351 -0.000144665   1.1851e-06     0.291525 
         900       54.361 -0.000144645  1.19232e-06     0.291535 
         900      54.5873 -0.000144625  1.19457e-06     0.291545 
         900      54.8139 -0.000144608  1.19179e-06     0.291555 
         900      55.0412 -0.000144593  1.18407e-06     0.291565 
         900      55.2688 -0.000144583  1.17169e-06     0.291575 
         900       55.497 -0.000144577  1.15507e-06     0.291586 
         900      55.7255 -0.000144578  1.13484e-06     0.291596 
         900      55.9547 -0.000144584  1.11177e-06     0.291606 
         900      56.1844 -0.000144597  1.08679e-06     0.291617 
         900      56.4143 -0.000144617  1.06101e-06     0.291628 
         900      56.6449 -0.000144643  1.03559e-06     0.291638 
         900      56.8757 -0.000144675   1.0119e-06     0.291649 
         900      57.1072 -0.000144711  9.91313e-07      0.29166 
         900       57.339 -0.000144751  9.75334e-07     0.291671 
         900      57.5715 -0.000144794  9.65453e-07     0.291682 
         900      57.8042 -0.000144836  9.63201e-07     0.291693 
         900      58.0376 -0.000144876  9.70057e-07     0.291704 
         900      58.2715 -0.000144911  9.87433e-07     0.291715 
         900      58.5057  -0.00014492  1.03259e-06     0.291726 
         900      58.7405 -0.000144899  1.09963e-06     0.291738 
         900      58.9756 -0.000144882  1.15325e-06     0.291749 
         900      59.2113 -0.000144868  1.19247e-06      0.29176 
         900      59.4473 -0.000144853  1.21653e-06     0.291772 
         900       59.684 -0.000144835  1.22517e-06     0.291784 
         900      59.9212 -0.000144814  1.21857e-06     0.291795 
         900      60.1586 -0.000144786  1.19751e-06     0.291807 
         900      60.3967 -0.000144751   1.1634e-06     0.291819 
         900      60.6351 -0.000144708  1.11847e-06     0.291831 
         900      60.8741 -0.000144657  1.06574e-06     0.291843 
         900      61.1135 -0.000144598  1.00933e-06     0.291855 
         900      61.3534 -0.000144533  9.54341e-07     0.291867 
         900      61.5939 -0.000144464   9.0725e-07     0.291879 
         900      61.8346 -0.000144552  8.88351e-07     0.291892 
         900       62.076 -0.000144754  9.01874e-07     0.291904 
         900      62.3177 -0.000144898  9.29518e-07     0.291917 
         900        62.56 -0.000144991  9.65674e-07      0.29193 
         900      62.8026 -0.000145039  1.00533e-06     0.291942 
         900      63.0459 -0.000145049   1.0443e-06     0.291955 
         900      63.2894 -0.000145023  1.07893e-06     0.291968 
         900      63.5336 -0.000144967  1.10642e-06     0.291981 
         900      63.7783 -0.000144883  1.12453e-06     0.291994 
         900      64.0233 -0.000144773  1.13172e-06     0.292007 
         900      64.2689 -0.000144638  1.12716e-06      0.29202 
         900      64.5148  -0.00014448  1.11065e-06     0.292033 
         900      64.7613 -0.000144419  1.05617e-06     0.292047 
         900      65.0082 -0.000144403  1.00569e-06      0.29206 
         900      65.2557 -0.000144403  9.67074e-07     0.292074 
         900      65.5036 -0.000144418  9.38657e-07     0.292088 
         900      65.7519 -0.000144446  9.18953e-07     0.292101 
         900      66.0008 -0.000144484  9.06605e-07     0.292115 
         900        66.25 -0.000144532  9.00465e-07     0.292129 
         900      66.4998 -0.000144585  8.99496e-07     0.292143 
         900        66.75 -0.000144643  9.02806e-07     0.292157 
         900      67.0007 -0.000144702  9.09616e-07     0.292172 
         900      67.2518 -0.000144759  9.19234e-07     0.292186 
         900      67.5035 -0.000144813  9.31083e-07       0.2922 
         900      67.7557 -0.000144861  9.44639e-07     0.292215 
         900      68.0082 -0.000144902  9.59438e-07     0.292229 
         900      68.2614 -0.000144934   9.7511e-07     0.292244 
         900      68.5148 -0.000144956  9.91279e-07     0.292259 
         900      68.7688 -0.000144967  1.00766e-06     0.292273 
         900      69.0232 -0.000144966  1.02395e-06     0.292288 
         900      69.2782 -0.000144955  1.03993e-06     0.292303 
         900      69.5337 -0.000144934  1.05533e-06     0.292318 
         900      69.7895 -0.000144902  1.06994e-06     0.292334 
         900      70.0459 -0.000144863  1.08357e-06     0.292349 
         900      70.3026 -0.000144817    1.096e-06     0.292364 
         900        70.56 -0.000144766  1.10709e-06      0.29238 
         900      70.8176 -0.000144713  1.11663e-06     0.292395 
         900      71.0759  -0.00014466  1.12451e-06     0.292411 
         900      71.3347  -0.00014461  1.13057e-06     0.292427 
         900      71.5938 -0.000144564   1.1347e-06     0.292443 
         900      71.8535 -0.000144526  1.13685e-06     0.292459 
         900      72.1135 -0.000144497  1.13698e-06     0.292475 
         900      72.3741  -0.00014448  1.13511e-06     0.292491 
         900       72.635 -0.000144475  1.13133e-06     0.292508 
         900      72.8967 -0.000144483  1.12579e-06     0.292524 
         900      73.1585 -0.000144503  1.11877e-06     0.292541 
         900      73.4211 -0.000144535  1.11062e-06     0.292557 
         900      73.6841 -0.000144574  1.10184e-06     0.292574 
         900      73.9473 -0.000144617  1.09311e-06     0.292591 
         900      74.2113 -0.000144658  1.08525e-06     0.292608 
         900      74.4755 -0.000144687  1.07929e-06     0.292625 
         900      74.7404 -0.000144694   1.0765e-06     0.292643 
         900      75.0056 -0.000144664  1.07842e-06      0.29266 
         900      75.2714 -0.000144583  1.08688e-06     0.292677 
         900      75.5377 -0.000144428  1.10403e-06     0.292695 
         900      75.8043 -0.000144411  1.09424e-06     0.292713 
         900      76.0715 -0.000144468  1.07758e-06      0.29273 
         900       76.339 -0.000144513  1.06893e-06     0.292748 
         900      76.6072 -0.000144548  1.06683e-06     0.292766 
         900      76.8756 -0.000144573  1.06999e-06     0.292784 
         900      77.1448 -0.000144591  1.07724e-06     0.292802 
         900      77.4141 -0.000144603  1.08751e-06     0.292821 
         900      77.6842 -0.000144609  1.09987e-06     0.292839 
         900      77.9547  -0.00014461  1.11348e-06     0.292858 
         900      78.2255 -0.000144609  1.12761e-06     0.292876 
         900       78.497 -0.000144604  1.14164e-06     0.292895 
         900      78.7687 -0.000144597  1.15501e-06     0.292914 
         900      79.0411 -0.000144589  1.16729e-06     0.292932 
         900      79.3138 -0.000144579   1.1781e-06     0.292952 
         900      79.5872 -0.000144569  1.18715e-06     0.292971 
         900       79.861 -0.000144558  1.19422e-06      0.29299 
         900      80.1351 -0.000144546  1.19915e-06      0.29301 
         900      80.4098 -0.000144535  1.20185e-06     0.293029 
         900      80.6849 -0.000144524  1.20227e-06     0.293049 
         900      80.9606 -0.000144512  1.20044e-06     0.293069 
         900      81.2365 -0.000144501   1.1964e-06     0.293089 
         900      81.5132  -0.00014449  1.19025e-06     0.293109 
         900      81.7903  -0.00014448  1.18214e-06      0.29313 
         900      82.0676 -0.000144469  1.17222e-06      0.29315 
         900      82.3457 -0.000144459  1.16068e-06     0.293171 
         900       82.624 -0.000144448  1.14776e-06     0.293192 
         900       82.903 -0.000144438  1.13365e-06     0.293213 
         900      83.1822 -0.000144428  1.11864e-06     0.293234 
         900      83.4622 -0.000144418  1.10295e-06     0.293256 
         900      83.7424 -0.000144408  1.08686e-06     0.293277 
         900      84.0232 -0.000144397  1.07061e-06     0.293299 
         900      84.3046 -0.000144387  1.05448e-06     0.293321 
         900      84.5862 -0.000144377  1.03873e-06     0.293343 
         900      84.8685 -0.000144367  1.02358e-06     0.293365 
         900       85.151 -0.000144357  1.00928e-06     0.293388 
         900      85.4342 -0.000144347  9.96022e-07      0.29341 
         900      85.7177 -0.000144337   9.8403e-07     0.293433 
         900      86.0019 -0.000144328  9.73458e-07     0.293456 
         900      86.2865  -0.00014432  9.64467e-07     0.293479 
         900      86.5714 -0.000144312  9.57188e-07     0.293502 
         900       86.857 -0.000144306  9.51707e-07     0.293525 
         900      87.1428 -0.000144301  9.48099e-07     0.293548 
         900      87.4293 -0.000144297  9.46395e-07     0.293571 
         900      87.7161 -0.000144296  9.46598e-07     0.293594 
         900      88.0035 -0.000144297  9.48679e-07     0.293617 
         900      88.2914   -0.0001443  9.52572e-07     0.293641 
         900      88.5796 -0.000144307  9.58168e-07     0.293664 
         900      88.8685 -0.000144317  9.65339e-07     0.293687 
         900      89.1576 -0.000144331    9.739e-07      0.29371 
         900      89.4474 -0.000144348  9.83656e-07     0.293733 
         900      89.7374  -0.00014437  9.94348e-07     0.293756 
         900      90.0282 -0.000144397  1.00571e-06     0.293778 
         900      90.3192 -0.000144429  1.01743e-06       0.2938 
         900      90.6109 -0.000144467  1.02916e-06     0.293823 
         900       90.903  -0.00014451  1.04054e-06     0.293844 
         900      91.1954 -0.000144559  1.05116e-06     0.293866 
         900      91.4885 -0.000144613  1.06062e-06     0.293887 
         900      91.7819 -0.000144673  1.06845e-06     0.293907 
         900      92.0759  -0.00014474  1.07422e-06     0.293927 
         900      92.3702 -0.000144788  1.07456e-06     0.293947 
         900      92.6652 -0.000144665   1.0523e-06     0.293968 
         900      92.9606 -0.000144538  1.02536e-06     0.293989 
         900      93.2563 -0.000144406  9.89003e-07     0.294011 
         900      93.5527 -0.000144271  9.38048e-07     0.294034 
         900      93.8493 -0.000144137  8.67091e-07     0.294058 
         900      94.1466 -0.000144008  7.70148e-07     0.294082 
         900      94.4442  -0.00014389  6.41113e-07     0.294107 
         900      94.7425 -0.000143789  4.73112e-07     0.294134 
         900       95.041 -0.000143827  4.59735e-07     0.294165 
         900      95.3402 -0.000143984   6.6563e-07     0.294204 
         900      95.6399 -0.000144097  8.28768e-07     0.294245 
         900      95.9398 -0.000144165  9.42655e-07      0.29429 
         900      96.2404 -0.000144191  1.00123e-06     0.294337 
         900      96.5412 -0.000144422  1.02711e-06     0.294368 
         900      96.8428 -0.000144824  1.05742e-06     0.294378 
         900      97.1446 -0.000145074  1.07157e-06     0.294395 
         900      97.4471   -0.0001452  1.07242e-06     0.294418 
         900      97.7501 -0.000145228  1.06256e-06     0.294445 
         900      98.0533 -0.000145179  1.04431e-06     0.294476 
         900      98.3572 -0.000145073  1.01971e-06     0.294509 
         900      98.6613 -0.000144928  9.90595e-07     0.294545 
         900      98.9662 -0.000144757  9.58515e-07     0.294582 
         900      99.2712 -0.000144574   9.2489e-07     0.294621 
         900       99.577 -0.000144389  8.90838e-07      0.29466 
         900      99.8833  -0.00014421  8.57369e-07     0.294698 
         900       100.19 -0.000144046  8.25319e-07     0.294737 
         900      100.497   -0.0001439  7.95286e-07     0.294775 
         900      100.804 -0.000143778  7.67819e-07     0.294811 
         900      101.113 -0.000143682  7.43239e-07     0.294847 
         900      101.421 -0.000143613  7.21827e-07      0.29488 
         900       101.73 -0.000143571  7.03681e-07     0.294913 
         900      102.039 -0.000143557   6.8886e-07     0.294943 
         900      102.349 -0.000143569  6.77286e-07     0.294972 
         900       102.66 -0.000143606  6.68837e-07     0.294999 
         900      102.971 -0.000143664  6.63318e-07     0.295025 
         900      103.282 -0.000143741  6.60465e-07     0.295048 
         900      103.594 -0.000143834  6.59982e-07      0.29507 
         900      103.906 -0.000143939  6.61531e-07     0.295091 
         900      104.219 -0.000144052  6.64748e-07      0.29511 
         900      104.532 -0.000144171  6.69256e-07     0.295128 
         900      104.846  -0.00014429  6.74662e-07     0.295146 
         900       105.16 -0.000144407   6.8057e-07     0.295162 
         900      105.474 -0.000144519  6.86603e-07     0.295178 
         900      105.789 -0.000144621  6.92379e-07     0.295194 
         900      106.105 -0.000144712  6.97552e-07     0.295209 
         900      106.421 -0.000144788  7.01787e-07     0.295225 
         900      106.738 -0.000144848  7.04792e-07     0.295242 
         900      107.055 -0.000144891  7.06301e-07     0.295259 
         900      107.372 -0.000144913  7.06093e-07     0.295278 
         900       107.69 -0.000144917  7.03987e-07     0.295297 
         900      108.008   -0.0001449  6.99854e-07     0.295319 
         900      108.327 -0.000144863  6.93601e-07     0.295342 
         900      108.646 -0.000144807  6.85205e-07     0.295367 
         900      108.966 -0.000144734  6.74667e-07     0.295394 
         900      109.286 -0.000144646  6.62072e-07     0.295424 
         900      109.607 -0.000144544  6.47517e-07     0.295456 
         900      109.928 -0.000144431  6.31178e-07     0.295491 
         900       110.25 -0.000144312  6.13283e-07     0.295529 
         900      110.572 -0.000144188  5.94064e-07     0.295569 
         900      110.895 -0.000144064  5.73847e-07     0.295612 
         900      111.218 -0.000143944  5.52934e-07     0.295658 
         900      111.541 -0.000143831  5.31724e-07     0.295706 
         900      111.865  -0.00014373  5.10568e-07     0.295756 
         900       112.19 -0.000143645  4.89889e-07     0.295808 
         900      112.515 -0.000143578  4.70113e-07     0.295863 
         900       112.84 -0.000143535  4.51619e-07     0.295918 
         900      113.166 -0.000143516  4.34835e-07     0.295974 
         900      113.492 -0.000143524  4.20108e-07     0.296031 
         900      113.819 -0.000143561  4.07802e-07     0.296088 
         900      114.147 -0.000143627  3.98186e-07     0.296143 
         900      114.474  -0.00014372  3.91502e-07     0.296196 
         900      114.803 -0.000143838  3.87885e-07     0.296247 
         900      115.131 -0.000143978  3.87389e-07     0.296294 
         900       115.46 -0.000144131  3.89946e-07     0.296335 
         900       115.79 -0.000144292  3.95358e-07     0.296371 
         900       116.12 -0.000144448  4.03261e-07     0.296398 
         900      116.451 -0.000144586  4.13131e-07     0.296417 
         900      116.782  -0.00014469  4.24218e-07     0.296424 
         900      117.113  -0.00014474   4.3558e-07     0.296418 
         900      117.446 -0.000144712  4.45992e-07     0.296398 
         900      117.778 -0.000144579  4.53956e-07     0.296361 
         900      118.111 -0.000144308  4.57681e-07     0.296304 
         900      118.444 -0.000143863  4.55024e-07     0.296226 
         900      118.778 -0.000143202  4.43466e-07     0.296123 
         900      119.112 -0.000142276  4.20111e-07     0.295994 
         900      119.447 -0.000141032  3.81565e-07     0.295834 
         900      119.783 -0.000139408  3.24001e-07      0.29564 
         900      120.118 -0.000140701  2.63073e-07     0.295662 
         900      120.455 -0.000143011  2.08261e-07      0.29581 
         900      120.791 -0.000144792  1.55298e-07     0.295973 
         900      121.128 -0.000146106   1.0493e-07     0.296149 
         900      121.466 -0.000147008  5.79937e-08     0.296336 
         900      121.804 -0.000147551  1.50936e-08     0.296533 
         900      122.143 -0.000147784 -2.31021e-08     0.296736 
         900      122.482 -0.000147752 -5.61332e-08     0.296944 
         900      122.821 -0.000147498 -8.35262e-08     0.297156 
         900      123.161  -0.00014706 -1.04907e-07     0.297369 
         900      123.502 -0.000146473 -1.20032e-07     0.297582 
         900      123.843 -0.000145772 -1.28683e-07     0.297792 
         900      124.184 -0.000144986 -1.30762e-07     0.297999 
         900      124.526 -0.000144142  -1.2624e-07       0.2982 
         900      124.868 -0.000143266 -1.15166e-07     0.298393 
         900      125.211 -0.000142379 -9.76833e-08     0.298579 
         900      125.554 -0.000141503 -7.40401e-08     0.298753 
         900      125.898 -0.000140656 -4.45107e-08     0.298916 
         900      126.242 -0.000139853  -9.5389e-09     0.299065 
         900      126.587 -0.000139109  3.04494e-08       0.2992 
         900      126.932 -0.000138438  7.48241e-08     0.299318 
         900      127.278 -0.000137849  1.23005e-07     0.299419 
         900      127.624 -0.000137353  1.74224e-07     0.299501 
         900      127.971 -0.000136958  2.27617e-07     0.299563 
         900      128.318 -0.000136671   2.8237e-07     0.299603 
         900      128.665 -0.000136498  3.37413e-07     0.299621 
         900      129.013 -0.000136445   3.9177e-07     0.299615 
         900      129.361 -0.000136515  4.44213e-07     0.299584 
         900       129.71 -0.000136713  4.93604e-07     0.299527 
         900       130.06  -0.00013704  5.38567e-07     0.299444 
         900       130.41 -0.000137501  5.77799e-07     0.299332 
         900       130.76 -0.000136889  5.74723e-07     0.299305 
         900      131.111 -0.000136603  5.55115e-07     0.299303 
         900      131.462 -0.000136984  5.31096e-07     0.299292 
         900      131.814 -0.000137918  5.03884e-07     0.299275 
         900      132.166 -0.000139294   4.7448e-07     0.299252 
         900      132.519 -0.000140997   4.4385e-07     0.299225 
         900      132.872 -0.000142923   4.1274e-07     0.299194 
         900      133.226 -0.000144964  3.81857e-07      0.29916 
         900       133.58 -0.000147023  3.51798e-07     0.299125 
         900      133.934 -0.000149012  3.22982e-07     0.299088 
         900      134.289 -0.000150845  2.95828e-07     0.299051 
         900      134.645 -0.000152456  2.70573e-07     0.299015 
         900          135 -0.000153781  2.47455e-07     0.298979 
         900      135.357 -0.000154773  2.26556e-07     0.298945 
         900      135.714 -0.000155393  2.07956e-07     0.298912 
         900      136.071 -0.000155619  1.91606e-07     0.298882 
         900      136.429 -0.000155438  1.77446e-07     0.298855 
         900      136.787 -0.000154853  1.65354e-07     0.298831 
         900      137.146 -0.000153877  1.55135e-07      0.29881 
         900      137.505 -0.000152538  1.46589e-07     0.298793 
         900      137.865 -0.000150873  1.39455e-07     0.298779 
         900      138.225 -0.000148934  1.33469e-07      0.29877 
         900      138.586 -0.000146778  1.28325e-07     0.298765 
         900      138.947 -0.000144475  1.23722e-07     0.298765 
         900      139.309 -0.000142104  1.19345e-07     0.298768 
         900      139.671 -0.000139744  1.14873e-07     0.298776 
         900      140.033 -0.000137486  1.10004e-07     0.298788 
         900      140.397 -0.000135415  1.04433e-07     0.298805 
         900       140.76 -0.000133623  9.78938e-08     0.298826 
         900      141.124 -0.000132194  9.01254e-08      0.29885 
         900      141.488  -0.00013121  8.09151e-08     0.298879 
         900      141.853 -0.000130743  7.00946e-08     0.298912 
         900      142.219 -0.000130853  5.75153e-08     0.298948 
         900      142.584 -0.000131583   4.3119e-08     0.298987 
         900      142.951 -0.000132961  2.68639e-08      0.29903 
         900      143.317 -0.000134984  8.82336e-09     0.299076 
         900      143.685 -0.000137628 -1.09111e-08     0.299125 
         900      144.052 -0.000140831 -3.21083e-08     0.299176 
         900      144.421 -0.000144499 -5.45163e-08     0.299229 
         900      144.789 -0.000148487 -7.77399e-08     0.299285 
         900      145.158 -0.000152602 -1.01282e-07     0.299342 
         900      145.528 -0.000156604 -1.24597e-07       0.2994 
         900      145.898  -0.00016018 -1.46951e-07      0.29946 
         900      146.269 -0.000162959 -1.67566e-07     0.299521 
         900       146.64 -0.000164486  -1.8547e-07     0.299582 
         900      147.011 -0.000164229  -1.9962e-07     0.299644 
         900      147.383 -0.000161561 -2.08788e-07     0.299706 
         900      147.755 -0.000155765  -2.1162e-07     0.299768 
         900      148.128    -0.000146 -2.06615e-07      0.29983 
         900      148.502 -0.000131335  -1.9212e-07     0.299892 
         900      148.876 -0.000110675 -1.66285e-07     0.299953 
         900       149.25 -8.28464e-05 -1.27159e-07     0.300014 
         900      149.625 -4.64516e-05 -7.25069e-08     0.300074 
         900          150 -8.28569e-19 -1.31021e-21     0.300134 
