Variables = x, y, u, v, p

Zone, I=800, F=POINT
          50            0 -4.20032e-20 -3.66398e-25     -10.0254 
          50     0.000234  -2.0891e-06 -2.18001e-11     -10.0254 
          50     0.000939 -7.96855e-06 -1.27537e-10     -10.0254 
          50     0.002113 -1.64919e-05 -4.41313e-10     -10.0254 
          50     0.003759 -2.61466e-05 -1.18546e-09     -10.0254 
          50     0.005872 -3.54003e-05 -2.69479e-09     -10.0254 
          50     0.008457 -4.32255e-05  -5.4513e-09     -10.0254 
          50      0.01151 -4.93056e-05 -1.00994e-08     -10.0254 
          50     0.015036  -5.4154e-05 -1.74967e-08     -10.0254 
          50     0.019031 -5.88564e-05 -2.87156e-08     -10.0254 
          50     0.023493 -6.46276e-05 -4.50797e-08     -10.0254 
          50     0.028429 -7.22504e-05 -6.82268e-08     -10.0254 
          50     0.033831  -8.1588e-05  -1.0002e-07     -10.0254 
          50     0.039706 -9.15508e-05 -1.42696e-07     -10.0254 
          50     0.046047  -0.00010055 -1.98695e-07     -10.0254 
          50     0.052863 -0.000107613 -2.70875e-07     -10.0254 
          50      0.06015 -0.000113522 -3.62255e-07     -10.0254 
          50       0.0679 -0.000120898 -4.75994e-07     -10.0254 
          50     0.076126 -0.000130696 -6.15752e-07     -10.0254 
          50     0.084816 -0.000134209 -7.84928e-07     -10.0254 
          50     0.093982 -0.000141077 -9.87274e-07     -10.0254 
          50     0.103611 -0.000146432 -1.22614e-06     -10.0254 
          50     0.113718 -0.000150637 -1.50552e-06     -10.0254 
          50     0.124286 -0.000153937 -1.82837e-06     -10.0254 
          50     0.135333 -0.000156474 -2.19836e-06     -10.0254 
          50      0.14685 -0.000158277 -2.61805e-06     -10.0254 
          50     0.158827 -0.000159306 -3.08949e-06     -10.0254 
          50     0.171284 -0.000159497 -3.61557e-06     -10.0254 
          50     0.184201 -0.000158824 -4.19717e-06     -10.0254 
          50     0.197599 -0.000157345 -4.83657e-06     -10.0254 
          50     0.211455 -0.000155217 -5.53357e-06     -10.0254 
          50     0.225792 -0.000152619 -6.28964e-06     -10.0254 
          50       0.2406 -0.000149553  -7.1038e-06     -10.0254 
          50     0.255865 -0.000145803 -7.97391e-06     -10.0254 
          50     0.271613 -0.000141882 -8.90312e-06     -10.0254 
          50     0.287818 -0.000137689  -9.8882e-06     -10.0254 
          50     0.304506 -0.000133314 -1.09281e-05     -10.0254 
          50      0.32165 -0.000128859  -1.2019e-05     -10.0254 
          50     0.339278 -0.000124405 -1.31607e-05     -10.0254 
          50     0.357377 -0.000120038 -1.43506e-05     -10.0254 
          50      0.37593 -0.000115837 -1.55861e-05     -10.0254 
          50     0.394968  -0.00011186 -1.68675e-05     -10.0254 
          50     0.414461 -0.000108172 -1.81911e-05     -10.0254 
          50      0.43444 -0.000104816 -1.95567e-05     -10.0254 
          50     0.454872 -0.000101837 -2.09594e-05     -10.0254 
          50     0.475791 -9.92621e-05 -2.23986e-05     -10.0254 
          50     0.497163 -9.71179e-05 -2.38684e-05     -10.0254 
          50     0.519021 -9.54147e-05 -2.53675e-05     -10.0254 
          50      0.54135 -9.41575e-05 -2.68916e-05     -10.0254 
          50     0.564131 -9.33367e-05 -2.84378e-05     -10.0254 
          50       0.5874 -9.29234e-05 -3.00095e-05     -10.0254 
          50     0.611121 -9.28574e-05 -3.16087e-05     -10.0254 
          50      0.63533  -9.3082e-05 -3.32116e-05     -10.0254 
          50      0.65999 -9.36537e-05 -3.48107e-05     -10.0254 
          50     0.685139 -9.44526e-05 -3.64076e-05     -10.0254 
          50     0.710759 -9.53641e-05 -3.79994e-05     -10.0254 
          50     0.736828  -9.6281e-05 -3.95817e-05     -10.0254 
          50     0.763387 -9.71079e-05 -4.11531e-05     -10.0254 
          50     0.790396 -9.77575e-05 -4.27063e-05     -10.0254 
          50     0.817896 -9.81562e-05 -4.42382e-05     -10.0254 
          50     0.845843 -9.82414e-05 -4.57406e-05     -10.0254 
          50     0.874283 -9.79646e-05 -4.72098e-05     -10.0254 
          50      0.90317  -9.7291e-05 -4.86376e-05     -10.0254 
          50     0.932551 -9.61982e-05 -5.00211e-05     -10.0254 
          50     0.962401 -9.46787e-05 -5.13542e-05     -10.0254 
          50     0.992697 -9.27394e-05 -5.26323e-05     -10.0254 
          50      1.02349 -9.03951e-05 -5.38553e-05     -10.0254 
          50      1.05472 -8.76786e-05 -5.50202e-05     -10.0254 
          50      1.08645 -8.46246e-05 -5.61296e-05     -10.0254 
          50      1.11863 -8.12857e-05  -5.7184e-05     -10.0254 
          50       1.1513 -7.77105e-05 -5.81888e-05     -10.0254 
          50      1.18444   -7.396e-05  -5.9148e-05     -10.0254 
          50      1.21802  -7.0098e-05 -6.00662e-05     -10.0254 
          50      1.25211 -6.61776e-05 -6.09502e-05     -10.0254 
          50      1.28663 -6.22619e-05 -6.18021e-05     -10.0254 
          50      1.32165 -5.83944e-05 -6.26242e-05     -10.0254 
          50      1.35712 -5.46228e-05 -6.34108e-05     -10.0253 
          50      1.39308 -5.09707e-05 -6.41515e-05     -10.0253 
          50      1.42951 -4.74563e-05  -6.4823e-05     -10.0253 
          50      1.46638 -4.40817e-05 -6.53878e-05     -10.0253 
          50      1.50375 -4.08224e-05 -6.57901e-05     -10.0253 
          50      1.54156 -3.77114e-05 -6.63991e-05     -10.0253 
          50      1.57987 -3.46776e-05  -6.6953e-05     -10.0253 
          50      1.61863 -3.17316e-05 -6.74284e-05     -10.0253 
          50      1.65788 -2.88783e-05 -6.78306e-05     -10.0253 
          50      1.69757 -2.61308e-05 -6.81631e-05     -10.0253 
          50      1.73776  -2.3492e-05 -6.84304e-05     -10.0253 
          50      1.77842 -2.09704e-05 -6.86354e-05     -10.0253 
          50      1.81952 -1.85729e-05 -6.87809e-05     -10.0253 
          50      1.86113 -1.62994e-05 -6.88695e-05     -10.0253 
          50      1.90316 -1.41561e-05 -6.89033e-05     -10.0253 
          50      1.94571 -1.21408e-05 -6.88837e-05     -10.0253 
          50      1.98869 -1.02571e-05 -6.88121e-05     -10.0253 
          50      2.03217 -8.50072e-06 -6.86891e-05     -10.0253 
          50      2.07612 -6.87127e-06 -6.85155e-05     -10.0253 
          50      2.12051 -5.36665e-06 -6.82915e-05     -10.0253 
          50       2.1654  -3.9803e-06  -6.8017e-05     -10.0253 
          50      2.21073 -2.70933e-06 -6.76922e-05     -10.0253 
          50      2.25656 -1.54582e-06 -6.73164e-05     -10.0253 
          50      2.30283 -4.84982e-07 -6.68899e-05     -10.0253 
          50       2.3496  4.82033e-07 -6.64118e-05     -10.0253 
          50      2.39685  1.36205e-06 -6.58822e-05     -10.0253 
          50      2.44452  2.16244e-06 -6.53016e-05     -10.0253 
          50      2.49271  2.89263e-06 -6.46693e-05     -10.0253 
          50      2.54132  3.55964e-06 -6.39869e-05     -10.0253 
          50      2.59044  4.17253e-06 -6.32543e-05     -10.0253 
          50         2.64  4.73801e-06  -6.2474e-05     -10.0253 
          50      2.69006  5.26414e-06 -6.16467e-05     -10.0253 
          50      2.74056  5.75656e-06 -6.07763e-05     -10.0253 
          50      2.79156  6.22167e-06 -5.98643e-05     -10.0253 
          50      2.84304  6.66361e-06 -5.89152e-05     -10.0253 
          50      2.89494  7.08538e-06 -5.79343e-05     -10.0253 
          50      2.94735  7.48956e-06  -5.6925e-05     -10.0253 
          50       3.0002  7.87587e-06 -5.58945e-05     -10.0252 
          50      3.05355  8.24353e-06 -5.48477e-05     -10.0252 
          50      3.10733  8.58878e-06 -5.37928e-05     -10.0252 
          50      3.16163  8.90702e-06 -5.27354e-05     -10.0252 
          50      3.21639  9.19075e-06 -5.16837e-05     -10.0252 
          50      3.27158  9.43054e-06 -5.06462e-05     -10.0252 
          50      3.32729  9.61541e-06 -4.96283e-05     -10.0252 
          50      3.38342  9.73165e-06 -4.86387e-05     -10.0252 
          50      3.44007  9.76403e-06 -4.76816e-05     -10.0252 
          50      3.49714  9.69525e-06 -4.67633e-05     -10.0252 
          50      3.55472  9.50628e-06 -4.58855e-05     -10.0252 
          50      3.61273  9.17713e-06 -4.50501e-05     -10.0252 
          50      3.67125  8.68596e-06 -4.42536e-05     -10.0252 
          50      3.73025  8.01101e-06 -4.34905e-05     -10.0252 
          50      3.78967  7.32439e-06   -4.263e-05     -10.0252 
          50      3.84961  6.70209e-06 -4.18192e-05     -10.0252 
          50      3.90996  6.06849e-06  -4.1057e-05     -10.0252 
          50      3.97084  5.41218e-06 -4.02945e-05     -10.0252 
          50      4.03214  4.73066e-06 -3.95196e-05     -10.0252 
          50      4.09395  4.02383e-06 -3.87376e-05     -10.0251 
          50      4.15624  3.29569e-06 -3.79636e-05     -10.0251 
          50      4.21895  2.55117e-06 -3.72113e-05     -10.0251 
          50      4.28217  1.79313e-06 -3.64849e-05     -10.0251 
          50      4.34582  1.02581e-06 -3.57809e-05     -10.0251 
          50      4.40998  2.50093e-07 -3.50854e-05     -10.0251 
          50      4.47457 -5.30878e-07 -3.43861e-05     -10.0251 
          50      4.53968 -1.31504e-06 -3.36812e-05     -10.0251 
          50      4.60525 -2.09436e-06 -3.30031e-05     -10.0251 
          50      4.67125  -2.8887e-06 -3.23498e-05     -10.0251 
          50      4.73777  -3.6741e-06 -3.16934e-05     -10.0251 
          50       4.8047 -4.45442e-06 -3.10547e-05     -10.0251 
          50      4.87216 -5.23242e-06 -3.04352e-05     -10.0251 
          50      4.94003 -6.00063e-06 -2.98294e-05     -10.0251 
          50      5.00843 -6.75194e-06   -2.923e-05      -10.025 
          50      5.07724 -7.47868e-06 -2.86368e-05      -10.025 
          50      5.14658  -8.1795e-06 -2.80551e-05      -10.025 
          50      5.21639 -8.85513e-06 -2.74964e-05      -10.025 
          50      5.28661 -9.50749e-06 -2.69681e-05      -10.025 
          50      5.35736 -1.01355e-05 -2.64593e-05      -10.025 
          50      5.42852 -1.07227e-05 -2.59229e-05      -10.025 
          50      5.50021 -1.12867e-05 -2.54436e-05      -10.025 
          50      5.57231 -1.18311e-05 -2.49527e-05      -10.025 
          50      5.64493 -1.23439e-05 -2.44538e-05      -10.025 
          50      5.71803 -1.28244e-05 -2.39563e-05      -10.025 
          50      5.79154 -1.32783e-05 -2.34651e-05     -10.0249 
          50      5.86558 -1.37158e-05 -2.29929e-05     -10.0249 
          50      5.94003  -1.4145e-05 -2.25836e-05     -10.0249 
          50      6.01501 -1.45747e-05 -2.20856e-05     -10.0249 
          50       6.0904 -1.49883e-05 -2.15613e-05     -10.0249 
          50      6.16632 -1.53939e-05 -2.10835e-05     -10.0249 
          50      6.24271 -1.57996e-05 -2.06496e-05     -10.0249 
          50       6.3195 -1.62063e-05 -2.02187e-05     -10.0249 
          50      6.39683 -1.66028e-05 -1.96789e-05     -10.0249 
          50      6.47457 -1.69985e-05 -1.92715e-05     -10.0248 
          50      6.55284 -1.73841e-05 -1.88345e-05     -10.0248 
          50      6.63152 -1.77609e-05 -1.83728e-05     -10.0248 
          50      6.71073 -1.81336e-05 -1.78967e-05     -10.0248 
          50      6.79034 -1.85063e-05 -1.74212e-05     -10.0248 
          50      6.87049 -1.88839e-05 -1.69624e-05     -10.0248 
          50      6.95111 -1.92582e-05 -1.65529e-05     -10.0248 
          50      7.03214 -1.96001e-05 -1.62019e-05     -10.0248 
          50       7.1137 -1.99338e-05 -1.58453e-05     -10.0247 
          50      7.19566 -2.02546e-05 -1.54821e-05     -10.0247 
          50      7.27816 -2.05617e-05 -1.51174e-05     -10.0247 
          50      7.36106 -2.08554e-05 -1.47625e-05     -10.0247 
          50      7.44451  -2.1138e-05 -1.44293e-05     -10.0247 
          50      7.52842 -2.14117e-05 -1.41301e-05     -10.0247 
          50      7.61273 -2.16777e-05 -1.38724e-05     -10.0247 
          50      7.69758 -2.19358e-05 -1.36544e-05     -10.0246 
          50      7.78283 -2.21819e-05 -1.34616e-05     -10.0246 
          50      7.86862 -2.24076e-05   -1.326e-05     -10.0246 
          50      7.95481 -2.25974e-05 -1.29911e-05     -10.0246 
          50      8.04155 -2.27833e-05 -1.27888e-05     -10.0246 
          50      8.12868 -2.29663e-05 -1.26587e-05     -10.0246 
          50      8.21635 -2.31246e-05 -1.24807e-05     -10.0245 
          50      8.30449 -2.32699e-05 -1.22813e-05     -10.0245 
          50      8.39303 -2.34088e-05 -1.20766e-05     -10.0245 
          50      8.48211 -2.35447e-05 -1.18741e-05     -10.0245 
          50      8.57159 -2.36779e-05 -1.16757e-05     -10.0245 
          50      8.66161 -2.38079e-05 -1.14792e-05     -10.0244 
          50      8.75203  -2.3933e-05 -1.12806e-05     -10.0244 
          50      8.84299 -2.40524e-05 -1.10747e-05     -10.0244 
          50      8.93443 -2.41657e-05 -1.08575e-05     -10.0244 
          50      9.02626 -2.42737e-05 -1.06272e-05     -10.0244 
          50      9.11863 -2.43789e-05 -1.03838e-05     -10.0244 
          50      9.21139 -2.44848e-05  -1.0131e-05     -10.0243 
          50      9.30471 -2.45958e-05 -9.87463e-06     -10.0243 
          50      9.39841 -2.47166e-05 -9.62365e-06     -10.0243 
          50      9.49267 -2.48509e-05 -9.38763e-06     -10.0243 
          50      9.58739 -2.50001e-05 -9.17644e-06     -10.0243 
          50      9.68251 -2.51614e-05 -8.99748e-06     -10.0242 
          50      9.77817 -2.53257e-05 -8.85241e-06     -10.0242 
          50      9.87422 -2.53741e-05 -8.68795e-06     -10.0242 
          50      9.97083 -2.52954e-05  -8.4465e-06     -10.0242 
          50      10.0678 -2.55131e-05 -8.28689e-06     -10.0241 
          50      10.1654 -2.55547e-05 -8.17682e-06     -10.0241 
          50      10.2633 -2.55509e-05 -8.02859e-06     -10.0241 
          50      10.3618 -2.55259e-05 -7.86465e-06     -10.0241 
          50      10.4607  -2.5497e-05  -7.6992e-06      -10.024 
          50      10.5601 -2.54758e-05 -7.53972e-06      -10.024 
          50        10.66 -2.54687e-05  -7.3883e-06      -10.024 
          50      10.7603 -2.54788e-05 -7.24406e-06      -10.024 
          50      10.8611 -2.55059e-05 -7.10369e-06     -10.0239 
          50      10.9623  -2.5548e-05 -6.96353e-06     -10.0239 
          50      11.0641 -2.56017e-05 -6.81982e-06     -10.0239 
          50      11.1663 -2.56633e-05 -6.67021e-06     -10.0239 
          50       11.269 -2.57287e-05 -6.51408e-06     -10.0238 
          50      11.3721 -2.57946e-05 -6.35238e-06     -10.0238 
          50      11.4757 -2.58585e-05 -6.18848e-06     -10.0238 
          50      11.5798 -2.59188e-05 -6.02678e-06     -10.0238 
          50      11.6844 -2.59747e-05 -5.87296e-06     -10.0237 
          50      11.7894 -2.60264e-05 -5.73182e-06     -10.0237 
          50       11.895 -2.60745e-05 -5.60648e-06     -10.0237 
          50      12.0009 -2.61194e-05 -5.49588e-06     -10.0236 
          50      12.1073 -2.61604e-05  -5.3919e-06     -10.0236 
          50      12.2142 -2.61948e-05 -5.27681e-06     -10.0236 
          50      12.3216 -2.62164e-05 -5.11867e-06     -10.0236 
          50      12.4294 -2.62583e-05 -4.96583e-06     -10.0235 
          50      12.5378 -2.63683e-05  -4.9684e-06     -10.0235 
          50      12.6465 -2.64462e-05 -4.93522e-06     -10.0235 
          50      12.7558 -2.65003e-05 -4.88047e-06     -10.0234 
          50      12.8656 -2.65368e-05 -4.81631e-06     -10.0234 
          50      12.9757 -2.65606e-05 -4.75245e-06     -10.0234 
          50      13.0864 -2.65753e-05 -4.69557e-06     -10.0233 
          50      13.1975 -2.65831e-05  -4.6493e-06     -10.0233 
          50      13.3092 -2.65853e-05 -4.61359e-06     -10.0233 
          50      13.4212 -2.65825e-05 -4.58482e-06     -10.0232 
          50      13.5338 -2.65747e-05 -4.55532e-06     -10.0232 
          50      13.6468  -2.6562e-05 -4.51352e-06     -10.0232 
          50      13.7603 -2.65447e-05 -4.44387e-06     -10.0231 
          50      13.8743 -2.65084e-05 -4.33351e-06     -10.0231 
          50      13.9886  -2.6435e-05   -4.222e-06     -10.0231 
          50      14.1036 -2.63372e-05 -4.11633e-06      -10.023 
          50      14.2189 -2.62261e-05 -4.01487e-06      -10.023 
          50      14.3348 -2.61117e-05 -3.91465e-06     -10.0229 
          50       14.451 -2.60034e-05 -3.81317e-06     -10.0229 
          50      14.5678 -2.59088e-05 -3.70866e-06     -10.0229 
          50      14.6851 -2.58342e-05 -3.60149e-06     -10.0228 
          50      14.8028 -2.57839e-05 -3.49463e-06     -10.0228 
          50       14.921 -2.57591e-05 -3.39386e-06     -10.0227 
          50      15.0396  -2.5758e-05 -3.30872e-06     -10.0227 
          50      15.1588 -2.57746e-05 -3.25206e-06     -10.0227 
          50      15.2783 -2.57975e-05 -3.24045e-06     -10.0226 
          50      15.3984 -2.58097e-05  -3.2936e-06     -10.0226 
          50       15.519 -2.57865e-05 -3.43397e-06     -10.0225 
          50        15.64 -2.56948e-05 -3.68567e-06     -10.0225 
          50      15.7615 -2.58386e-05 -3.60535e-06     -10.0225 
          50      15.8834 -2.59102e-05 -3.56035e-06     -10.0224 
          50      16.0058  -2.5901e-05  -3.5845e-06     -10.0224 
          50      16.1286 -2.58459e-05 -3.64973e-06     -10.0223 
          50       16.252  -2.5771e-05 -3.73359e-06     -10.0223 
          50      16.3759 -2.56949e-05 -3.81875e-06     -10.0222 
          50      16.5002 -2.56303e-05 -3.89273e-06     -10.0222 
          50       16.625 -2.55838e-05 -3.94768e-06     -10.0221 
          50      16.7501 -2.55584e-05 -3.97957e-06     -10.0221 
          50      16.8759 -2.55531e-05 -3.98799e-06      -10.022 
          50       17.002 -2.55647e-05 -3.97531e-06      -10.022 
          50      17.1287 -2.55884e-05 -3.94618e-06      -10.022 
          50      17.2557  -2.5618e-05 -3.90679e-06     -10.0219 
          50      17.3834 -2.56477e-05 -3.86399e-06     -10.0219 
          50      17.5115 -2.56717e-05 -3.82458e-06     -10.0218 
          50      17.6399 -2.56851e-05 -3.79425e-06     -10.0218 
          50       17.769 -2.56844e-05 -3.77655e-06     -10.0217 
          50      17.8984 -2.56679e-05  -3.7719e-06     -10.0217 
          50      18.0284 -2.56353e-05 -3.77626e-06     -10.0216 
          50      18.1587 -2.55886e-05 -3.77994e-06     -10.0215 
          50      18.2896 -2.55313e-05 -3.76617e-06     -10.0215 
          50       18.421 -2.54686e-05 -3.70958e-06     -10.0214 
          50      18.5528 -2.55253e-05 -3.72502e-06     -10.0214 
          50      18.6851 -2.56328e-05 -3.76453e-06     -10.0213 
          50      18.8178 -2.57265e-05 -3.77645e-06     -10.0213 
          50      18.9511  -2.5796e-05 -3.77316e-06     -10.0212 
          50      19.0847   -2.583e-05 -3.77045e-06     -10.0212 
          50      19.2189 -2.58178e-05 -3.78623e-06     -10.0211 
          50      19.3535 -2.57491e-05 -3.83899e-06      -10.021 
          50      19.4886 -2.56153e-05 -3.94616e-06      -10.021 
          50      19.6242 -2.54102e-05 -4.12181e-06     -10.0209 
          50      19.7602 -2.52941e-05 -4.19895e-06     -10.0209 
          50      19.8968 -2.53618e-05 -3.99916e-06     -10.0208 
          50      20.0337 -2.53543e-05 -3.80135e-06     -10.0208 
          50      20.1712 -2.52997e-05 -3.60958e-06     -10.0207 
          50      20.3091 -2.52196e-05 -3.42153e-06     -10.0206 
          50      20.4475 -2.51292e-05 -3.22783e-06     -10.0206 
          50      20.5864  -2.5037e-05 -3.01355e-06     -10.0205 
          50      20.7257 -2.49446e-05 -2.75852e-06     -10.0204 
          50      20.8655  -2.4982e-05 -2.70763e-06     -10.0204 
          50      21.0058 -2.51037e-05 -2.80233e-06     -10.0203 
          50      21.1465 -2.51855e-05  -2.8247e-06     -10.0203 
          50      21.2877 -2.52298e-05 -2.79381e-06     -10.0202 
          50      21.4294 -2.52408e-05 -2.72487e-06     -10.0201 
          50      21.5716  -2.5224e-05 -2.62973e-06     -10.0201 
          50      21.7142 -2.51855e-05  -2.5174e-06       -10.02 
          50      21.8573 -2.51318e-05 -2.39409e-06     -10.0199 
          50      22.0008 -2.50692e-05 -2.26431e-06     -10.0199 
          50      22.1449 -2.50035e-05 -2.13044e-06     -10.0198 
          50      22.2893 -2.49399e-05 -1.99394e-06     -10.0197 
          50      22.4344 -2.48824e-05 -1.85485e-06     -10.0196 
          50      22.5797 -2.48341e-05 -1.71289e-06     -10.0196 
          50      22.7257 -2.47966e-05 -1.56692e-06     -10.0195 
          50      22.8721 -2.47702e-05 -1.41587e-06     -10.0194 
          50      23.0189 -2.47539e-05 -1.25866e-06     -10.0194 
          50      23.1663 -2.47455e-05 -1.09387e-06     -10.0193 
          50       23.314 -2.47419e-05 -9.20778e-07     -10.0192 
          50      23.4623 -2.47392e-05 -7.38293e-07     -10.0191 
          50       23.611 -2.47332e-05 -5.46044e-07     -10.0191 
          50      23.7602 -2.47197e-05 -3.43127e-07      -10.019 
          50        23.91 -2.46955e-05 -1.28995e-07     -10.0189 
          50        24.06 -2.46586e-05  9.71848e-08     -10.0188 
          50      24.2107 -2.46096e-05  3.37412e-07     -10.0188 
          50      24.3617 -2.43986e-05  4.40552e-07     -10.0187 
          50      24.5133 -2.42376e-05  4.79109e-07     -10.0186 
          50      24.6653 -2.41843e-05  5.23061e-07     -10.0185 
          50      24.8178 -2.41981e-05  5.69067e-07     -10.0184 
          50      24.9708 -2.42479e-05  6.15204e-07     -10.0184 
          50      25.1242 -2.43102e-05  6.60739e-07     -10.0183 
          50      25.2781  -2.4369e-05  7.05949e-07     -10.0182 
          50      25.4324 -2.44138e-05  7.51577e-07     -10.0181 
          50      25.5873 -2.44393e-05  7.98867e-07      -10.018 
          50      25.7426 -2.44438e-05  8.49033e-07      -10.018 
          50      25.8984 -2.44289e-05  9.03364e-07     -10.0179 
          50      26.0546 -2.43984e-05  9.62712e-07     -10.0178 
          50      26.2114 -2.43572e-05  1.02771e-06     -10.0177 
          50      26.3686 -2.43113e-05  1.09831e-06     -10.0176 
          50      26.5262 -2.42666e-05  1.17385e-06     -10.0175 
          50      26.6844 -2.42283e-05  1.25324e-06     -10.0174 
          50      26.8429  -2.4201e-05  1.33446e-06     -10.0173 
          50       27.002 -2.41878e-05  1.41518e-06     -10.0173 
          50      27.1615 -2.41905e-05  1.49231e-06     -10.0172 
          50      27.3216 -2.42089e-05  1.56265e-06     -10.0171 
          50      27.4821 -2.42414e-05  1.62264e-06      -10.017 
          50       27.643 -2.42846e-05  1.66883e-06     -10.0169 
          50      27.8044 -2.43338e-05  1.69829e-06     -10.0168 
          50      27.9663 -2.43835e-05   1.7087e-06     -10.0167 
          50      28.1287 -2.44275e-05    1.699e-06     -10.0166 
          50      28.2914   -2.446e-05   1.6698e-06     -10.0165 
          50      28.4548 -2.44763e-05  1.62393e-06     -10.0164 
          50      28.6185  -2.4474e-05  1.56722e-06     -10.0163 
          50      28.7828 -2.44539e-05  1.50894e-06     -10.0162 
          50      28.9475 -2.44217e-05  1.46298e-06     -10.0161 
          50      29.1126 -2.43896e-05  1.44844e-06      -10.016 
          50      29.2784 -2.42367e-05  1.65862e-06     -10.0159 
          50      29.4444 -2.39991e-05   1.9656e-06     -10.0158 
          50       29.611 -2.37275e-05   2.2691e-06     -10.0157 
          50       29.778 -2.34418e-05  2.46708e-06     -10.0156 
          50      29.9456 -2.35837e-05  1.87558e-06     -10.0155 
          50      30.1137 -2.38508e-05  1.22312e-06     -10.0154 
          50      30.2821 -2.41106e-05  7.99542e-07     -10.0153 
          50      30.4511 -2.41518e-05  8.67249e-07     -10.0152 
          50      30.6204 -2.41435e-05  9.28258e-07     -10.0151 
          50      30.7903   -2.411e-05  9.75703e-07      -10.015 
          50      30.9606 -2.40682e-05  1.00523e-06     -10.0149 
          50      31.1315  -2.4029e-05  1.01493e-06     -10.0148 
          50      31.3028 -2.39985e-05   1.0048e-06     -10.0147 
          50      31.4745 -2.39792e-05  9.76528e-07     -10.0146 
          50      31.6468 -2.39704e-05  9.33044e-07     -10.0145 
          50      31.8194 -2.39699e-05  8.78376e-07     -10.0144 
          50      31.9926 -2.39743e-05  8.17072e-07     -10.0143 
          50      32.1662   -2.398e-05  7.54245e-07     -10.0141 
          50      32.3404 -2.39836e-05  6.94905e-07      -10.014 
          50      32.5149 -2.39827e-05  6.44081e-07     -10.0139 
          50        32.69 -2.39758e-05  6.06198e-07     -10.0138 
          50      32.8655  -2.3963e-05  5.85145e-07     -10.0137 
          50      33.0414 -2.39459e-05   5.8387e-07     -10.0136 
          50       33.218 -2.39275e-05  6.04242e-07     -10.0135 
          50      33.3948 -2.39122e-05  6.46835e-07     -10.0133 
          50      33.5723 -2.39053e-05   7.1091e-07     -10.0132 
          50        33.75 -2.39123e-05  7.94009e-07     -10.0131 
          50      33.9284 -2.39386e-05   8.9226e-07      -10.013 
          50      34.1073 -2.39883e-05  9.99864e-07     -10.0129 
          50      34.2865 -2.40629e-05  1.10922e-06     -10.0128 
          50      34.4663 -2.41607e-05  1.21118e-06     -10.0126 
          50      34.6465 -2.42741e-05  1.29453e-06     -10.0125 
          50      34.8272 -2.43892e-05  1.34658e-06     -10.0124 
          50      35.0083 -2.44826e-05   1.3528e-06     -10.0123 
          50        35.19 -2.45199e-05  1.29723e-06     -10.0121 
          50      35.3721 -2.44525e-05   1.1625e-06      -10.012 
          50      35.5546 -2.43202e-05  1.12342e-06     -10.0119 
          50      35.7377  -2.4239e-05  1.23923e-06     -10.0118 
          50      35.9211  -2.4155e-05  1.31798e-06     -10.0116 
          50      36.1052  -2.4074e-05  1.35748e-06     -10.0115 
          50      36.2895 -2.40007e-05  1.35844e-06     -10.0114 
          50      36.4745 -2.39381e-05  1.32422e-06     -10.0113 
          50      36.6598 -2.38883e-05   1.2602e-06     -10.0111 
          50      36.8457 -2.38523e-05  1.17305e-06      -10.011 
          50      37.0321 -2.38302e-05  1.07048e-06     -10.0109 
          50      37.2188 -2.38216e-05   9.6055e-07     -10.0107 
          50      37.4062 -2.38253e-05   8.5079e-07     -10.0106 
          50      37.5938 -2.38398e-05  7.48253e-07     -10.0105 
          50      37.7821 -2.38634e-05  6.58262e-07     -10.0103 
          50      37.9707 -2.38939e-05  5.84484e-07     -10.0102 
          50      38.1599 -2.39295e-05  5.27793e-07     -10.0101 
          50      38.3496 -2.39679e-05   4.8615e-07     -10.0099 
          50      38.5396 -2.40071e-05  4.53807e-07     -10.0098 
          50      38.7302 -2.40453e-05  4.20726e-07     -10.0096 
          50      38.9211 -2.40806e-05  3.72209e-07     -10.0095 
          50      39.1127 -2.41117e-05  2.88084e-07     -10.0094 
          50      39.3046  -2.4137e-05  1.42547e-07     -10.0092 
          50      39.4971 -2.41556e-05 -9.70124e-08     -10.0091 
          50      39.6899 -2.41665e-05 -4.69491e-07     -10.0089 
          50      39.8833 -2.41447e-05  -4.6873e-07     -10.0088 
          50      40.0772 -2.41124e-05 -3.85969e-07     -10.0086 
          50      40.2714 -2.40827e-05  -3.6659e-07     -10.0085 
          50      40.4663 -2.40596e-05 -3.99863e-07     -10.0084 
          50      40.6615 -2.40452e-05 -4.73529e-07     -10.0082 
          50      40.8573 -2.40401e-05 -5.74272e-07     -10.0081 
          50      41.0534 -2.40428e-05 -6.87576e-07     -10.0079 
          50      41.2501 -2.40495e-05 -7.98566e-07     -10.0078 
          50      41.4473 -2.40543e-05 -8.91622e-07     -10.0076 
          50      41.6448 -2.40488e-05 -9.50901e-07     -10.0075 
          50      41.8429 -2.40221e-05 -9.60565e-07     -10.0073 
          50      42.0414 -2.39605e-05 -9.04666e-07     -10.0072 
          50      42.2405 -2.38479e-05 -7.67224e-07      -10.007 
          50      42.4399 -2.39435e-05 -8.17863e-07     -10.0069 
          50      42.6399 -2.41381e-05 -1.03828e-06     -10.0067 
          50      42.8404 -2.42642e-05 -1.24205e-06     -10.0065 
          50      43.0412 -2.43282e-05 -1.40453e-06     -10.0064 
          50      43.2426 -2.43379e-05 -1.51325e-06     -10.0062 
          50      43.4444 -2.43024e-05 -1.56536e-06     -10.0061 
          50      43.6467 -2.42316e-05 -1.56657e-06     -10.0059 
          50      43.8494 -2.41366e-05 -1.52914e-06     -10.0058 
          50      44.0527 -2.40288e-05 -1.47025e-06     -10.0056 
          50      44.2563 -2.39205e-05 -1.41068e-06     -10.0054 
          50      44.4606 -2.38239e-05   -1.373e-06     -10.0053 
          50      44.6653 -2.37517e-05 -1.38041e-06     -10.0051 
          50      44.8704 -2.37164e-05 -1.45516e-06      -10.005 
          50       45.076 -2.37301e-05 -1.61757e-06     -10.0048 
          50       45.282 -2.38048e-05 -1.88426e-06     -10.0046 
          50      45.4886 -2.37959e-05 -1.88588e-06     -10.0045 
          50      45.6955  -2.3751e-05 -1.79607e-06     -10.0043 
          50       45.903 -2.37101e-05 -1.72587e-06     -10.0041 
          50      46.1111 -2.36719e-05 -1.67568e-06      -10.004 
          50      46.3194 -2.36359e-05 -1.64554e-06     -10.0038 
          50      46.5283 -2.36017e-05 -1.63515e-06     -10.0036 
          50      46.7376 -2.35693e-05 -1.64392e-06     -10.0035 
          50      46.9475 -2.35391e-05 -1.67088e-06     -10.0033 
          50      47.1577 -2.35117e-05 -1.71459e-06     -10.0031 
          50      47.3685 -2.34876e-05 -1.77322e-06     -10.0029 
          50      47.5798 -2.34679e-05 -1.84431e-06     -10.0028 
          50      47.7914 -2.34532e-05 -1.92473e-06     -10.0026 
          50      48.0037 -2.34443e-05 -2.01087e-06     -10.0024 
          50      48.2162  -2.3442e-05 -2.09806e-06     -10.0022 
          50      48.4294 -2.34467e-05   -2.181e-06     -10.0021 
          50      48.6429 -2.34585e-05 -2.25315e-06     -10.0019 
          50       48.857 -2.34774e-05  -2.3071e-06     -10.0017 
          50      49.0714 -2.35026e-05 -2.33399e-06     -10.0015 
          50      49.2865  -2.3533e-05 -2.32371e-06     -10.0014 
          50       49.502  -2.3567e-05 -2.26452e-06     -10.0012 
          50      49.7179 -2.36018e-05 -2.14318e-06      -10.001 
          50      49.9343 -2.36344e-05 -1.94423e-06     -10.0008 
          50      50.1511 -2.36603e-05 -1.65071e-06     -10.0006 
          50      50.3685 -2.36744e-05 -1.24261e-06     -10.0004 
          50      50.5862 -2.37629e-05 -1.25913e-06     -10.0003 
          50      50.8046  -2.3838e-05 -1.45204e-06     -10.0001 
          50      51.0234 -2.38634e-05   -1.587e-06     -9.99989 
          50      51.2425 -2.38521e-05 -1.67513e-06      -9.9997 
          50      51.4623 -2.38151e-05 -1.72665e-06     -9.99952 
          50      51.6824 -2.37623e-05 -1.75051e-06     -9.99933 
          50      51.9031  -2.3702e-05 -1.75469e-06     -9.99914 
          50      52.1241  -2.3641e-05 -1.74609e-06     -9.99895 
          50      52.3457 -2.35847e-05 -1.73056e-06     -9.99876 
          50      52.5676 -2.35373e-05 -1.71298e-06     -9.99857 
          50      52.7902 -2.35016e-05 -1.69718e-06     -9.99838 
          50      53.0133 -2.34793e-05 -1.68611e-06     -9.99819 
          50      53.2366 -2.34711e-05 -1.68178e-06       -9.998 
          50      53.4606 -2.34766e-05 -1.68535e-06      -9.9978 
          50      53.6849 -2.34945e-05 -1.69718e-06     -9.99761 
          50      53.9099 -2.35228e-05 -1.71693e-06     -9.99741 
          50      54.1351  -2.3559e-05 -1.74357e-06     -9.99722 
          50       54.361 -2.36001e-05 -1.77555e-06     -9.99702 
          50      54.5873 -2.36428e-05 -1.81079e-06     -9.99682 
          50      54.8139 -2.36836e-05 -1.84683e-06     -9.99663 
          50      55.0412 -2.37195e-05 -1.88103e-06     -9.99643 
          50      55.2688 -2.37474e-05 -1.91048e-06     -9.99623 
          50       55.497  -2.3765e-05 -1.93239e-06     -9.99603 
          50      55.7255 -2.37706e-05 -1.94399e-06     -9.99583 
          50      55.9547 -2.37638e-05 -1.94285e-06     -9.99563 
          50      56.1844 -2.37453e-05 -1.92694e-06     -9.99542 
          50      56.4143 -2.37177e-05 -1.89491e-06     -9.99522 
          50      56.6449 -2.36853e-05 -1.84611e-06     -9.99502 
          50      56.8757 -2.36548e-05 -1.78104e-06     -9.99481 
          50      57.1072 -2.36355e-05 -1.70121e-06     -9.99461 
          50       57.339 -2.36298e-05 -1.60631e-06      -9.9944 
          50      57.5715  -2.3584e-05 -1.53046e-06      -9.9942 
          50      57.8042 -2.35278e-05 -1.51252e-06     -9.99399 
          50      58.0376 -2.34675e-05 -1.54255e-06     -9.99378 
          50      58.2715 -2.34096e-05  -1.6099e-06     -9.99357 
          50      58.5057 -2.33604e-05 -1.70327e-06     -9.99337 
          50      58.7405 -2.33252e-05 -1.81143e-06     -9.99316 
          50      58.9756  -2.3308e-05 -1.92303e-06     -9.99295 
          50      59.2113 -2.33109e-05 -2.02769e-06     -9.99273 
          50      59.4473 -2.33335e-05 -2.11579e-06     -9.99252 
          50       59.684 -2.33722e-05  -2.1796e-06     -9.99231 
          50      59.9212 -2.34193e-05 -2.21335e-06      -9.9921 
          50      60.1586 -2.34626e-05 -2.21416e-06     -9.99188 
          50      60.3967 -2.34844e-05 -2.18263e-06     -9.99167 
          50      60.6351 -2.34605e-05 -2.12357e-06     -9.99146 
          50      60.8741 -2.33594e-05 -2.04668e-06     -9.99124 
          50      61.1135 -2.31416e-05 -1.96768e-06     -9.99102 
          50      61.3534 -2.32302e-05 -2.02427e-06     -9.99081 
          50      61.5939 -2.33388e-05 -2.10309e-06     -9.99059 
          50      61.8346 -2.34012e-05 -2.17622e-06     -9.99037 
          50       62.076  -2.3428e-05  -2.2407e-06     -9.99015 
          50      62.3177 -2.34286e-05 -2.29424e-06     -9.98994 
          50        62.56 -2.34106e-05  -2.3356e-06     -9.98972 
          50      62.8026 -2.33806e-05 -2.36413e-06      -9.9895 
          50      63.0459  -2.3344e-05 -2.37993e-06     -9.98927 
          50      63.2894  -2.3305e-05 -2.38361e-06     -9.98905 
          50      63.5336  -2.3267e-05 -2.37628e-06     -9.98883 
          50      63.7783 -2.32323e-05 -2.35943e-06     -9.98861 
          50      64.0233 -2.32025e-05  -2.3349e-06     -9.98839 
          50      64.2689 -2.31785e-05 -2.30469e-06     -9.98816 
          50      64.5148 -2.31605e-05 -2.27105e-06     -9.98794 
          50      64.7613 -2.31482e-05 -2.23618e-06     -9.98771 
          50      65.0082 -2.31409e-05  -2.2024e-06     -9.98749 
          50      65.2557 -2.31373e-05 -2.17185e-06     -9.98726 
          50      65.5036 -2.31359e-05 -2.14657e-06     -9.98703 
          50      65.7519 -2.31349e-05 -2.12841e-06     -9.98681 
          50      66.0008 -2.31323e-05 -2.11887e-06     -9.98658 
          50        66.25 -2.31258e-05 -2.11914e-06     -9.98635 
          50      66.4998 -2.31132e-05 -2.13001e-06     -9.98612 
          50        66.75 -2.30922e-05 -2.15178e-06     -9.98589 
          50      67.0007 -2.30602e-05 -2.18428e-06     -9.98567 
          50      67.2518  -2.3015e-05 -2.22669e-06     -9.98544 
          50      67.5035 -2.29542e-05 -2.27769e-06      -9.9852 
          50      67.7557 -2.28754e-05 -2.33521e-06     -9.98497 
          50      68.0082 -2.27765e-05 -2.39645e-06     -9.98474 
          50      68.2614 -2.26552e-05 -2.45806e-06     -9.98451 
          50      68.5148 -2.25095e-05 -2.51571e-06     -9.98428 
          50      68.7688  -2.2579e-05 -2.43317e-06     -9.98405 
          50      69.0232 -2.26519e-05 -2.34885e-06     -9.98381 
          50      69.2782 -2.27157e-05 -2.27284e-06     -9.98358 
          50      69.5337 -2.27715e-05 -2.20691e-06     -9.98334 
          50      69.7895 -2.28201e-05 -2.15244e-06     -9.98311 
          50      70.0459 -2.28623e-05 -2.11033e-06     -9.98287 
          50      70.3026 -2.28985e-05 -2.08125e-06     -9.98264 
          50        70.56 -2.29291e-05 -2.06539e-06      -9.9824 
          50      70.8176 -2.29544e-05 -2.06259e-06     -9.98217 
          50      71.0759 -2.29746e-05 -2.07227e-06     -9.98193 
          50      71.3347 -2.29899e-05 -2.09342e-06     -9.98169 
          50      71.5938 -2.30007e-05 -2.12462e-06     -9.98145 
          50      71.8535 -2.30076e-05 -2.16406e-06     -9.98122 
          50      72.1135 -2.30113e-05 -2.20944e-06     -9.98098 
          50      72.3741 -2.30131e-05 -2.25819e-06     -9.98074 
          50       72.635 -2.30146e-05 -2.30719e-06      -9.9805 
          50      72.8967 -2.30182e-05 -2.35309e-06     -9.98026 
          50      73.1585 -2.30269e-05 -2.39205e-06     -9.98002 
          50      73.4211 -2.30447e-05 -2.42002e-06     -9.97978 
          50      73.6841 -2.30765e-05 -2.43256e-06     -9.97954 
          50      73.9473 -2.31284e-05 -2.42497e-06      -9.9793 
          50      74.2113 -2.32081e-05 -2.39232e-06     -9.97906 
          50      74.4755  -2.3321e-05 -2.33506e-06     -9.97882 
          50      74.7404 -2.33802e-05 -2.36002e-06     -9.97858 
          50      75.0056 -2.34054e-05 -2.39799e-06     -9.97833 
          50      75.2714  -2.3401e-05 -2.43816e-06     -9.97809 
          50      75.5377 -2.33709e-05 -2.47232e-06     -9.97785 
          50      75.8043 -2.33193e-05 -2.49472e-06     -9.97761 
          50      76.0715   -2.325e-05  -2.5018e-06     -9.97736 
          50       76.339  -2.3167e-05 -2.49187e-06     -9.97712 
          50      76.6072 -2.30743e-05 -2.46487e-06     -9.97688 
          50      76.8756 -2.29759e-05  -2.4222e-06     -9.97663 
          50      77.1448 -2.28757e-05  -2.3663e-06     -9.97639 
          50      77.4141 -2.27777e-05 -2.30067e-06     -9.97614 
          50      77.6842 -2.26861e-05 -2.22932e-06      -9.9759 
          50      77.9547 -2.26048e-05 -2.15688e-06     -9.97566 
          50      78.2255 -2.25383e-05 -2.08823e-06     -9.97541 
          50       78.497 -2.24906e-05 -2.02814e-06     -9.97517 
          50      78.7687 -2.24663e-05 -1.98144e-06     -9.97492 
          50      79.0411 -2.24696e-05 -1.95245e-06     -9.97467 
          50      79.3138  -2.2471e-05 -2.01755e-06     -9.97443 
          50      79.5872 -2.24506e-05 -2.13887e-06     -9.97418 
          50       79.861 -2.24399e-05 -2.22437e-06     -9.97394 
          50      80.1351 -2.24395e-05 -2.27802e-06     -9.97369 
          50      80.4098 -2.24497e-05 -2.30388e-06     -9.97345 
          50      80.6849 -2.24697e-05 -2.30586e-06      -9.9732 
          50      80.9606 -2.24988e-05 -2.28787e-06     -9.97295 
          50      81.2365 -2.25353e-05 -2.25378e-06     -9.97271 
          50      81.5132 -2.25775e-05 -2.20734e-06     -9.97246 
          50      81.7903  -2.2623e-05 -2.15225e-06     -9.97221 
          50      82.0676 -2.26694e-05 -2.09212e-06     -9.97197 
          50      82.3457  -2.2714e-05 -2.03024e-06     -9.97172 
          50       82.624 -2.27539e-05 -1.96985e-06     -9.97147 
          50       82.903 -2.27866e-05 -1.91372e-06     -9.97123 
          50      83.1822 -2.28091e-05 -1.86448e-06     -9.97098 
          50      83.4622 -2.28192e-05 -1.82415e-06     -9.97073 
          50      83.7424 -2.28147e-05 -1.79442e-06     -9.97048 
          50      84.0232 -2.27941e-05 -1.77624e-06     -9.97024 
          50      84.3046 -2.27564e-05    -1.77e-06     -9.96999 
          50      84.5862 -2.27015e-05 -1.77521e-06     -9.96974 
          50      84.8685 -2.26304e-05 -1.79053e-06      -9.9695 
          50       85.151  -2.2545e-05 -1.81353e-06     -9.96925 
          50      85.4342 -2.24486e-05 -1.84066e-06       -9.969 
          50      85.7177 -2.23464e-05 -1.86699e-06     -9.96876 
          50      86.0019  -2.2245e-05 -1.88618e-06     -9.96851 
          50      86.2865 -2.21531e-05 -1.89019e-06     -9.96826 
          50      86.5714  -2.2082e-05 -1.86919e-06     -9.96802 
          50       86.857 -2.20449e-05  -1.8113e-06     -9.96777 
          50      87.1428 -2.20582e-05 -1.70254e-06     -9.96752 
          50      87.4293 -2.21415e-05 -1.52624e-06     -9.96728 
          50      87.7161 -2.23173e-05 -1.26353e-06     -9.96703 
          50      88.0035 -2.25765e-05  -9.7387e-07     -9.96678 
          50      88.2914 -2.25717e-05 -1.28839e-06     -9.96654 
          50      88.5796 -2.25473e-05 -1.51559e-06     -9.96629 
          50      88.8685 -2.25089e-05 -1.67058e-06     -9.96605 
          50      89.1576 -2.24612e-05 -1.76626e-06      -9.9658 
          50      89.4474 -2.24083e-05 -1.81449e-06     -9.96556 
          50      89.7374 -2.23538e-05 -1.82551e-06     -9.96531 
          50      90.0282 -2.23005e-05  -1.8084e-06     -9.96507 
          50      90.3192 -2.22507e-05 -1.77101e-06     -9.96482 
          50      90.6109 -2.22062e-05 -1.72005e-06     -9.96458 
          50       90.903 -2.21683e-05 -1.66127e-06     -9.96433 
          50      91.1954 -2.21379e-05  -1.5995e-06     -9.96409 
          50      91.4885 -2.21152e-05 -1.53857e-06     -9.96385 
          50      91.7819 -2.21005e-05  -1.4817e-06      -9.9636 
          50      92.0759 -2.20934e-05 -1.43125e-06     -9.96336 
          50      92.3702 -2.20934e-05 -1.38906e-06     -9.96312 
          50      92.6652 -2.20997e-05 -1.35629e-06     -9.96288 
          50      92.9606 -2.21113e-05 -1.33367e-06     -9.96263 
          50      93.2563 -2.21271e-05 -1.32145e-06     -9.96239 
          50      93.5527 -2.21457e-05 -1.31947e-06     -9.96215 
          50      93.8493 -2.21659e-05 -1.32725e-06     -9.96191 
          50      94.1466 -2.21862e-05 -1.34401e-06     -9.96167 
          50      94.4442 -2.22052e-05  -1.3687e-06     -9.96143 
          50      94.7425 -2.22217e-05 -1.40011e-06     -9.96119 
          50       95.041 -2.22342e-05 -1.43677e-06     -9.96095 
          50      95.3402 -2.22418e-05 -1.47718e-06     -9.96071 
          50      95.6399 -2.22434e-05 -1.51962e-06     -9.96047 
          50      95.9398 -2.22382e-05 -1.56227e-06     -9.96023 
          50      96.2404 -2.22258e-05 -1.60334e-06        -9.96 
          50      96.5412 -2.22058e-05 -1.64082e-06     -9.95976 
          50      96.8428 -2.21784e-05 -1.67275e-06     -9.95952 
          50      97.1446  -2.2144e-05   -1.697e-06     -9.95929 
          50      97.4471 -2.21033e-05 -1.71144e-06     -9.95905 
          50      97.7501 -2.20577e-05 -1.71379e-06     -9.95882 
          50      98.0533 -2.20089e-05 -1.70168e-06     -9.95858 
          50      98.3572 -2.19592e-05 -1.67257e-06     -9.95835 
          50      98.6613 -2.19112e-05 -1.62382e-06     -9.95811 
          50      98.9662 -2.18685e-05 -1.55243e-06     -9.95788 
          50      99.2712 -2.18498e-05 -1.49721e-06     -9.95765 
          50       99.577 -2.18494e-05 -1.43954e-06     -9.95742 
          50      99.8833 -2.18623e-05 -1.37638e-06     -9.95718 
          50       100.19 -2.18845e-05 -1.31116e-06     -9.95695 
          50      100.497  -2.1911e-05 -1.24779e-06     -9.95672 
          50      100.804 -2.19351e-05 -1.19133e-06     -9.95649 
          50      101.113 -2.19485e-05 -1.14796e-06     -9.95626 
          50      101.421 -2.19413e-05 -1.12564e-06     -9.95604 
          50       101.73 -2.19011e-05 -1.13427e-06     -9.95581 
          50      102.039 -2.18136e-05 -1.18623e-06     -9.95558 
          50      102.349 -2.16614e-05 -1.29692e-06     -9.95536 
          50       102.66 -2.15944e-05 -1.40716e-06     -9.95513 
          50      102.971 -2.17894e-05 -1.38381e-06     -9.95491 
          50      103.282 -2.18898e-05 -1.35818e-06     -9.95468 
          50      103.594 -2.19031e-05 -1.32534e-06     -9.95446 
          50      103.906 -2.18371e-05 -1.28186e-06     -9.95424 
          50      104.219 -2.16992e-05 -1.22593e-06     -9.95402 
          50      104.532 -2.14961e-05 -1.15692e-06     -9.95379 
          50      104.846  -2.1234e-05  -1.0756e-06     -9.95357 
          50       105.16 -2.12853e-05 -1.10035e-06     -9.95335 
          50      105.474 -2.13986e-05 -1.13962e-06     -9.95314 
          50      105.789 -2.14857e-05 -1.16462e-06     -9.95292 
          50      106.105 -2.15523e-05 -1.17791e-06      -9.9527 
          50      106.421 -2.16026e-05 -1.18177e-06     -9.95249 
          50      106.738 -2.16406e-05 -1.17832e-06     -9.95227 
          50      107.055 -2.16691e-05 -1.16943e-06     -9.95206 
          50      107.372 -2.16906e-05  -1.1568e-06     -9.95185 
          50       107.69 -2.17069e-05 -1.14191e-06     -9.95163 
          50      108.008 -2.17192e-05 -1.12607e-06     -9.95142 
          50      108.327 -2.17287e-05 -1.11036e-06     -9.95121 
          50      108.646 -2.17358e-05 -1.09571e-06       -9.951 
          50      108.966 -2.17409e-05 -1.08284e-06      -9.9508 
          50      109.286 -2.17441e-05 -1.07233e-06     -9.95059 
          50      109.607 -2.17455e-05 -1.06456e-06     -9.95038 
          50      109.928 -2.17448e-05 -1.05978e-06     -9.95018 
          50       110.25 -2.17419e-05 -1.05808e-06     -9.94997 
          50      110.572 -2.17366e-05 -1.05943e-06     -9.94977 
          50      110.895 -2.17288e-05 -1.06363e-06     -9.94957 
          50      111.218 -2.17183e-05 -1.07042e-06     -9.94937 
          50      111.541 -2.17052e-05 -1.07937e-06     -9.94916 
          50      111.865 -2.16895e-05 -1.09003e-06     -9.94897 
          50       112.19 -2.16713e-05 -1.10182e-06     -9.94877 
          50      112.515 -2.16512e-05 -1.11411e-06     -9.94857 
          50       112.84 -2.16295e-05 -1.12624e-06     -9.94837 
          50      113.166 -2.16068e-05  -1.1375e-06     -9.94818 
          50      113.492 -2.15839e-05 -1.14717e-06     -9.94798 
          50      113.819 -2.15616e-05 -1.15455e-06     -9.94779 
          50      114.147 -2.15408e-05 -1.15895e-06      -9.9476 
          50      114.474 -2.15225e-05 -1.15973e-06     -9.94741 
          50      114.803 -2.15076e-05 -1.15631e-06     -9.94722 
          50      115.131 -2.14972e-05  -1.1482e-06     -9.94703 
          50       115.46  -2.1492e-05 -1.13506e-06     -9.94685 
          50       115.79 -2.14928e-05 -1.11661e-06     -9.94666 
          50       116.12 -2.15002e-05 -1.09282e-06     -9.94648 
          50      116.451 -2.15142e-05 -1.06378e-06      -9.9463 
          50      116.782 -2.15349e-05 -1.02985e-06     -9.94612 
          50      117.113 -2.15616e-05 -9.91588e-07     -9.94594 
          50      117.446  -2.1593e-05 -9.49866e-07     -9.94576 
          50      117.778 -2.16273e-05 -9.05898e-07     -9.94558 
          50      118.111 -2.16619e-05  -8.6113e-07     -9.94541 
          50      118.444 -2.16931e-05 -8.17526e-07     -9.94523 
          50      118.778 -2.17161e-05 -7.77322e-07     -9.94506 
          50      119.112 -2.17252e-05 -7.43335e-07     -9.94489 
          50      119.447 -2.17128e-05 -7.18757e-07     -9.94472 
          50      119.783 -2.16701e-05 -7.07392e-07     -9.94455 
          50      120.118 -2.15866e-05 -7.13571e-07     -9.94438 
          50      120.455 -2.14494e-05 -7.42256e-07     -9.94421 
          50      120.791 -2.12441e-05 -7.99006e-07     -9.94405 
          50      121.128 -2.09532e-05 -8.90221e-07     -9.94388 
          50      121.466  -2.0594e-05 -1.01515e-06     -9.94372 
          50      121.804 -2.09634e-05 -9.89996e-07     -9.94356 
          50      122.143 -2.12465e-05 -9.68135e-07      -9.9434 
          50      122.482 -2.14547e-05 -9.48888e-07     -9.94324 
          50      122.821 -2.15978e-05 -9.31715e-07     -9.94308 
          50      123.161 -2.16852e-05 -9.16153e-07     -9.94293 
          50      123.502 -2.17253e-05 -9.01776e-07     -9.94277 
          50      123.843  -2.1726e-05 -8.88274e-07     -9.94262 
          50      124.184 -2.16942e-05 -8.75351e-07     -9.94247 
          50      124.526 -2.16364e-05  -8.6281e-07     -9.94232 
          50      124.868 -2.15581e-05 -8.50458e-07     -9.94218 
          50      125.211 -2.14647e-05 -8.38174e-07     -9.94203 
          50      125.554 -2.13608e-05 -8.25872e-07     -9.94189 
          50      125.898 -2.12503e-05 -8.13462e-07     -9.94175 
          50      126.242  -2.1137e-05 -8.00917e-07     -9.94161 
          50      126.587 -2.10241e-05 -7.88187e-07     -9.94147 
          50      126.932 -2.09143e-05  -7.7527e-07     -9.94133 
          50      127.278 -2.08099e-05 -7.62128e-07      -9.9412 
          50      127.624 -2.07132e-05 -7.48754e-07     -9.94106 
          50      127.971  -2.0626e-05 -7.35134e-07     -9.94093 
          50      128.318 -2.05497e-05 -7.21209e-07      -9.9408 
          50      128.665 -2.04856e-05 -7.06947e-07     -9.94068 
          50      129.013 -2.04347e-05 -6.92249e-07     -9.94055 
          50      129.361 -2.03981e-05 -6.77036e-07     -9.94043 
          50       129.71 -2.03765e-05  -6.6115e-07     -9.94031 
          50       130.06 -2.03706e-05 -6.44446e-07     -9.94019 
          50       130.41 -2.03808e-05 -6.26691e-07     -9.94007 
          50       130.76 -2.04078e-05 -6.07643e-07     -9.93995 
          50      131.111 -2.04521e-05 -5.87021e-07     -9.93984 
          50      131.462  -2.0514e-05 -5.64441e-07     -9.93973 
          50      131.814 -2.05942e-05 -5.39538e-07     -9.93962 
          50      132.166 -2.06931e-05 -5.11811e-07     -9.93951 
          50      132.519 -2.08113e-05 -4.80785e-07      -9.9394 
          50      132.872 -2.09496e-05  -4.4583e-07      -9.9393 
          50      133.226 -2.11087e-05 -4.06325e-07      -9.9392 
          50       133.58 -2.12894e-05 -3.61597e-07      -9.9391 
          50      133.934 -2.14929e-05 -3.10797e-07       -9.939 
          50      134.289  -2.1601e-05 -3.13752e-07     -9.93891 
          50      134.645 -2.16837e-05 -3.42332e-07     -9.93882 
          50          135  -2.1783e-05 -3.68053e-07     -9.93873 
          50      135.357 -2.18829e-05 -3.90764e-07     -9.93864 
          50      135.714 -2.19692e-05 -4.10284e-07     -9.93856 
          50      136.071 -2.20304e-05 -4.26546e-07     -9.93847 
          50      136.429  -2.2057e-05 -4.39484e-07     -9.93839 
          50      136.787 -2.20423e-05 -4.49087e-07     -9.93831 
          50      137.146  -2.1982e-05 -4.55411e-07     -9.93824 
          50      137.505 -2.18743e-05 -4.58532e-07     -9.93816 
          50      137.865 -2.17198e-05 -4.58582e-07     -9.93808 
          50      138.225 -2.15215e-05 -4.55727e-07     -9.93801 
          50      138.586 -2.12844e-05 -4.50166e-07     -9.93794 
          50      138.947 -2.10158e-05 -4.42137e-07     -9.93787 
          50      139.309 -2.07252e-05 -4.31917e-07      -9.9378 
          50      139.671 -2.04227e-05 -4.19784e-07     -9.93774 
          50      140.033 -2.01209e-05 -4.06072e-07     -9.93767 
          50      140.397 -1.98322e-05 -3.91094e-07     -9.93761 
          50       140.76 -1.95709e-05 -3.75217e-07     -9.93755 
          50      141.124 -1.93503e-05 -3.58766e-07     -9.93749 
          50      141.488 -1.91841e-05 -3.42107e-07     -9.93744 
          50      141.853 -1.90851e-05 -3.25595e-07     -9.93738 
          50      142.219 -1.90646e-05 -3.09534e-07     -9.93733 
          50      142.584  -1.9132e-05 -2.94257e-07     -9.93728 
          50      142.951 -1.92942e-05 -2.80018e-07     -9.93723 
          50      143.317 -1.95542e-05 -2.67076e-07     -9.93718 
          50      143.685 -1.99118e-05 -2.55601e-07     -9.93714 
          50      144.052 -2.03605e-05 -2.45744e-07      -9.9371 
          50      144.421 -2.08896e-05 -2.37549e-07     -9.93706 
          50      144.789 -2.14804e-05 -2.31009e-07     -9.93702 
          50      145.158 -2.21059e-05 -2.26016e-07     -9.93698 
          50      145.528 -2.27324e-05  -2.2235e-07     -9.93695 
          50      145.898 -2.33136e-05 -2.19683e-07     -9.93692 
          50      146.269 -2.37944e-05 -2.17552e-07     -9.93689 
          50       146.64 -2.41054e-05 -2.15352e-07     -9.93687 
          50      147.011 -2.41647e-05 -2.12312e-07     -9.93684 
          50      147.383 -2.38745e-05 -2.07492e-07     -9.93682 
          50      147.755 -2.31213e-05 -1.99762e-07     -9.93681 
          50      148.128  -2.1772e-05 -1.87767e-07     -9.93679 
          50      148.502  -1.9677e-05 -1.69958e-07     -9.93678 
          50      148.876 -1.66598e-05  -1.4449e-07     -9.93677 
          50       149.25 -1.25293e-05 -1.09326e-07     -9.93676 
          50      149.625 -7.05774e-06 -6.20448e-08     -9.93676 
          50          150           -0           -0     -9.93676 
