Variables = x, y, u, v, p

Zone, I=800, F=POINT
         -70            0           -0           -0 -0.000431896 
         -70     0.000234  0.000150418  3.10308e-11 -0.000431896 
         -70     0.000939  0.000603599  4.99648e-10 -0.000431895 
         -70     0.002113   0.00135826  2.53015e-09 -0.000431894 
         -70     0.003759   0.00241631  8.00795e-09 -0.000431892 
         -70     0.005872   0.00377454  1.95428e-08  -0.00043189 
         -70     0.008457   0.00543616  4.05411e-08 -0.000431887 
         -70      0.01151   0.00739858  7.51053e-08 -0.000431883 
         -70     0.015036   0.00966501  1.28189e-07 -0.000431879 
         -70     0.019031    0.0122329  2.05392e-07 -0.000431875 
         -70     0.023493    0.0151008  3.13054e-07  -0.00043187 
         -70     0.028429    0.0182734  4.58518e-07 -0.000431864 
         -70     0.033831    0.0217454  6.49474e-07 -0.000431858 
         -70     0.039706    0.0255213  8.94854e-07 -0.000431851 
         -70     0.046047    0.0295965  1.20381e-06 -0.000431844 
         -70     0.052863    0.0339769  1.58702e-06 -0.000431836 
         -70      0.06015    0.0386598  2.05534e-06 -0.000431828 
         -70       0.0679      0.04364  2.61993e-06 -0.000431819 
         -70     0.076126    0.0489257   3.2943e-06 -0.000431809 
         -70     0.084816    0.0545093  4.09078e-06   -0.0004318 
         -70     0.093982    0.0603983  5.02457e-06 -0.000431789 
         -70     0.103611    0.0665842  6.10924e-06 -0.000431778 
         -70     0.113718    0.0730765  7.36214e-06 -0.000431766 
         -70     0.124286    0.0798641  8.79762e-06 -0.000431754 
         -70     0.135333    0.0869584  1.04354e-05 -0.000431741 
         -70      0.14685    0.0943532  1.22922e-05 -0.000431728 
         -70     0.158827     0.102042  1.43851e-05 -0.000431714 
         -70     0.171284     0.110037  1.67372e-05   -0.0004317 
         -70     0.184201     0.118325   1.9365e-05 -0.000431685 
         -70     0.197599     0.126919  2.22938e-05 -0.000431669 
         -70     0.211455     0.135803  2.55405e-05 -0.000431653 
         -70     0.225792     0.144992   2.9133e-05 -0.000431636 
         -70       0.2406     0.154478  3.30922e-05 -0.000431618 
         -70     0.255865     0.164252  3.74381e-05   -0.0004316 
         -70     0.271613     0.174328  4.22027e-05 -0.000431582 
         -70     0.287818     0.184689  4.74032e-05 -0.000431562 
         -70     0.304506     0.195349  5.30739e-05 -0.000431542 
         -70      0.32165      0.20629  5.92318e-05 -0.000431521 
         -70     0.339278     0.217527  6.59137e-05   -0.0004315 
         -70     0.357377     0.229049  7.31423e-05 -0.000431478 
         -70      0.37593     0.240844  8.09379e-05 -0.000431455 
         -70     0.394968     0.252927  8.93412e-05 -0.000431431 
         -70     0.414461     0.265276  9.83669e-05 -0.000431407 
         -70      0.43444     0.277907  0.000108058 -0.000431381 
         -70     0.454872     0.290795  0.000118425 -0.000431355 
         -70     0.475791     0.303955  0.000129513 -0.000431328 
         -70     0.497163     0.317362  0.000141333   -0.0004313 
         -70     0.519021     0.331029  0.000153929 -0.000431271 
         -70      0.54135     0.344941  0.000167318 -0.000431241 
         -70     0.564131     0.359078  0.000181515 -0.000431209 
         -70       0.5874     0.373454  0.000196566 -0.000431177 
         -70     0.611121     0.388039  0.000212469 -0.000431143 
         -70      0.63533     0.402844  0.000229272 -0.000431109 
         -70      0.65999     0.417836  0.000246968 -0.000431072 
         -70     0.685139     0.433026    0.0002656 -0.000431035 
         -70     0.710759     0.448391  0.000285172 -0.000430995 
         -70     0.736828     0.463905  0.000305677 -0.000430955 
         -70     0.763387     0.479575  0.000327158 -0.000430912 
         -70     0.790396     0.495364  0.000349587 -0.000430868 
         -70     0.817896     0.511278  0.000373001 -0.000430822 
         -70     0.845843     0.527273  0.000397361 -0.000430773 
         -70     0.874283     0.543357    0.0004227 -0.000430723 
         -70      0.90317     0.559483  0.000448967 -0.000430671 
         -70     0.932551     0.575656  0.000476186 -0.000430616 
         -70     0.962401     0.591839  0.000504316 -0.000430558 
         -70     0.992697     0.607997  0.000533305 -0.000430498 
         -70      1.02349     0.624129  0.000563167 -0.000430435 
         -70      1.05472     0.640185  0.000593815  -0.00043037 
         -70      1.08645     0.656165  0.000625252 -0.000430301 
         -70      1.11863     0.672014  0.000657376 -0.000430229 
         -70       1.1513      0.68773   0.00069018 -0.000430154 
         -70      1.18444     0.703273  0.000723573 -0.000430075 
         -70      1.21802     0.718601  0.000757456 -0.000429993 
         -70      1.25211      0.73371  0.000791806 -0.000429907 
         -70      1.28663     0.748547  0.000826483 -0.000429817 
         -70      1.32165     0.763106  0.000861454 -0.000429724 
         -70      1.35712     0.777337  0.000896567 -0.000429626 
         -70      1.39308     0.791235  0.000931779 -0.000429524 
         -70      1.42951     0.804762   0.00096696 -0.000429418 
         -70      1.46638     0.817881   0.00100198 -0.000429308 
         -70      1.50375     0.830591   0.00103678 -0.000429193 
         -70      1.54156     0.842847   0.00107117 -0.000429072 
         -70      1.57987     0.854653   0.00110515 -0.000428947 
         -70      1.61863     0.865971   0.00113853 -0.000428819 
         -70      1.65788     0.876803   0.00117127 -0.000428686 
         -70      1.69757     0.887117    0.0012032 -0.000428549 
         -70      1.73776     0.896919   0.00123426 -0.000428407 
         -70      1.77842     0.906195   0.00126435  -0.00042826 
         -70      1.81952     0.914932   0.00129334 -0.000428109 
         -70      1.86113     0.923145   0.00132122 -0.000427952 
         -70      1.90316     0.930822   0.00134786 -0.000427792 
         -70      1.94571      0.93798   0.00137326 -0.000427626 
         -70      1.98869     0.944616   0.00139733 -0.000427456 
         -70      2.03217     0.950752   0.00142007 -0.000427281 
         -70      2.07612     0.956396   0.00144143 -0.000427102 
         -70      2.12051     0.961559   0.00146139  -0.00042692 
         -70       2.1654     0.966268   0.00147997 -0.000426733 
         -70      2.21073     0.970535   0.00149716 -0.000426542 
         -70      2.25656     0.974388     0.001513 -0.000426348 
         -70      2.30283     0.977845   0.00152749  -0.00042615 
         -70       2.3496     0.980934    0.0015407 -0.000425949 
         -70      2.39685     0.983677   0.00155265 -0.000425744 
         -70      2.44452     0.986097    0.0015634 -0.000425536 
         -70      2.49271     0.988225   0.00157302 -0.000425325 
         -70      2.54132     0.990081   0.00158155  -0.00042511 
         -70      2.59044     0.991693    0.0015891 -0.000424893 
         -70         2.64     0.993083   0.00159571 -0.000424672 
         -70      2.69006     0.994276   0.00160147 -0.000424448 
         -70      2.74056     0.995292   0.00160644 -0.000424221 
         -70      2.79156     0.996154   0.00161072  -0.00042399 
         -70      2.84304     0.996879   0.00161436 -0.000423757 
         -70      2.89494     0.997485   0.00161744  -0.00042352 
         -70      2.94735      0.99799   0.00162003 -0.000423281 
         -70       3.0002     0.998406   0.00162218 -0.000423039 
         -70      3.05355     0.998747   0.00162396 -0.000422793 
         -70      3.10733     0.999024   0.00162541 -0.000422546 
         -70      3.16163     0.999248   0.00162658 -0.000422295 
         -70      3.21639     0.999426    0.0016275 -0.000422043 
         -70      3.27158     0.999567   0.00162821 -0.000421788 
         -70      3.32729     0.999677   0.00162875 -0.000421532 
         -70      3.38342     0.999762   0.00162913 -0.000421273 
         -70      3.44007     0.999828   0.00162939 -0.000421012 
         -70      3.49714     0.999879   0.00162954 -0.000420748 
         -70      3.55472     0.999919   0.00162961 -0.000420481 
         -70      3.61273     0.999951   0.00162965 -0.000420209 
         -70      3.67125     0.999975   0.00162968 -0.000419931 
         -70      3.73025     0.999992   0.00162976 -0.000419643 
         -70      3.78967            1   0.00162964 -0.000419364 
         -70      3.84961      1.00001   0.00162948 -0.000419088 
         -70      3.90996      1.00002   0.00162937 -0.000418808 
         -70      3.97084      1.00002   0.00162928 -0.000418523 
         -70      4.03214      1.00003   0.00162916 -0.000418233 
         -70      4.09395      1.00003   0.00162901 -0.000417938 
         -70      4.15624      1.00003   0.00162882 -0.000417639 
         -70      4.21895      1.00003   0.00162859 -0.000417336 
         -70      4.28217      1.00003   0.00162847 -0.000417044 
         -70      4.34582      1.00003   0.00162832 -0.000416744 
         -70      4.40998      1.00003   0.00162816 -0.000416438 
         -70      4.47457      1.00003   0.00162799 -0.000416128 
         -70      4.53968      1.00003   0.00162782 -0.000415814 
         -70      4.60525      1.00003   0.00162764 -0.000415499 
         -70      4.67125      1.00003   0.00162746 -0.000415182 
         -70      4.73777      1.00003   0.00162728 -0.000414862 
         -70       4.8047      1.00003    0.0016271 -0.000414541 
         -70      4.87216      1.00003   0.00162692 -0.000414216 
         -70      4.94003      1.00003   0.00162675 -0.000413888 
         -70      5.00843      1.00003   0.00162657 -0.000413556 
         -70      5.07724      1.00003   0.00162639  -0.00041322 
         -70      5.14658      1.00003   0.00162621  -0.00041288 
         -70      5.21639      1.00003   0.00162602 -0.000412536 
         -70      5.28661      1.00003   0.00162584  -0.00041219 
         -70      5.35736      1.00003   0.00162566 -0.000411841 
         -70      5.42852      1.00003   0.00162548 -0.000411493 
         -70      5.50021      1.00003   0.00162531 -0.000411144 
         -70      5.57231      1.00003   0.00162514 -0.000410797 
         -70      5.64493      1.00003   0.00162498 -0.000410448 
         -70      5.71803      1.00003    0.0016248 -0.000410095 
         -70      5.79154      1.00003   0.00162457 -0.000409731 
         -70      5.86558      1.00003   0.00162444 -0.000409359 
         -70      5.94003      1.00003   0.00162424 -0.000408975 
         -70      6.01501      1.00003     0.001624 -0.000408584 
         -70       6.0904      1.00003   0.00162377 -0.000408192 
         -70      6.16632      1.00003   0.00162357 -0.000407803 
         -70      6.24271      1.00003   0.00162338 -0.000407418 
         -70       6.3195      1.00003   0.00162319 -0.000407038 
         -70      6.39683      1.00003     0.001623 -0.000406662 
         -70      6.47457      1.00003   0.00162281 -0.000406287 
         -70      6.55284      1.00003    0.0016226  -0.00040591 
         -70      6.63152      1.00003    0.0016224 -0.000405527 
         -70      6.71073      1.00003   0.00162218 -0.000405133 
         -70      6.79034      1.00003   0.00162192 -0.000404723 
         -70      6.87049      1.00003   0.00162157 -0.000404294 
         -70      6.95111      1.00003   0.00162145 -0.000403874 
         -70      7.03214      1.00003   0.00162131 -0.000403452 
         -70       7.1137      1.00003   0.00162113 -0.000403023 
         -70      7.19566      1.00003   0.00162096 -0.000402591 
         -70      7.27816      1.00003   0.00162079 -0.000402156 
         -70      7.36106      1.00003   0.00162061 -0.000401717 
         -70      7.44451      1.00003    0.0016204 -0.000401274 
         -70      7.52842      1.00003   0.00162016 -0.000400831 
         -70      7.61273      1.00003   0.00161991 -0.000400389 
         -70      7.69758      1.00003   0.00161965  -0.00039995 
         -70      7.78283      1.00003   0.00161944 -0.000399518 
         -70      7.86862      1.00003   0.00161929 -0.000399091 
         -70      7.95481      1.00003   0.00161912 -0.000398658 
         -70      8.04155      1.00003    0.0016187 -0.000398197 
         -70      8.12868      1.00003   0.00161863 -0.000397749 
         -70      8.21635      1.00003   0.00161845 -0.000397292 
         -70      8.30449      1.00003   0.00161816 -0.000396823 
         -70      8.39303      1.00003    0.0016179 -0.000396351 
         -70      8.48211      1.00003   0.00161769 -0.000395881 
         -70      8.57159      1.00003   0.00161752 -0.000395415 
         -70      8.66161      1.00003   0.00161736  -0.00039495 
         -70      8.75203      1.00003   0.00161718 -0.000394481 
         -70      8.84299      1.00003   0.00161699 -0.000393999 
         -70      8.93443      1.00003   0.00161675 -0.000393504 
         -70      9.02626      1.00003    0.0016165  -0.00039301 
         -70      9.11863      1.00003   0.00161624 -0.000392509 
         -70      9.21139      1.00003   0.00161597 -0.000392006 
         -70      9.30471      1.00003   0.00161571   -0.0003915 
         -70      9.39841      1.00003   0.00161545 -0.000390994 
         -70      9.49267      1.00003   0.00161521 -0.000390487 
         -70      9.58739      1.00003   0.00161498 -0.000389978 
         -70      9.68251      1.00003   0.00161477 -0.000389465 
         -70      9.77817      1.00003   0.00161457 -0.000388948 
         -70      9.87422      1.00003   0.00161437 -0.000388425 
         -70      9.97083      1.00003   0.00161417 -0.000387895 
         -70      10.0678      1.00003   0.00161395 -0.000387358 
         -70      10.1654      1.00003   0.00161373 -0.000386813 
         -70      10.2633      1.00003   0.00161348 -0.000386262 
         -70      10.3618      1.00003   0.00161321 -0.000385706 
         -70      10.4607      1.00003   0.00161294 -0.000385147 
         -70      10.5601      1.00003   0.00161266 -0.000384589 
         -70        10.66      1.00003   0.00161241 -0.000384032 
         -70      10.7603      1.00003   0.00161218 -0.000383479 
         -70      10.8611      1.00003   0.00161199 -0.000382928 
         -70      10.9623      1.00003   0.00161181 -0.000382375 
         -70      11.0641      1.00003    0.0016116 -0.000381809 
         -70      11.1663      1.00003   0.00161123 -0.000381216 
         -70       11.269      1.00003   0.00161096 -0.000380632 
         -70      11.3721      1.00003   0.00161089 -0.000380079 
         -70      11.4757      1.00003   0.00161065 -0.000379497 
         -70      11.5798      1.00003   0.00161037 -0.000378898 
         -70      11.6844      1.00003   0.00161012 -0.000378292 
         -70      11.7894      1.00003   0.00160991  -0.00037768 
         -70       11.895      1.00003   0.00160972 -0.000377066 
         -70      12.0009      1.00003   0.00160953 -0.000376452 
         -70      12.1073      1.00003   0.00160931 -0.000375837 
         -70      12.2142      1.00003   0.00160906 -0.000375226 
         -70      12.3216      1.00003   0.00160879 -0.000374619 
         -70      12.4294      1.00003   0.00160851 -0.000374015 
         -70      12.5378      1.00003   0.00160824 -0.000373409 
         -70      12.6465      1.00003   0.00160798 -0.000372785 
         -70      12.7558      1.00003   0.00160766 -0.000372112 
         -70      12.8656      1.00003   0.00160744 -0.000371498 
         -70      12.9757      1.00003   0.00160724 -0.000370911 
         -70      13.0864      1.00003   0.00160699  -0.00037029 
         -70      13.1975      1.00003   0.00160673 -0.000369648 
         -70      13.3092      1.00003   0.00160648 -0.000368994 
         -70      13.4212      1.00003   0.00160623 -0.000368335 
         -70      13.5338      1.00003     0.001606 -0.000367674 
         -70      13.6468      1.00003   0.00160578 -0.000367013 
         -70      13.7603      1.00003   0.00160556 -0.000366352 
         -70      13.8743      1.00003   0.00160534 -0.000365691 
         -70      13.9886      1.00003   0.00160511 -0.000365028 
         -70      14.1036      1.00003   0.00160487 -0.000364361 
         -70      14.2189      1.00003   0.00160461 -0.000363688 
         -70      14.3348      1.00003   0.00160435 -0.000363007 
         -70       14.451      1.00003   0.00160407 -0.000362317 
         -70      14.5678      1.00003   0.00160378 -0.000361616 
         -70      14.6851      1.00003    0.0016035 -0.000360904 
         -70      14.8028      1.00003   0.00160323 -0.000360182 
         -70       14.921      1.00003   0.00160297 -0.000359449 
         -70      15.0396      1.00003   0.00160274  -0.00035871 
         -70      15.1588      1.00003   0.00160254 -0.000357965 
         -70      15.2783      1.00003   0.00160237  -0.00035722 
         -70      15.3984      1.00003   0.00160221 -0.000356477 
         -70       15.519      1.00003   0.00160203 -0.000355743 
         -70        15.64      1.00003   0.00160188 -0.000354973 
         -70      15.7615      1.00003   0.00160168 -0.000354218 
         -70      15.8834      1.00003   0.00160145 -0.000353481 
         -70      16.0058      1.00003   0.00160119 -0.000352752 
         -70      16.1286      1.00003   0.00160088  -0.00035202 
         -70       16.252      1.00003   0.00160054  -0.00035128 
         -70      16.3759      1.00003   0.00160019  -0.00035053 
         -70      16.5002      1.00003    0.0015999 -0.000349772 
         -70       16.625      1.00003   0.00159971 -0.000349009 
         -70      16.7501      1.00003   0.00159964 -0.000348247 
         -70      16.8759      1.00002   0.00159959 -0.000347485 
         -70       17.002      1.00002    0.0015992 -0.000346717 
         -70      17.1287      1.00002   0.00159854 -0.000345924 
         -70      17.2557      1.00003   0.00159888 -0.000345137 
         -70      17.3834      1.00003   0.00159861 -0.000344366 
         -70      17.5115      1.00003    0.0015982 -0.000343597 
         -70      17.6399      1.00002   0.00159782 -0.000342823 
         -70       17.769      1.00002   0.00159753 -0.000342038 
         -70      17.8984      1.00002   0.00159736 -0.000341242 
         -70      18.0284      1.00002   0.00159729 -0.000340432 
         -70      18.1587      1.00003   0.00159731 -0.000339613 
         -70      18.2896      1.00003   0.00159725 -0.000338796 
         -70       18.421      1.00003   0.00159666 -0.000338017 
         -70      18.5528      1.00002   0.00159649 -0.000337158 
         -70      18.6851      1.00002    0.0015963 -0.000336296 
         -70      18.8178      1.00002   0.00159597 -0.000335451 
         -70      18.9511      1.00002   0.00159559 -0.000334616 
         -70      19.0847      1.00002   0.00159523 -0.000333787 
         -70      19.2189      1.00002    0.0015949 -0.000332957 
         -70      19.3535      1.00002   0.00159465 -0.000332125 
         -70      19.4886      1.00002   0.00159445 -0.000331285 
         -70      19.6242      1.00002    0.0015943 -0.000330434 
         -70      19.7602      1.00002   0.00159419 -0.000329572 
         -70      19.8968      1.00002   0.00159408 -0.000328694 
         -70      20.0337      1.00002   0.00159395 -0.000327802 
         -70      20.1712      1.00002   0.00159379 -0.000326895 
         -70      20.3091      1.00002   0.00159357 -0.000325978 
         -70      20.4475      1.00002   0.00159331  -0.00032505 
         -70      20.5864      1.00002   0.00159299 -0.000324118 
         -70      20.7257      1.00002   0.00159266 -0.000323186 
         -70      20.8655      1.00002   0.00159232 -0.000322258 
         -70      21.0058      1.00002   0.00159203 -0.000321341 
         -70      21.1465      1.00002    0.0015918 -0.000320434 
         -70      21.2877      1.00002   0.00159166 -0.000319542 
         -70      21.4294      1.00002   0.00159159 -0.000318656 
         -70      21.5716      1.00002   0.00159152 -0.000317769 
         -70      21.7142      1.00002   0.00159129 -0.000316861 
         -70      21.8573      1.00002   0.00159064 -0.000315899 
         -70      22.0008      1.00002   0.00159024  -0.00031498 
         -70      22.1449      1.00002   0.00159047 -0.000314142 
         -70      22.2893      1.00002   0.00159027 -0.000313241 
         -70      22.4344      1.00002   0.00158992 -0.000312301 
         -70      22.5797      1.00002   0.00158956  -0.00031134 
         -70      22.7257      1.00002   0.00158928 -0.000310369 
         -70      22.8721      1.00002    0.0015891 -0.000309394 
         -70      23.0189      1.00002   0.00158899 -0.000308421 
         -70      23.1663      1.00002   0.00158893 -0.000307446 
         -70       23.314      1.00002   0.00158888 -0.000306472 
         -70      23.4623      1.00002    0.0015888 -0.000305493 
         -70       23.611      1.00002   0.00158868  -0.00030451 
         -70      23.7602      1.00002   0.00158849 -0.000303519 
         -70        23.91      1.00002   0.00158825 -0.000302519 
         -70        24.06      1.00002   0.00158796 -0.000301512 
         -70      24.2107      1.00002   0.00158764 -0.000300495 
         -70      24.3617      1.00002   0.00158732 -0.000299473 
         -70      24.5133      1.00002   0.00158703 -0.000298446 
         -70      24.6653      1.00002   0.00158679 -0.000297421 
         -70      24.8178      1.00002   0.00158663 -0.000296398 
         -70      24.9708      1.00002   0.00158653  -0.00029538 
         -70      25.1242      1.00002   0.00158648  -0.00029437 
         -70      25.2781      1.00002   0.00158645 -0.000293362 
         -70      25.4324      1.00002   0.00158636 -0.000292353 
         -70      25.5873      1.00002   0.00158612 -0.000291329 
         -70      25.7426      1.00002   0.00158584 -0.000290291 
         -70      25.8984      1.00002    0.0015859 -0.000289255 
         -70      26.0546      1.00002    0.0015858 -0.000288191 
         -70      26.2114      1.00002    0.0015856 -0.000287109 
         -70      26.3686      1.00002   0.00158534 -0.000286018 
         -70      26.5262      1.00002   0.00158506 -0.000284924 
         -70      26.6844      1.00002    0.0015848  -0.00028383 
         -70      26.8429      1.00002   0.00158457 -0.000282741 
         -70       27.002      1.00002   0.00158437  -0.00028166 
         -70      27.1615      1.00001   0.00158421 -0.000280589 
         -70      27.3216      1.00001   0.00158409 -0.000279529 
         -70      27.4821      1.00001     0.001584  -0.00027848 
         -70       27.643      1.00001   0.00158392 -0.000277439 
         -70      27.8044      1.00001   0.00158382 -0.000276397 
         -70      27.9663      1.00001    0.0015836 -0.000275342 
         -70      28.1287      1.00002   0.00158313 -0.000274248 
         -70      28.2914      1.00001   0.00158317 -0.000273207 
         -70      28.4548      1.00001   0.00158302   -0.0002721 
         -70      28.6185      1.00001   0.00158281 -0.000270957 
         -70      28.7828      1.00001   0.00158262 -0.000269796 
         -70      28.9475      1.00001   0.00158248 -0.000268634 
         -70      29.1126      1.00001   0.00158239 -0.000267478 
         -70      29.2784      1.00001   0.00158233 -0.000266332 
         -70      29.4444      1.00001   0.00158227 -0.000265196 
         -70       29.611      1.00001   0.00158219 -0.000264068 
         -70       29.778      1.00001   0.00158208 -0.000262944 
         -70      29.9456      1.00001   0.00158193 -0.000261818 
         -70      30.1137      1.00001   0.00158175 -0.000260685 
         -70      30.2821      1.00001   0.00158153 -0.000259541 
         -70      30.4511      1.00001    0.0015813 -0.000258382 
         -70      30.6204      1.00001   0.00158107 -0.000257206 
         -70      30.7903      1.00001   0.00158086 -0.000256011 
         -70      30.9606      1.00001   0.00158068 -0.000254801 
         -70      31.1315      1.00001   0.00158056 -0.000253576 
         -70      31.3028      1.00001   0.00158048 -0.000252344 
         -70      31.4745      1.00001   0.00158044 -0.000251112 
         -70      31.6468      1.00001   0.00158043 -0.000249885 
         -70      31.8194      1.00001   0.00158044 -0.000248673 
         -70      31.9926      1.00001   0.00158043 -0.000247482 
         -70      32.1662      1.00001   0.00158038 -0.000246318 
         -70      32.3404      1.00001   0.00158026  -0.00024518 
         -70      32.5149      1.00001   0.00158008 -0.000244066 
         -70        32.69      1.00001   0.00157982 -0.000242962 
         -70      32.8655      1.00001   0.00157952 -0.000241848 
         -70      33.0414      1.00001   0.00157923  -0.00024069 
         -70       33.218      1.00001   0.00157903 -0.000239434 
         -70      33.3948      1.00001   0.00157906 -0.000238013 
         -70      33.5723      1.00001   0.00157906 -0.000236638 
         -70        33.75      1.00001   0.00157858 -0.000235685 
         -70      33.9284      1.00001   0.00157838 -0.000234568 
         -70      34.1073      1.00001    0.0015784 -0.000233345 
         -70      34.2865      1.00001   0.00157855 -0.000232062 
         -70      34.4663      1.00001   0.00157876 -0.000230758 
         -70      34.6465      1.00001   0.00157892 -0.000229468 
         -70      34.8272      1.00001   0.00157882 -0.000228215 
         -70      35.0083      1.00001   0.00157868 -0.000226939 
         -70        35.19      1.00001   0.00157868 -0.000225626 
         -70      35.3721      1.00001   0.00157851 -0.000224358 
         -70      35.5546      1.00001   0.00157831 -0.000223112 
         -70      35.7377      1.00001   0.00157816 -0.000221869 
         -70      35.9211      1.00001   0.00157807 -0.000220622 
         -70      36.1052      1.00001   0.00157804 -0.000219362 
         -70      36.2895      1.00001   0.00157805 -0.000218091 
         -70      36.4745      1.00001   0.00157806 -0.000216806 
         -70      36.6598      1.00001   0.00157806 -0.000215512 
         -70      36.8457      1.00001   0.00157802  -0.00021421 
         -70      37.0321      1.00001   0.00157795 -0.000212903 
         -70      37.2188            1   0.00157785 -0.000211594 
         -70      37.4062            1   0.00157772 -0.000210284 
         -70      37.5938            1   0.00157759 -0.000208976 
         -70      37.7821            1   0.00157746 -0.000207669 
         -70      37.9707            1   0.00157736 -0.000206365 
         -70      38.1599            1   0.00157729 -0.000205061 
         -70      38.3496            1   0.00157725 -0.000203756 
         -70      38.5396            1   0.00157726 -0.000202452 
         -70      38.7302            1   0.00157729 -0.000201144 
         -70      38.9211            1   0.00157735 -0.000199835 
         -70      39.1127            1   0.00157742 -0.000198522 
         -70      39.3046            1   0.00157748 -0.000197208 
         -70      39.4971            1   0.00157753 -0.000195891 
         -70      39.6899            1   0.00157756 -0.000194577 
         -70      39.8833            1   0.00157757 -0.000193264 
         -70      40.0772            1   0.00157758 -0.000191956 
         -70      40.2714            1   0.00157761 -0.000190653 
         -70      40.4663            1   0.00157767 -0.000189354 
         -70      40.6615            1   0.00157774 -0.000188055 
         -70      40.8573            1   0.00157781 -0.000186745 
         -70      41.0534            1   0.00157775 -0.000185408 
         -70      41.2501            1   0.00157736 -0.000184018 
         -70      41.4473            1   0.00157627 -0.000182535 
         -70      41.6448            1   0.00157706 -0.000181186 
         -70      41.8429            1   0.00157748 -0.000179822 
         -70      42.0414     0.999999   0.00157759 -0.000178449 
         -70      42.2405     0.999998   0.00157753 -0.000177074 
         -70      42.4399     0.999998   0.00157747 -0.000175713 
         -70      42.6399     0.999998   0.00157752 -0.000174379 
         -70      42.8404     0.999999   0.00157768 -0.000173086 
         -70      43.0412     0.999998   0.00157772 -0.000171695 
         -70      43.2426     0.999998   0.00157764 -0.000170259 
         -70      43.4444     0.999998   0.00157761  -0.00016888 
         -70      43.6467     0.999999   0.00157765 -0.000167522 
         -70      43.8494            1   0.00157776 -0.000166169 
         -70      44.0527            1   0.00157791 -0.000164808 
         -70      44.2563            1   0.00157807 -0.000163439 
         -70      44.4606            1   0.00157821  -0.00016206 
         -70      44.6653            1   0.00157831 -0.000160674 
         -70      44.8704            1   0.00157836 -0.000159287 
         -70       45.076     0.999999   0.00157837 -0.000157897 
         -70       45.282     0.999998   0.00157834 -0.000156509 
         -70      45.4886     0.999998   0.00157829 -0.000155119 
         -70      45.6955     0.999997   0.00157823 -0.000153728 
         -70       45.903     0.999997   0.00157818  -0.00015233 
         -70      46.1111     0.999996   0.00157814 -0.000150923 
         -70      46.3194     0.999996   0.00157813 -0.000149504 
         -70      46.5283     0.999996   0.00157813  -0.00014807 
         -70      46.7376     0.999995   0.00157816  -0.00014662 
         -70      46.9475     0.999995   0.00157819 -0.000145154 
         -70      47.1577     0.999995   0.00157822 -0.000143679 
         -70      47.3685     0.999995   0.00157826 -0.000142198 
         -70      47.5798     0.999995   0.00157829 -0.000140724 
         -70      47.7914     0.999995   0.00157834 -0.000139268 
         -70      48.0037     0.999995   0.00157843 -0.000137843 
         -70      48.2162     0.999995   0.00157859  -0.00013646 
         -70      48.4294     0.999995   0.00157884 -0.000135128 
         -70      48.6429     0.999995   0.00157921  -0.00013385 
         -70       48.857     0.999995   0.00157968 -0.000132611 
         -70      49.0714     0.999995   0.00158019 -0.000131387 
         -70      49.2865     0.999995   0.00158057 -0.000130121 
         -70       49.502     0.999994   0.00158043 -0.000128732 
         -70      49.7179     0.999994   0.00158004 -0.000127274 
         -70      49.9343     0.999994   0.00157971 -0.000125784 
         -70      50.1511     0.999994   0.00157953 -0.000124278 
         -70      50.3685     0.999995   0.00157953 -0.000122764 
         -70      50.5862     0.999995   0.00157968 -0.000121253 
         -70      50.8046     0.999995   0.00157994 -0.000119745 
         -70      51.0234     0.999995   0.00158027 -0.000118246 
         -70      51.2425     0.999995   0.00158061 -0.000116757 
         -70      51.4623     0.999994   0.00158092 -0.000115276 
         -70      51.6824     0.999994   0.00158117 -0.000113804 
         -70      51.9031     0.999994   0.00158134 -0.000112338 
         -70      52.1241     0.999993   0.00158142 -0.000110879 
         -70      52.3457     0.999993   0.00158143 -0.000109423 
         -70      52.5676     0.999993   0.00158138 -0.000107969 
         -70      52.7902     0.999992   0.00158131 -0.000106516 
         -70      53.0133     0.999992   0.00158123 -0.000105061 
         -70      53.2366     0.999992   0.00158118 -0.000103607 
         -70      53.4606     0.999992   0.00158118 -0.000102149 
         -70      53.6849     0.999992   0.00158126 -0.000100691 
         -70      53.9099     0.999992   0.00158144  -9.9228e-05 
         -70      54.1351     0.999992    0.0015817  -9.7764e-05 
         -70       54.361     0.999992   0.00158204 -9.62963e-05 
         -70      54.5873     0.999991   0.00158245 -9.48261e-05 
         -70      54.8139     0.999991   0.00158289 -9.33546e-05 
         -70      55.0412     0.999991   0.00158335 -9.18793e-05 
         -70      55.2688     0.999991   0.00158376 -9.04022e-05 
         -70       55.497     0.999991   0.00158412 -8.89204e-05 
         -70      55.7255      0.99999   0.00158437 -8.74354e-05 
         -70      55.9547      0.99999   0.00158451  -8.5944e-05 
         -70      56.1844      0.99999   0.00158453 -8.44462e-05 
         -70      56.4143      0.99999   0.00158444 -8.29423e-05 
         -70      56.6449      0.99999   0.00158426 -8.14291e-05 
         -70      56.8757      0.99999   0.00158404 -7.99088e-05 
         -70      57.1072     0.999991   0.00158386 -7.83795e-05 
         -70       57.339     0.999991   0.00158377 -7.68458e-05 
         -70      57.5715     0.999991   0.00158385  -7.5309e-05 
         -70      57.8042      0.99999   0.00158415 -7.37781e-05 
         -70      58.0376      0.99999   0.00158491 -7.24229e-05 
         -70      58.2715      0.99999   0.00158621 -7.12324e-05 
         -70      58.5057      0.99999   0.00158742 -6.99051e-05 
         -70      58.7405      0.99999   0.00158769 -6.82789e-05 
         -70      58.9756      0.99999   0.00158539 -6.61369e-05 
         -70      59.2113     0.999991   0.00158246  -6.4319e-05 
         -70      59.4473     0.999989   0.00158539 -6.41739e-05 
         -70       59.684     0.999986   0.00158682 -6.35209e-05 
         -70      59.9212     0.999988   0.00158804   -6.173e-05 
         -70      60.1586      0.99999   0.00158847 -6.00416e-05 
         -70      60.3967      0.99999   0.00158846 -5.84272e-05 
         -70      60.6351      0.99999   0.00158825 -5.68684e-05 
         -70      60.8741     0.999989   0.00158799 -5.53459e-05 
         -70      61.1135     0.999989   0.00158779 -5.38488e-05 
         -70      61.3534     0.999988   0.00158769 -5.23649e-05 
         -70      61.5939     0.999988   0.00158774 -5.08877e-05 
         -70      61.8346     0.999988    0.0015879 -4.94134e-05 
         -70       62.076     0.999988   0.00158818 -4.79361e-05 
         -70      62.3177     0.999988   0.00158853 -4.64562e-05 
         -70        62.56     0.999988   0.00158893 -4.49704e-05 
         -70      62.8026     0.999988   0.00158935 -4.34811e-05 
         -70      63.0459     0.999988   0.00158976 -4.19865e-05 
         -70      63.2894     0.999988   0.00159014 -4.04899e-05 
         -70      63.5336     0.999988   0.00159048 -3.89898e-05 
         -70      63.7783     0.999988   0.00159076 -3.74888e-05 
         -70      64.0233     0.999988     0.001591  -3.5989e-05 
         -70      64.2689     0.999988   0.00159119 -3.44891e-05 
         -70      64.5148     0.999988   0.00159135  -3.2992e-05 
         -70      64.7613     0.999988   0.00159148 -3.14959e-05 
         -70      65.0082     0.999987   0.00159161 -3.00033e-05 
         -70      65.2557     0.999987   0.00159174  -2.8512e-05 
         -70      65.5036     0.999987   0.00159189 -2.70226e-05 
         -70      65.7519     0.999986   0.00159208 -2.55362e-05 
         -70      66.0008     0.999986    0.0015923 -2.40496e-05 
         -70        66.25     0.999985   0.00159257 -2.25646e-05 
         -70      66.4998     0.999985   0.00159287 -2.10784e-05 
         -70        66.75     0.999985   0.00159322 -1.95926e-05 
         -70      67.0007     0.999985   0.00159359 -1.81046e-05 
         -70      67.2518     0.999984   0.00159397 -1.66166e-05 
         -70      67.5035     0.999984   0.00159436 -1.51264e-05 
         -70      67.7557     0.999984   0.00159473 -1.36354e-05 
         -70      68.0082     0.999984   0.00159507 -1.21459e-05 
         -70      68.2614     0.999984   0.00159537 -1.06563e-05 
         -70      68.5148     0.999984   0.00159562 -9.17073e-06 
         -70      68.7688     0.999985   0.00159582 -7.68833e-06 
         -70      69.0232     0.999985   0.00159596 -6.21341e-06 
         -70      69.2782     0.999985   0.00159608 -4.74551e-06 
         -70      69.5337     0.999985   0.00159618 -3.28758e-06 
         -70      69.7895     0.999986   0.00159629 -1.84213e-06 
         -70      70.0459     0.999986   0.00159645 -4.07495e-07 
         -70      70.3026     0.999986   0.00159668  1.01443e-06 
         -70        70.56     0.999986   0.00159702  2.42786e-06 
         -70      70.8176     0.999987   0.00159747   3.8345e-06 
         -70      71.0759     0.999987   0.00159802  5.24324e-06 
         -70      71.3347     0.999987   0.00159863  6.66296e-06 
         -70      71.5938     0.999987   0.00159918  8.10672e-06 
         -70      71.8535     0.999987   0.00159947  9.59616e-06 
         -70      72.1135     0.999986   0.00159923  1.11544e-05 
         -70      72.3741     0.999985   0.00159799  1.28167e-05 
         -70       72.635     0.999984    0.0015972  1.43923e-05 
         -70      72.8967     0.999986    0.0015997  1.56305e-05 
         -70      73.1585     0.999987   0.00160079  1.71059e-05 
         -70      73.4211     0.999986   0.00160125  1.87156e-05 
         -70      73.6841     0.999985   0.00160156  2.03689e-05 
         -70      73.9473     0.999983   0.00160193  2.19879e-05 
         -70      74.2113     0.999982   0.00160235  2.35098e-05 
         -70      74.4755     0.999981   0.00160261  2.48755e-05 
         -70      74.7404     0.999981   0.00160235  2.60383e-05 
         -70      75.0056     0.999983   0.00160104  2.69539e-05 
         -70      75.2714     0.999985   0.00160116  2.82599e-05 
         -70      75.5377     0.999983   0.00160341  3.01249e-05 
         -70      75.8043     0.999983   0.00160448   3.1781e-05 
         -70      76.0715     0.999982   0.00160482  3.32931e-05 
         -70       76.339     0.999982   0.00160477  3.47096e-05 
         -70      76.6072     0.999982   0.00160456  3.60731e-05 
         -70      76.8756     0.999982   0.00160436  3.74128e-05 
         -70      77.1448     0.999983   0.00160426  3.87539e-05 
         -70      77.4141     0.999983   0.00160431  4.01104e-05 
         -70      77.6842     0.999983   0.00160453  4.14942e-05 
         -70      77.9547     0.999984   0.00160488   4.2909e-05 
         -70      78.2255     0.999984   0.00160535  4.43544e-05 
         -70       78.497     0.999984    0.0016059  4.58299e-05 
         -70      78.7687     0.999984   0.00160647   4.7328e-05 
         -70      79.0411     0.999984   0.00160703  4.88444e-05 
         -70      79.3138     0.999984   0.00160755   5.0369e-05 
         -70      79.5872     0.999984     0.001608  5.18964e-05 
         -70       79.861     0.999984   0.00160837  5.34177e-05 
         -70      80.1351     0.999983   0.00160865  5.49252e-05 
         -70      80.4098     0.999983   0.00160885   5.6416e-05 
         -70      80.6849     0.999983   0.00160898   5.7884e-05 
         -70      80.9606     0.999983   0.00160906  5.93299e-05 
         -70      81.2365     0.999984   0.00160913  6.07517e-05 
         -70      81.5132     0.999984   0.00160922  6.21541e-05 
         -70      81.7903     0.999984   0.00160933  6.35403e-05 
         -70      82.0676     0.999984   0.00160951  6.49155e-05 
         -70      82.3457     0.999985   0.00160977  6.62892e-05 
         -70       82.624     0.999985   0.00161011  6.76679e-05 
         -70       82.903     0.999985   0.00161053  6.90622e-05 
         -70      83.1822     0.999985   0.00161102  7.04781e-05 
         -70      83.4622     0.999985   0.00161155  7.19242e-05 
         -70      83.7424     0.999985    0.0016121  7.34017e-05 
         -70      84.0232     0.999984   0.00161263  7.49126e-05 
         -70      84.3046     0.999983   0.00161309  7.64492e-05 
         -70      84.5862     0.999981   0.00161348  7.79964e-05 
         -70      84.8685      0.99998    0.0016138  7.95332e-05 
         -70       85.151     0.999979   0.00161407  8.10219e-05 
         -70      85.4342      0.99998   0.00161439   8.2415e-05 
         -70      85.7177     0.999982   0.00161494  8.36438e-05 
         -70      86.0019     0.999984   0.00161527  8.48814e-05 
         -70      86.2865     0.999984    0.0016149  8.63329e-05 
         -70      86.5714     0.999984    0.0016148  8.76727e-05 
         -70       86.857     0.999985   0.00161492  8.89543e-05 
         -70      87.1428     0.999985   0.00161521  9.02204e-05 
         -70      87.4293     0.999985   0.00161565  9.15112e-05 
         -70      87.7161     0.999985   0.00161621  9.28555e-05 
         -70      88.0035     0.999985   0.00161688   9.4277e-05 
         -70      88.2914     0.999984   0.00161765   9.5786e-05 
         -70      88.5796     0.999983   0.00161849   9.7379e-05 
         -70      88.8685     0.999982   0.00161934  9.90398e-05 
         -70      89.1576     0.999982   0.00162008  0.000100726 
         -70      89.4474     0.999982   0.00162054  0.000102377 
         -70      89.7374     0.999982   0.00162041  0.000103894 
         -70      90.0282     0.999983   0.00161925  0.000105146 
         -70      90.3192     0.999983   0.00161641  0.000105954 
         -70      90.6109     0.999983    0.0016176  0.000107223 
         -70       90.903     0.999984   0.00162027  0.000108752 
         -70      91.1954     0.999984   0.00162188  0.000110176 
         -70      91.4885     0.999985   0.00162268  0.000111543 
         -70      91.7819     0.999985    0.0016229  0.000112886 
         -70      92.0759     0.999985   0.00162276  0.000114227 
         -70      92.3702     0.999985   0.00162245  0.000115577 
         -70      92.6652     0.999985   0.00162211  0.000116944 
         -70      92.9606     0.999985   0.00162187  0.000118329 
         -70      93.2563     0.999984   0.00162179  0.000119729 
         -70      93.5527     0.999984   0.00162192  0.000121146 
         -70      93.8493     0.999984   0.00162227  0.000122572 
         -70      94.1466     0.999984   0.00162281  0.000124006 
         -70      94.4442     0.999984    0.0016235  0.000125444 
         -70      94.7425     0.999984   0.00162428  0.000126884 
         -70       95.041     0.999984   0.00162509  0.000128322 
         -70      95.3402     0.999984   0.00162586  0.000129757 
         -70      95.6399     0.999984   0.00162652  0.000131185 
         -70      95.9398     0.999984   0.00162705  0.000132604 
         -70      96.2404     0.999984   0.00162739  0.000134011 
         -70      96.5412     0.999983   0.00162756  0.000135399 
         -70      96.8428     0.999983   0.00162757  0.000136767 
         -70      97.1446     0.999982   0.00162746  0.000138107 
         -70      97.4471     0.999981   0.00162729  0.000139414 
         -70      97.7501     0.999981   0.00162715  0.000140683 
         -70      98.0533      0.99998   0.00162712  0.000141909 
         -70      98.3572     0.999981   0.00162728  0.000143094 
         -70      98.6613     0.999981   0.00162768  0.000144241 
         -70      98.9662     0.999982   0.00162834  0.000145366 
         -70      99.2712     0.999984    0.0016292   0.00014649 
         -70       99.577     0.999986    0.0016301  0.000147655 
         -70      99.8833     0.999987   0.00163073  0.000148922 
         -70       100.19     0.999987    0.0016306  0.000150375 
         -70      100.497     0.999985     0.001629  0.000152138 
         -70      100.804     0.999985    0.0016291  0.000153441 
         -70      101.113     0.999988   0.00163057  0.000154443 
         -70      101.421      0.99999   0.00163145  0.000155608 
         -70       101.73     0.999991   0.00163194  0.000156902 
         -70      102.039     0.999991   0.00163217  0.000158293 
         -70      102.349      0.99999   0.00163226  0.000159756 
         -70       102.66      0.99999   0.00163229  0.000161268 
         -70      102.971     0.999989   0.00163232  0.000162809 
         -70      103.282     0.999988   0.00163239  0.000164364 
         -70      103.594     0.999987   0.00163253  0.000165918 
         -70      103.906     0.999986   0.00163274  0.000167463 
         -70      104.219     0.999986   0.00163303  0.000168988 
         -70      104.532     0.999985   0.00163338  0.000170489 
         -70      104.846     0.999985    0.0016338   0.00017196 
         -70       105.16     0.999984   0.00163426  0.000173396 
         -70      105.474     0.999984   0.00163474  0.000174797 
         -70      105.789     0.999984   0.00163523  0.000176162 
         -70      106.105     0.999984   0.00163572  0.000177491 
         -70      106.421     0.999984   0.00163618  0.000178785 
         -70      106.738     0.999985   0.00163661  0.000180047 
         -70      107.055     0.999985     0.001637  0.000181279 
         -70      107.372     0.999985   0.00163735  0.000182484 
         -70       107.69     0.999986   0.00163765  0.000183667 
         -70      108.008     0.999986   0.00163792  0.000184834 
         -70      108.327     0.999986   0.00163815  0.000185992 
         -70      108.646     0.999987   0.00163837  0.000187147 
         -70      108.966     0.999987   0.00163858  0.000188311 
         -70      109.286     0.999988    0.0016388  0.000189493 
         -70      109.607     0.999988   0.00163905  0.000190707 
         -70      109.928     0.999989   0.00163934  0.000191969 
         -70       110.25     0.999989   0.00163969  0.000193297 
         -70      110.572      0.99999    0.0016401  0.000194714 
         -70      110.895      0.99999   0.00164059  0.000196245 
         -70      111.218     0.999991   0.00164116  0.000197922 
         -70      111.541     0.999992   0.00164179   0.00019978 
         -70      111.865     0.999993   0.00164213  0.000201484 
         -70       112.19     0.999992   0.00164156  0.000202205 
         -70      112.515     0.999992   0.00164134  0.000203184 
         -70       112.84     0.999992   0.00164136  0.000204354 
         -70      113.166     0.999992   0.00164158  0.000205654 
         -70      113.492     0.999992   0.00164192  0.000207039 
         -70      113.819     0.999991   0.00164235  0.000208471 
         -70      114.147     0.999991   0.00164285  0.000209924 
         -70      114.474      0.99999   0.00164337  0.000211373 
         -70      114.803      0.99999    0.0016439  0.000212806 
         -70      115.131     0.999989   0.00164442  0.000214212 
         -70       115.46     0.999988   0.00164492  0.000215584 
         -70       115.79     0.999988   0.00164536  0.000216923 
         -70       116.12     0.999987   0.00164575  0.000218226 
         -70      116.451     0.999987   0.00164606  0.000219499 
         -70      116.782     0.999987   0.00164629  0.000220743 
         -70      117.113     0.999987   0.00164644  0.000221964 
         -70      117.446     0.999987   0.00164651  0.000223166 
         -70      117.778     0.999987   0.00164649  0.000224354 
         -70      118.111     0.999987   0.00164642  0.000225532 
         -70      118.444     0.999988    0.0016463  0.000226705 
         -70      118.778     0.999988   0.00164616  0.000227876 
         -70      119.112     0.999988   0.00164604  0.000229048 
         -70      119.447     0.999988   0.00164597  0.000230223 
         -70      119.783     0.999988   0.00164598  0.000231405 
         -70      120.118     0.999988   0.00164612  0.000232593 
         -70      120.455     0.999987   0.00164642  0.000233794 
         -70      120.791     0.999987   0.00164688   0.00023501 
         -70      121.128     0.999986    0.0016475  0.000236248 
         -70      121.466     0.999986   0.00164824  0.000237514 
         -70      121.804     0.999985   0.00164903  0.000238824 
         -70      122.143     0.999984   0.00164972   0.00024019 
         -70      122.482     0.999984    0.0016501  0.000241637 
         -70      122.821     0.999985   0.00164986  0.000243193 
         -70      123.161     0.999986   0.00164857  0.000244892 
         -70      123.502     0.999987   0.00164814  0.000246323 
         -70      123.843     0.999987   0.00165026  0.000247188 
         -70      124.184     0.999987   0.00165156  0.000248156 
         -70      124.526     0.999988   0.00165225  0.000249206 
         -70      124.868     0.999989   0.00165252  0.000250322 
         -70      125.211      0.99999    0.0016525  0.000251488 
         -70      125.554     0.999991    0.0016523   0.00025269 
         -70      125.898     0.999992   0.00165202   0.00025392 
         -70      126.242     0.999993   0.00165173  0.000255166 
         -70      126.587     0.999993   0.00165147  0.000256423 
         -70      126.932     0.999994   0.00165127  0.000257684 
         -70      127.278     0.999994   0.00165117  0.000258945 
         -70      127.624     0.999994   0.00165117  0.000260203 
         -70      127.971     0.999993   0.00165126  0.000261454 
         -70      128.318     0.999993   0.00165146  0.000262699 
         -70      128.665     0.999992   0.00165174  0.000263935 
         -70      129.013     0.999992   0.00165209  0.000265164 
         -70      129.361     0.999991   0.00165251  0.000266384 
         -70       129.71      0.99999   0.00165296  0.000267598 
         -70       130.06      0.99999   0.00165345  0.000268805 
         -70       130.41     0.999989   0.00165394  0.000270008 
         -70       130.76     0.999989   0.00165443  0.000271209 
         -70      131.111     0.999988   0.00165489  0.000272406 
         -70      131.462     0.999988   0.00165533  0.000273604 
         -70      131.814     0.999988   0.00165572  0.000274802 
         -70      132.166     0.999988   0.00165607  0.000276003 
         -70      132.519     0.999988   0.00165636  0.000277207 
         -70      132.872     0.999989    0.0016566  0.000278415 
         -70      133.226     0.999989   0.00165678  0.000279629 
         -70       133.58      0.99999   0.00165691  0.000280848 
         -70      133.934     0.999991     0.001657  0.000282073 
         -70      134.289     0.999991   0.00165704  0.000283302 
         -70      134.645     0.999992   0.00165704  0.000284539 
         -70          135     0.999993   0.00165702  0.000285779 
         -70      135.357     0.999993   0.00165698  0.000287025 
         -70      135.714     0.999994   0.00165693  0.000288273 
         -70      136.071     0.999995   0.00165689  0.000289525 
         -70      136.429     0.999995   0.00165685  0.000290778 
         -70      136.787     0.999996   0.00165684  0.000292029 
         -70      137.146     0.999996   0.00165685  0.000293279 
         -70      137.505     0.999996    0.0016569  0.000294525 
         -70      137.865     0.999996   0.00165699  0.000295766 
         -70      138.225     0.999996   0.00165713     0.000297 
         -70      138.586     0.999996   0.00165731  0.000298226 
         -70      138.947     0.999995   0.00165755  0.000299442 
         -70      139.309     0.999995   0.00165783  0.000300646 
         -70      139.671     0.999994   0.00165816  0.000301838 
         -70      140.033     0.999994   0.00165853  0.000303015 
         -70      140.397     0.999993   0.00165893  0.000304178 
         -70       140.76     0.999993   0.00165935  0.000305324 
         -70      141.124     0.999992   0.00165979  0.000306456 
         -70      141.488     0.999992   0.00166023  0.000307573 
         -70      141.853     0.999992   0.00166066  0.000308673 
         -70      142.219     0.999992   0.00166107   0.00030976 
         -70      142.584     0.999992   0.00166144  0.000310833 
         -70      142.951     0.999992   0.00166176  0.000311895 
         -70      143.317     0.999992     0.001662  0.000312946 
         -70      143.685     0.999993   0.00166217  0.000313992 
         -70      144.052     0.999994   0.00166224  0.000315032 
         -70      144.421     0.999995   0.00166221  0.000316072 
         -70      144.789     0.999995   0.00166205  0.000317114 
         -70      145.158     0.999996   0.00166177  0.000318162 
         -70      145.528     0.999997   0.00166138  0.000319239 
         -70      145.898     0.999998   0.00166136  0.000320592 
         -70      146.269     0.999998   0.00166133  0.000322011 
         -70       146.64     0.999998   0.00166133  0.000323486 
         -70      147.011     0.999998   0.00166138  0.000325006 
         -70      147.383     0.999998    0.0016615  0.000326547 
         -70      147.755     0.999998    0.0016617  0.000328079 
         -70      148.128     0.999997   0.00166198  0.000329562 
         -70      148.502     0.999997   0.00166234  0.000330939 
         -70      148.876     0.999997   0.00166271  0.000332144 
         -70       149.25     0.999998   0.00166303  0.000333086 
         -70      149.625     0.999999   0.00166315  0.000333659 
         -70          150            1   0.00166289   0.00033373 
