Variables = x, y, u, v, p

Zone, I=800, F=POINT
         550            0            0            0     0.549731 
         550     0.000234 -7.47611e-06 -5.04304e-11     0.549731 
         550     0.000939 -2.79224e-05 -8.05137e-10     0.549731 
         550     0.002113 -5.56055e-05  -4.0574e-09     0.549731 
         550     0.003759 -8.28457e-05 -1.27704e-08     0.549731 
         550     0.005872 -0.000101888 -3.09534e-08     0.549731 
         550     0.008457 -0.000107292 -6.36862e-08     0.549731 
         550      0.01151 -9.72544e-05 -1.16848e-07     0.549731 
         550     0.015036 -7.40779e-05 -1.97224e-07     0.549731 
         550     0.019031 -4.32729e-05 -3.12038e-07     0.549731 
         550     0.023493 -1.13591e-05 -4.68931e-07     0.549731 
         550     0.028429  1.69418e-05 -6.76163e-07     0.549731 
         550     0.033831  4.08575e-05 -9.41474e-07     0.549731 
         550     0.039706  6.43891e-05 -1.27316e-06     0.549731 
         550     0.046047  9.41394e-05 -1.67847e-06     0.549731 
         550     0.052863  0.000134676 -2.16515e-06     0.549731 
         550      0.06015  0.000182771 -2.73946e-06     0.549731 
         550       0.0679  0.000226369 -3.40636e-06     0.549731 
         550     0.076126  0.000259198 -4.17162e-06     0.549731 
         550     0.084816    0.0003162 -5.03767e-06     0.549731 
         550     0.093982  0.000361088 -6.00801e-06     0.549731 
         550     0.103611  0.000410132 -7.08229e-06     0.549731 
         550     0.113718  0.000461737 -8.26188e-06     0.549731 
         550     0.124286  0.000514509 -9.54315e-06     0.549731 
         550     0.135333  0.000567644 -1.09253e-05     0.549731 
         550      0.14685  0.000620589 -1.24028e-05     0.549731 
         550     0.158827  0.000673086  -1.3969e-05     0.549731 
         550     0.171284  0.000725135 -1.56199e-05     0.549731 
         550     0.184201  0.000776505 -1.73451e-05     0.549731 
         550     0.197599  0.000826907 -1.91391e-05     0.549731 
         550     0.211455  0.000875629 -2.09899e-05     0.549731 
         550     0.225792   0.00092209  -2.2891e-05     0.549731 
         550       0.2406  0.000966246 -2.48311e-05     0.549731 
         550     0.255865   0.00100884 -2.67985e-05     0.549731 
         550     0.271613   0.00104834 -2.87871e-05     0.549731 
         550     0.287818   0.00108518  -3.0784e-05     0.549731 
         550     0.304506    0.0011193 -3.27833e-05     0.549731 
         550      0.32165   0.00115055 -3.47733e-05     0.549731 
         550     0.339278   0.00117894 -3.67494e-05     0.549731 
         550     0.357377   0.00120446 -3.87033e-05     0.549731 
         550      0.37593   0.00122713 -4.06274e-05     0.549731 
         550     0.394968   0.00124706 -4.25201e-05     0.549731 
         550     0.414461   0.00126434 -4.43748e-05     0.549732 
         550      0.43444   0.00127913 -4.61918e-05     0.549732 
         550     0.454872   0.00129156 -4.79664e-05     0.549732 
         550     0.475791    0.0013018 -4.97013e-05     0.549732 
         550     0.497163      0.00131  -5.1394e-05     0.549732 
         550     0.519021   0.00131632 -5.30488e-05     0.549732 
         550      0.54135   0.00132091 -5.46672e-05     0.549732 
         550     0.564131   0.00132389 -5.62518e-05     0.549732 
         550       0.5874   0.00132543 -5.78105e-05     0.549732 
         550     0.611121   0.00132566 -5.93489e-05     0.549732 
         550      0.63533   0.00132458  -6.0873e-05     0.549732 
         550      0.65999   0.00132239 -6.23819e-05     0.549733 
         550     0.685139   0.00131912 -6.38879e-05     0.549733 
         550     0.710759   0.00131477 -6.53995e-05     0.549733 
         550     0.736828   0.00130932 -6.69253e-05     0.549733 
         550     0.763387   0.00130274 -6.84769e-05     0.549733 
         550     0.790396   0.00129499 -7.00612e-05     0.549733 
         550     0.817896   0.00128603 -7.16892e-05     0.549733 
         550     0.845843    0.0012758 -7.33664e-05     0.549733 
         550     0.874283   0.00126421 -7.51029e-05     0.549733 
         550      0.90317   0.00125124 -7.69027e-05     0.549733 
         550     0.932551   0.00123678 -7.87744e-05     0.549733 
         550     0.962401   0.00122081 -8.07214e-05     0.549734 
         550     0.992697   0.00120329 -8.27462e-05     0.549734 
         550      1.02349   0.00118418 -8.48547e-05     0.549734 
         550      1.05472   0.00116349 -8.70452e-05     0.549734 
         550      1.08645   0.00114122 -8.93216e-05     0.549734 
         550      1.11863   0.00111747 -9.16794e-05     0.549734 
         550       1.1513   0.00109227   -9.412e-05     0.549734 
         550      1.18444   0.00106576 -9.66378e-05     0.549733 
         550      1.21802   0.00103812 -9.92255e-05     0.549733 
         550      1.25211   0.00100948  -0.00010188     0.549733 
         550      1.28663  0.000980092 -0.000104589     0.549733 
         550      1.32165   0.00095013 -0.000107347     0.549733 
         550      1.35712  0.000919864 -0.000110136     0.549733 
         550      1.39308  0.000889452 -0.000112946     0.549732 
         550      1.42951  0.000859085  -0.00011576     0.549732 
         550      1.46638  0.000828886 -0.000118554     0.549732 
         550      1.50375  0.000798795 -0.000121313     0.549731 
         550      1.54156  0.000768718 -0.000124144     0.549731 
         550      1.57987   0.00073931 -0.000126925      0.54973 
         550      1.61863  0.000710526 -0.000129643      0.54973 
         550      1.65788  0.000682203 -0.000132305     0.549729 
         550      1.69757  0.000654279 -0.000134911     0.549729 
         550      1.73776  0.000626609 -0.000137465     0.549728 
         550      1.77842  0.000599121 -0.000139966     0.549727 
         550      1.81952  0.000571756 -0.000142413     0.549727 
         550      1.86113  0.000544395 -0.000144809     0.549726 
         550      1.90316  0.000517021 -0.000147149     0.549725 
         550      1.94571  0.000489533 -0.000149437     0.549724 
         550      1.98869  0.000461934 -0.000151666     0.549723 
         550      2.03217  0.000434146 -0.000153838     0.549722 
         550      2.07612  0.000406167 -0.000155949      0.54972 
         550      2.12051  0.000378006 -0.000157993     0.549719 
         550       2.1654  0.000349617 -0.000159971     0.549718 
         550      2.21073  0.000321048 -0.000161876     0.549716 
         550      2.25656   0.00029227 -0.000163708     0.549715 
         550      2.30283  0.000263352  -0.00016546     0.549713 
         550       2.3496  0.000234279 -0.000167132     0.549712 
         550      2.39685  0.000205111 -0.000168719      0.54971 
         550      2.44452  0.000175918 -0.000170216     0.549708 
         550      2.49271  0.000146702 -0.000171623     0.549706 
         550      2.54132  0.000117564 -0.000172936     0.549704 
         550      2.59044  8.85158e-05 -0.000174155     0.549702 
         550         2.64  5.96647e-05 -0.000175275       0.5497 
         550      2.69006  3.10277e-05 -0.000176299     0.549698 
         550      2.74056  2.71297e-06 -0.000177223     0.549696 
         550      2.79156 -2.52615e-05 -0.000178051     0.549693 
         550      2.84304 -5.28115e-05  -0.00017878     0.549691 
         550      2.89494 -7.98566e-05 -0.000179414     0.549689 
         550      2.94735 -0.000106383 -0.000179953     0.549686 
         550       3.0002 -0.000132297   -0.0001804     0.549683 
         550      3.05355 -0.000157589 -0.000180757     0.549681 
         550      3.10733 -0.000182176 -0.000181026     0.549678 
         550      3.16163 -0.000206057 -0.000181209     0.549675 
         550      3.21639 -0.000229176 -0.000181306     0.549673 
         550      3.27158 -0.000251485 -0.000181319      0.54967 
         550      3.32729 -0.000272989 -0.000181246     0.549667 
         550      3.38342 -0.000293627 -0.000181083     0.549664 
         550      3.44007 -0.000313403 -0.000180825     0.549661 
         550      3.49714 -0.000332255 -0.000180461     0.549658 
         550      3.55472 -0.000350176 -0.000179978     0.549655 
         550      3.61273 -0.000367092 -0.000179357     0.549651 
         550      3.67125 -0.000382968  -0.00017857     0.549648 
         550      3.73025  -0.00039771 -0.000177586     0.549645 
         550      3.78967 -0.000411491 -0.000176813     0.549642 
         550      3.84961 -0.000424274 -0.000176104     0.549639 
         550      3.90996  -0.00043595 -0.000175267     0.549635 
         550      3.97084 -0.000446595 -0.000174286     0.549632 
         550      4.03214 -0.000456205 -0.000173207     0.549629 
         550      4.09395 -0.000464818 -0.000172048     0.549626 
         550      4.15624 -0.000472457 -0.000170819     0.549622 
         550      4.21895 -0.000479152 -0.000169529     0.549619 
         550      4.28217 -0.000484947 -0.000168183     0.549616 
         550      4.34582 -0.000489871 -0.000166789     0.549612 
         550      4.40998 -0.000493967 -0.000165352     0.549609 
         550      4.47457  -0.00049727 -0.000163877     0.549606 
         550      4.53968 -0.000499822 -0.000162366     0.549602 
         550      4.60525 -0.000501662 -0.000160824     0.549599 
         550      4.67125  -0.00050283 -0.000159255     0.549596 
         550      4.73777 -0.000503368 -0.000157659     0.549593 
         550       4.8047 -0.000503318  -0.00015604      0.54959 
         550      4.87216 -0.000502721 -0.000154396     0.549586 
         550      4.94003 -0.000501619 -0.000152733     0.549583 
         550      5.00843 -0.000500051 -0.000151049      0.54958 
         550      5.07724 -0.000498059 -0.000149347     0.549577 
         550      5.14658  -0.00049568 -0.000147627     0.549574 
         550      5.21639 -0.000492954  -0.00014589     0.549571 
         550      5.28661 -0.000489921 -0.000144139     0.549568 
         550      5.35736 -0.000486611 -0.000142374     0.549565 
         550      5.42852 -0.000483065 -0.000140599     0.549562 
         550      5.50021 -0.000479309 -0.000138814     0.549559 
         550      5.57231 -0.000475381 -0.000137022     0.549556 
         550      5.64493 -0.000471302 -0.000135225     0.549553 
         550      5.71803 -0.000467103 -0.000133426      0.54955 
         550      5.79154 -0.000462812 -0.000131629     0.549547 
         550      5.86558 -0.000458444 -0.000129835     0.549544 
         550      5.94003 -0.000454025 -0.000128048     0.549541 
         550      6.01501 -0.000449566 -0.000126269     0.549539 
         550       6.0904 -0.000445089 -0.000124502     0.549536 
         550      6.16632 -0.000440598 -0.000122747     0.549533 
         550      6.24271 -0.000436109 -0.000121004     0.549531 
         550       6.3195 -0.000431631 -0.000119275     0.549528 
         550      6.39683 -0.000427163 -0.000117553     0.549525 
         550      6.47457 -0.000422716 -0.000115838     0.549523 
         550      6.55284 -0.000418284 -0.000114119      0.54952 
         550      6.63152 -0.000413876 -0.000112389     0.549518 
         550      6.71073 -0.000409482  -0.00011063     0.549515 
         550      6.79034 -0.000405159 -0.000108904     0.549513 
         550      6.87049 -0.000400945 -0.000107311     0.549511 
         550      6.95111 -0.000396734 -0.000105702     0.549508 
         550      7.03214 -0.000392543 -0.000104087     0.549506 
         550       7.1137 -0.000388377 -0.000102469     0.549504 
         550      7.19566 -0.000384251 -0.000100857     0.549501 
         550      7.27816 -0.000380165 -9.92527e-05     0.549499 
         550      7.36106  -0.00037613 -9.76635e-05     0.549497 
         550      7.44451 -0.000372143 -9.60892e-05     0.549495 
         550      7.52842 -0.000368207 -9.45333e-05     0.549493 
         550      7.61273 -0.000364326 -9.29983e-05     0.549491 
         550      7.69758 -0.000360494 -9.14828e-05     0.549489 
         550      7.78283 -0.000356715 -8.99895e-05     0.549487 
         550      7.86862 -0.000352981 -8.85161e-05     0.549485 
         550      7.95481 -0.000349298 -8.70646e-05     0.549483 
         550      8.04155 -0.000345656 -8.56322e-05     0.549481 
         550      8.12868 -0.000342061 -8.42204e-05      0.54948 
         550      8.21635 -0.000338506 -8.28264e-05     0.549478 
         550      8.30449 -0.000334992 -8.14503e-05     0.549476 
         550      8.39303 -0.000331523 -8.00924e-05     0.549474 
         550      8.48211 -0.000328094 -7.87499e-05     0.549473 
         550      8.57159 -0.000324711 -7.74239e-05     0.549471 
         550      8.66161  -0.00032137 -7.61116e-05     0.549469 
         550      8.75203  -0.00031808 -7.48143e-05     0.549468 
         550      8.84299 -0.000314836 -7.35288e-05     0.549466 
         550      8.93443 -0.000311645 -7.22551e-05     0.549465 
         550      9.02626  -0.00030851 -7.09927e-05     0.549464 
         550      9.11863 -0.000305428 -6.97376e-05     0.549462 
         550      9.21139 -0.000302403 -6.84892e-05     0.549461 
         550      9.30471 -0.000299355 -6.73257e-05     0.549459 
         550      9.39841 -0.000296332 -6.61758e-05     0.549458 
         550      9.49267 -0.000293341 -6.50075e-05     0.549457 
         550      9.58739 -0.000290388 -6.37968e-05     0.549456 
         550      9.68251 -0.000287503 -6.26411e-05     0.549455 
         550      9.77817 -0.000284704 -6.15596e-05     0.549453 
         550      9.87422 -0.000281966 -6.04671e-05     0.549452 
         550      9.97083 -0.000279272 -5.93709e-05     0.549451 
         550      10.0678 -0.000276617 -5.82802e-05      0.54945 
         550      10.1654 -0.000273991 -5.71989e-05     0.549449 
         550      10.2633 -0.000271395 -5.61332e-05     0.549448 
         550      10.3618 -0.000268824 -5.50842e-05     0.549447 
         550      10.4607  -0.00026628 -5.40548e-05     0.549447 
         550      10.5601 -0.000263767 -5.30466e-05     0.549446 
         550        10.66 -0.000261285 -5.20583e-05     0.549445 
         550      10.7603  -0.00025884  -5.1091e-05     0.549444 
         550      10.8611 -0.000256432 -5.01424e-05     0.549443 
         550      10.9623 -0.000254067 -4.92127e-05     0.549443 
         550      11.0641 -0.000251743 -4.82992e-05     0.549442 
         550      11.1663 -0.000249465 -4.74013e-05     0.549441 
         550       11.269 -0.000247233 -4.65182e-05     0.549441 
         550      11.3721 -0.000245043 -4.56475e-05      0.54944 
         550      11.4757 -0.000242898 -4.47893e-05      0.54944 
         550      11.5798  -0.00024079 -4.39417e-05     0.549439 
         550      11.6844  -0.00023872 -4.31054e-05     0.549439 
         550      11.7894 -0.000236679 -4.22787e-05     0.549439 
         550       11.895 -0.000234666 -4.14622e-05     0.549438 
         550      12.0009 -0.000232677 -4.06566e-05     0.549438 
         550      12.1073 -0.000230706 -3.98605e-05     0.549438 
         550      12.2142 -0.000228755  -3.9075e-05     0.549437 
         550      12.3216 -0.000226822 -3.82983e-05     0.549437 
         550      12.4294 -0.000224916 -3.75306e-05     0.549437 
         550      12.5378 -0.000223044 -3.67687e-05     0.549437 
         550      12.6465 -0.000221226 -3.60105e-05     0.549437 
         550      12.7558 -0.000219484   -3.525e-05     0.549437 
         550      12.8656 -0.000217774 -3.45332e-05     0.549436 
         550      12.9757 -0.000216064 -3.38436e-05     0.549436 
         550      13.0864 -0.000214404 -3.31339e-05     0.549436 
         550      13.1975 -0.000212788  -3.2417e-05     0.549436 
         550      13.3092 -0.000211202 -3.17067e-05     0.549437 
         550      13.4212 -0.000209637 -3.10221e-05     0.549437 
         550      13.5338 -0.000208078 -3.03831e-05     0.549437 
         550      13.6468  -0.00020651 -2.98148e-05     0.549437 
         550      13.7603 -0.000204973 -2.92567e-05     0.549437 
         550      13.8743 -0.000203549 -2.85636e-05     0.549438 
         550      13.9886 -0.000202136 -2.78931e-05     0.549438 
         550      14.1036 -0.000200731 -2.72453e-05     0.549438 
         550      14.2189 -0.000199338 -2.66211e-05     0.549438 
         550      14.3348 -0.000197957 -2.60192e-05     0.549439 
         550       14.451 -0.000196591 -2.54391e-05     0.549439 
         550      14.5678 -0.000195243 -2.48784e-05      0.54944 
         550      14.6851 -0.000193915 -2.43355e-05      0.54944 
         550      14.8028 -0.000192613 -2.38086e-05     0.549441 
         550       14.921 -0.000191335 -2.32944e-05     0.549441 
         550      15.0396 -0.000190088 -2.27916e-05     0.549442 
         550      15.1588  -0.00018887 -2.22969e-05     0.549442 
         550      15.2783 -0.000187685 -2.18092e-05     0.549443 
         550      15.3984 -0.000186532 -2.13257e-05     0.549444 
         550       15.519 -0.000185411 -2.08453e-05     0.549445 
         550        15.64 -0.000184322 -2.03673e-05     0.549445 
         550      15.7615 -0.000183262 -1.98902e-05     0.549446 
         550      15.8834  -0.00018223 -1.94145e-05     0.549447 
         550      16.0058 -0.000181221 -1.89395e-05     0.549448 
         550      16.1286 -0.000180234 -1.84667e-05     0.549449 
         550       16.252 -0.000179264 -1.79965e-05     0.549449 
         550      16.3759 -0.000178307 -1.75307e-05      0.54945 
         550      16.5002 -0.000177361 -1.70715e-05     0.549451 
         550       16.625 -0.000176423 -1.66201e-05     0.549452 
         550      16.7501 -0.000175491 -1.61796e-05     0.549453 
         550      16.8759 -0.000174565 -1.57515e-05     0.549454 
         550       17.002 -0.000173648 -1.53384e-05     0.549456 
         550      17.1287 -0.000172744 -1.49414e-05     0.549457 
         550      17.2557 -0.000171862 -1.45624e-05     0.549458 
         550      17.3834 -0.000171015 -1.42009e-05     0.549459 
         550      17.5115  -0.00017022 -1.38565e-05      0.54946 
         550      17.6399 -0.000169504 -1.35271e-05     0.549461 
         550       17.769 -0.000168696 -1.31519e-05     0.549463 
         550      17.8984 -0.000167853 -1.27638e-05     0.549464 
         550      18.0284 -0.000167058 -1.23936e-05     0.549465 
         550      18.1587 -0.000166306 -1.20414e-05     0.549467 
         550      18.2896 -0.000165589  -1.1706e-05     0.549468 
         550       18.421 -0.000164901 -1.13867e-05      0.54947 
         550      18.5528  -0.00016424 -1.10824e-05     0.549471 
         550      18.6851 -0.000163598  -1.0791e-05     0.549473 
         550      18.8178 -0.000162974 -1.05113e-05     0.549474 
         550      18.9511 -0.000162364 -1.02409e-05     0.549476 
         550      19.0847 -0.000161766 -9.97824e-06     0.549477 
         550      19.2189 -0.000161177 -9.72098e-06     0.549479 
         550      19.3535 -0.000160598 -9.46759e-06      0.54948 
         550      19.4886 -0.000160026 -9.21589e-06     0.549482 
         550      19.6242 -0.000159462 -8.96451e-06     0.549484 
         550      19.7602 -0.000158906 -8.71245e-06     0.549485 
         550      19.8968  -0.00015836  -8.4585e-06     0.549487 
         550      20.0337 -0.000157826  -8.2028e-06     0.549489 
         550      20.1712 -0.000157304 -7.94535e-06     0.549491 
         550      20.3091   -0.0001568 -7.68772e-06     0.549493 
         550      20.4475 -0.000156315 -7.43162e-06     0.549494 
         550      20.5864 -0.000155854 -7.18043e-06     0.549496 
         550      20.7257 -0.000155424 -6.93872e-06     0.549498 
         550      20.8655 -0.000155028 -6.71191e-06       0.5495 
         550      21.0058 -0.000154675 -6.50771e-06     0.549502 
         550      21.1465 -0.000154371  -6.3349e-06     0.549504 
         550      21.2877 -0.000153953  -6.1191e-06     0.549507 
         550      21.4294 -0.000153431 -5.84807e-06     0.549509 
         550      21.5716 -0.000152938 -5.58644e-06     0.549511 
         550      21.7142 -0.000152474 -5.33869e-06     0.549513 
         550      21.8573 -0.000152039 -5.10784e-06     0.549515 
         550      22.0008 -0.000151633 -4.89677e-06     0.549517 
         550      22.1449 -0.000151255 -4.70662e-06     0.549519 
         550      22.2893 -0.000150906 -4.53805e-06     0.549522 
         550      22.4344 -0.000150581 -4.38987e-06     0.549524 
         550      22.5797 -0.000150281 -4.26002e-06     0.549526 
         550      22.7257     -0.00015 -4.14444e-06     0.549529 
         550      22.8721 -0.000149736 -4.03769e-06     0.549531 
         550      23.0189 -0.000149484 -3.93244e-06     0.549533 
         550      23.1663 -0.000149237 -3.81904e-06     0.549536 
         550       23.314 -0.000148989 -3.68594e-06     0.549538 
         550      23.4623 -0.000148731 -3.51871e-06     0.549541 
         550       23.611 -0.000148455  -3.3007e-06     0.549544 
         550      23.7602 -0.000148148 -3.01168e-06     0.549546 
         550        23.91 -0.000147769 -2.90387e-06     0.549549 
         550        24.06 -0.000147425 -2.82161e-06     0.549551 
         550      24.2107 -0.000147123   -2.722e-06     0.549554 
         550      24.3617 -0.000146855 -2.60998e-06     0.549557 
         550      24.5133 -0.000146613 -2.48946e-06     0.549559 
         550      24.6653 -0.000146394 -2.36407e-06     0.549562 
         550      24.8178 -0.000146191 -2.23644e-06     0.549565 
         550      24.9708 -0.000145999 -2.10894e-06     0.549568 
         550      25.1242 -0.000145817 -1.98346e-06     0.549571 
         550      25.2781  -0.00014564 -1.86111e-06     0.549573 
         550      25.4324 -0.000145466 -1.74301e-06     0.549576 
         550      25.5873 -0.000145293 -1.62953e-06     0.549579 
         550      25.7426  -0.00014512 -1.52112e-06     0.549582 
         550      25.8984 -0.000144946 -1.41762e-06     0.549585 
         550      26.0546 -0.000144771   -1.319e-06     0.549588 
         550      26.2114 -0.000144593 -1.22472e-06     0.549591 
         550      26.3686 -0.000144414 -1.13438e-06     0.549595 
         550      26.5262 -0.000144234  -1.0475e-06     0.549598 
         550      26.6844 -0.000144053 -9.63333e-07     0.549601 
         550      26.8429 -0.000143872 -8.81412e-07     0.549604 
         550       27.002 -0.000143692 -8.01046e-07     0.549607 
         550      27.1615 -0.000143514 -7.21874e-07     0.549611 
         550      27.3216  -0.00014334 -6.43378e-07     0.549614 
         550      27.4821 -0.000143169 -5.65361e-07     0.549617 
         550       27.643 -0.000143005  -4.8778e-07     0.549621 
         550      27.8044 -0.000142848 -4.10577e-07     0.549624 
         550      27.9663   -0.0001427 -3.34139e-07     0.549627 
         550      28.1287 -0.000142562 -2.58811e-07     0.549631 
         550      28.2914 -0.000142435 -1.85399e-07     0.549634 
         550      28.4548 -0.000142321 -1.14692e-07     0.549638 
         550      28.6185 -0.000142222 -4.79301e-08     0.549641 
         550      28.7828  -0.00014214  1.36476e-08     0.549645 
         550      28.9475 -0.000142075  6.84306e-08     0.549649 
         550      29.1126 -0.000142031   1.1464e-07     0.549652 
         550      29.2784 -0.000141969  1.52572e-07     0.549656 
         550      29.4444 -0.000141884  1.90772e-07      0.54966 
         550       29.611 -0.000141796  2.30161e-07     0.549664 
         550       29.778 -0.000141706  2.69892e-07     0.549667 
         550      29.9456 -0.000141615  3.08663e-07     0.549671 
         550      30.1137 -0.000141526  3.44454e-07     0.549675 
         550      30.2821 -0.000141441  3.74571e-07     0.549679 
         550      30.4511 -0.000141365  3.95655e-07     0.549683 
         550      30.6204 -0.000141301  4.03474e-07     0.549687 
         550      30.7903 -0.000141254  3.92978e-07     0.549691 
         550      30.9606 -0.000141231  3.58203e-07     0.549695 
         550      31.1315 -0.000141237  2.92114e-07     0.549699 
         550      31.3028 -0.000141252   2.1479e-07     0.549703 
         550      31.4745 -0.000141011   3.8616e-07     0.549707 
         550      31.6468 -0.000140822   4.9458e-07     0.549711 
         550      31.8194  -0.00014068   5.5489e-07     0.549716 
         550      31.9926 -0.000140576  5.80104e-07      0.54972 
         550      32.1662 -0.000140507  5.81067e-07     0.549724 
         550      32.3404 -0.000140466  5.66764e-07     0.549728 
         550      32.5149 -0.000140449  5.44368e-07     0.549733 
         550        32.69 -0.000140452  5.19289e-07     0.549737 
         550      32.8655 -0.000140424  5.52384e-07     0.549742 
         550      33.0414 -0.000140386  6.08192e-07     0.549746 
         550       33.218  -0.00014035  6.65683e-07     0.549751 
         550      33.3948 -0.000140314  7.20664e-07     0.549755 
         550      33.5723 -0.000140278  7.70301e-07      0.54976 
         550        33.75 -0.000140241  8.12629e-07     0.549764 
         550      33.9284 -0.000140203  8.46717e-07     0.549769 
         550      34.1073 -0.000140162  8.72267e-07     0.549774 
         550      34.2865 -0.000140119  8.89615e-07     0.549778 
         550      34.4663 -0.000140073   8.9961e-07     0.549783 
         550      34.6465 -0.000140024  9.03408e-07     0.549788 
         550      34.8272 -0.000139973  9.02424e-07     0.549793 
         550      35.0083  -0.00013992  8.98196e-07     0.549798 
         550        35.19 -0.000139866  8.92287e-07     0.549803 
         550      35.3721 -0.000139812  8.86213e-07     0.549808 
         550      35.5546 -0.000139758  8.81358e-07     0.549813 
         550      35.7377 -0.000139707  8.78892e-07     0.549818 
         550      35.9211 -0.000139659  8.79739e-07     0.549823 
         550      36.1052 -0.000139615  8.84524e-07     0.549828 
         550      36.2895 -0.000139577  8.93537e-07     0.549833 
         550      36.4745 -0.000139546  9.06745e-07     0.549838 
         550      36.6598 -0.000139524  9.23739e-07     0.549844 
         550      36.8457 -0.000139509  9.43832e-07     0.549849 
         550      37.0321 -0.000139503  9.66001e-07     0.549854 
         550      37.2188 -0.000139504  9.88969e-07      0.54986 
         550      37.4062 -0.000139512  1.01134e-06     0.549865 
         550      37.5938 -0.000139523  1.03155e-06      0.54987 
         550      37.7821 -0.000139535  1.04812e-06     0.549876 
         550      37.9707 -0.000139541  1.05966e-06     0.549881 
         550      38.1599 -0.000139535  1.06511e-06     0.549887 
         550      38.3496 -0.000139508  1.06383e-06     0.549893 
         550      38.5396  -0.00013945  1.05588e-06     0.549898 
         550      38.7302 -0.000139347  1.04217e-06     0.549904 
         550      38.9211 -0.000139182  1.02477e-06      0.54991 
         550      39.1127 -0.000138937  1.00711e-06     0.549916 
         550      39.3046 -0.000138875  1.03304e-06     0.549921 
         550      39.4971 -0.000138953  1.07581e-06     0.549927 
         550      39.6899 -0.000139016  1.10746e-06     0.549933 
         550      39.8833 -0.000139065  1.12765e-06     0.549939 
         550      40.0772 -0.000139104   1.1368e-06     0.549945 
         550      40.2714 -0.000139133  1.13602e-06     0.549951 
         550      40.4663 -0.000139155  1.12702e-06     0.549957 
         550      40.6615  -0.00013917  1.11199e-06     0.549963 
         550      40.8573 -0.000139181  1.09338e-06      0.54997 
         550      41.0534 -0.000139189  1.07384e-06     0.549976 
         550      41.2501 -0.000139194  1.05597e-06     0.549982 
         550      41.4473 -0.000139197  1.04219e-06     0.549988 
         550      41.6448 -0.000139199  1.03452e-06     0.549995 
         550      41.8429 -0.000139199  1.03432e-06     0.550001 
         550      42.0414 -0.000139198  1.04211e-06     0.550008 
         550      42.2405 -0.000139196  1.05727e-06     0.550014 
         550      42.4399 -0.000139191  1.07778e-06     0.550021 
         550      42.6399 -0.000139183  1.09997e-06     0.550027 
         550      42.8404 -0.000139172   1.1181e-06     0.550034 
         550      43.0412 -0.000139157  1.12414e-06     0.550041 
         550      43.2426 -0.000139137  1.10733e-06     0.550047 
         550      43.4444 -0.000139112  1.05392e-06     0.550054 
         550      43.6467 -0.000139081  9.46502e-07     0.550061 
         550      43.8494 -0.000139033  8.93923e-07     0.550068 
         550      44.0527 -0.000138981  9.60313e-07     0.550075 
         550      44.2563 -0.000138943  1.02195e-06     0.550082 
         550      44.4606  -0.00013892  1.07524e-06     0.550089 
         550      44.6653  -0.00013891  1.11741e-06     0.550096 
         550      44.8704 -0.000138912  1.14661e-06     0.550103 
         550       45.076 -0.000138925  1.16195e-06      0.55011 
         550       45.282 -0.000138947  1.16325e-06     0.550117 
         550      45.4886 -0.000138976  1.15106e-06     0.550124 
         550      45.6955 -0.000139008  1.12662e-06     0.550132 
         550       45.903 -0.000139044  1.09166e-06     0.550139 
         550      46.1111  -0.00013908  1.04844e-06     0.550146 
         550      46.3194 -0.000139114  9.99604e-07     0.550154 
         550      46.5283 -0.000139145  9.47947e-07     0.550161 
         550      46.7376  -0.00013917  8.96557e-07     0.550169 
         550      46.9475 -0.000139189  8.48381e-07     0.550177 
         550      47.1577   -0.0001392  8.06403e-07     0.550184 
         550      47.3685 -0.000139201  7.73207e-07     0.550192 
         550      47.5798 -0.000139191  7.51069e-07       0.5502 
         550      47.7914 -0.000139171  7.41655e-07     0.550207 
         550      48.0037 -0.000139138  7.45861e-07     0.550215 
         550      48.2162 -0.000139093  7.63662e-07     0.550223 
         550      48.4294 -0.000139035  7.93943e-07     0.550231 
         550      48.6429 -0.000138963  8.34182e-07     0.550239 
         550       48.857 -0.000138877  8.80423e-07     0.550247 
         550      49.0714 -0.000138775  9.26801e-07     0.550255 
         550      49.2865  -0.00013889  9.03163e-07     0.550264 
         550       49.502 -0.000139031  8.72195e-07     0.550272 
         550      49.7179 -0.000139136  8.52146e-07      0.55028 
         550      49.9343 -0.000139211  8.40875e-07     0.550288 
         550      50.1511 -0.000139261  8.36569e-07     0.550297 
         550      50.3685  -0.00013929   8.3765e-07     0.550305 
         550      50.5862 -0.000139301   8.4278e-07     0.550314 
         550      50.8046   -0.0001393  8.50847e-07     0.550322 
         550      51.0234 -0.000139287  8.60923e-07     0.550331 
         550      51.2425 -0.000139267  8.72248e-07     0.550339 
         550      51.4623 -0.000139241  8.84246e-07     0.550348 
         550      51.6824  -0.00013921  8.96441e-07     0.550357 
         550      51.9031 -0.000139178  9.08511e-07     0.550366 
         550      52.1241 -0.000139144  9.20196e-07     0.550375 
         550      52.3457  -0.00013911  9.31354e-07     0.550384 
         550      52.5676 -0.000139077  9.41872e-07     0.550392 
         550      52.7902 -0.000139046  9.51718e-07     0.550402 
         550      53.0133 -0.000139016  9.60869e-07     0.550411 
         550      53.2366  -0.00013899   9.6932e-07      0.55042 
         550      53.4606 -0.000138966   9.7709e-07     0.550429 
         550      53.6849 -0.000138945  9.84161e-07     0.550438 
         550      53.9099 -0.000138927  9.90517e-07     0.550448 
         550      54.1351 -0.000138912  9.96087e-07     0.550457 
         550       54.361 -0.000138901  1.00078e-06     0.550466 
         550      54.5873 -0.000138893  1.00442e-06     0.550476 
         550      54.8139 -0.000138888   1.0068e-06     0.550485 
         550      55.0412 -0.000138887  1.00763e-06     0.550495 
         550      55.2688 -0.000138888  1.00655e-06     0.550505 
         550       55.497 -0.000138891  1.00312e-06     0.550515 
         550      55.7255 -0.000138897   9.9682e-07     0.550524 
         550      55.9547 -0.000138904   9.8704e-07     0.550534 
         550      56.1844 -0.000138912  9.73096e-07     0.550544 
         550      56.4143  -0.00013892  9.54238e-07     0.550554 
         550      56.6449 -0.000138928   9.2959e-07     0.550564 
         550      56.8757 -0.000138934  8.98274e-07     0.550574 
         550      57.1072 -0.000138936  8.59253e-07     0.550584 
         550       57.339 -0.000138933  8.11549e-07     0.550595 
         550      57.5715 -0.000138922  7.53993e-07     0.550605 
         550      57.8042 -0.000138902  6.85551e-07     0.550615 
         550      58.0376 -0.000138867  6.04968e-07     0.550626 
         550      58.2715 -0.000138829  6.06742e-07     0.550636 
         550      58.5057 -0.000138808   6.3703e-07     0.550647 
         550      58.7405 -0.000138804  6.60896e-07     0.550657 
         550      58.9756 -0.000138816  6.79358e-07     0.550668 
         550      59.2113 -0.000138841  6.93381e-07     0.550679 
         550      59.4473 -0.000138879  7.03732e-07     0.550689 
         550       59.684 -0.000138926   7.1105e-07       0.5507 
         550      59.9212 -0.000138982  7.15747e-07     0.550711 
         550      60.1586 -0.000139042  7.18016e-07     0.550722 
         550      60.3967 -0.000139103   7.1779e-07     0.550733 
         550      60.6351  -0.00013916  7.14704e-07     0.550744 
         550      60.8741  -0.00013921  7.08053e-07     0.550755 
         550      61.1135 -0.000139245  6.96773e-07     0.550767 
         550      61.3534 -0.000139259  6.79356e-07     0.550778 
         550      61.5939 -0.000139241  6.53852e-07     0.550789 
         550      61.8346 -0.000139157  5.90501e-07     0.550801 
         550       62.076 -0.000139076  5.58595e-07     0.550812 
         550      62.3177 -0.000139003  5.50417e-07     0.550824 
         550        62.56 -0.000138942  5.56904e-07     0.550835 
         550      62.8026 -0.000138894  5.70821e-07     0.550847 
         550      63.0459  -0.00013886  5.86616e-07     0.550859 
         550      63.2894  -0.00013884  6.00187e-07      0.55087 
         550      63.5336 -0.000138833  6.08806e-07     0.550882 
         550      63.7783 -0.000138837  6.10885e-07     0.550894 
         550      64.0233 -0.000138851  6.05877e-07     0.550906 
         550      64.2689 -0.000138872  5.94087e-07     0.550918 
         550      64.5148 -0.000138898   5.7656e-07      0.55093 
         550      64.7613 -0.000138926  5.54874e-07     0.550943 
         550      65.0082 -0.000138954   5.3109e-07     0.550955 
         550      65.2557 -0.000138976   5.0728e-07     0.550967 
         550      65.5036 -0.000138938  4.74622e-07      0.55098 
         550      65.7519  -0.00013891  4.39179e-07     0.550992 
         550      66.0008 -0.000138891  4.01617e-07     0.551005 
         550        66.25 -0.000138881  3.62667e-07     0.551017 
         550      66.4998  -0.00013888  3.22895e-07      0.55103 
         550        66.75 -0.000138887  2.82958e-07     0.551043 
         550      67.0007   -0.0001389  2.43359e-07     0.551056 
         550      67.2518 -0.000138918  2.04698e-07     0.551069 
         550      67.5035  -0.00013894  1.67427e-07     0.551082 
         550      67.7557 -0.000138963  1.32068e-07     0.551095 
         550      68.0082 -0.000138986  9.91105e-08     0.551108 
         550      68.2614 -0.000139007  6.89348e-08     0.551121 
         550      68.5148 -0.000139025  4.19848e-08     0.551134 
         550      68.7688 -0.000139038  1.85683e-08     0.551148 
         550      69.0232 -0.000139046 -9.82388e-10     0.551161 
         550      69.2782 -0.000139046 -1.64725e-08     0.551174 
         550      69.5337 -0.000139038  -2.7743e-08     0.551188 
         550      69.7895 -0.000139022  -3.4751e-08     0.551202 
         550      70.0459 -0.000138997 -3.75922e-08     0.551215 
         550      70.3026 -0.000138965 -3.64928e-08     0.551229 
         550        70.56 -0.000138927 -3.18548e-08     0.551243 
         550      70.8176 -0.000138884 -2.42911e-08     0.551257 
         550      71.0759 -0.000138838 -1.46296e-08     0.551271 
         550      71.3347 -0.000138794 -3.98525e-09     0.551285 
         550      71.5938 -0.000138754   6.2162e-09     0.551299 
         550      71.8535 -0.000138724  1.42246e-08     0.551313 
         550      72.1135 -0.000138709  1.78687e-08     0.551327 
         550      72.3741 -0.000138717  1.45504e-08     0.551341 
         550       72.635 -0.000138755  1.17957e-09     0.551356 
         550      72.8967 -0.000138831 -2.59148e-08      0.55137 
         550      73.1585 -0.000138957  -7.0945e-08     0.551385 
         550      73.4211 -0.000139144 -1.38917e-07       0.5514 
         550      73.6841 -0.000139237  -1.9503e-07     0.551414 
         550      73.9473 -0.000139079 -1.83359e-07     0.551429 
         550      74.2113 -0.000138966 -1.68613e-07     0.551444 
         550      74.4755 -0.000138891 -1.52698e-07     0.551459 
         550      74.7404 -0.000138845  -1.3713e-07     0.551474 
         550      75.0056 -0.000138824 -1.23156e-07     0.551489 
         550      75.2714 -0.000138822 -1.11688e-07     0.551504 
         550      75.5377 -0.000138834 -1.03411e-07      0.55152 
         550      75.8043 -0.000138855 -9.87655e-08     0.551535 
         550      76.0715 -0.000138883  -9.7969e-08      0.55155 
         550       76.339 -0.000138913 -1.01064e-07     0.551566 
         550      76.6072 -0.000138943 -1.07938e-07     0.551581 
         550      76.8756 -0.000138972 -1.18323e-07     0.551597 
         550      77.1448 -0.000138996 -1.31868e-07     0.551613 
         550      77.4141 -0.000139016 -1.48093e-07     0.551628 
         550      77.6842 -0.000139029 -1.66496e-07     0.551644 
         550      77.9547 -0.000139037 -1.86488e-07      0.55166 
         550      78.2255 -0.000139037 -2.07449e-07     0.551676 
         550       78.497 -0.000139031   -2.288e-07     0.551692 
         550      78.7687 -0.000139018 -2.49903e-07     0.551708 
         550      79.0411    -0.000139 -2.70217e-07     0.551724 
         550      79.3138 -0.000138976 -2.89174e-07     0.551741 
         550      79.5872 -0.000138948 -3.06329e-07     0.551757 
         550       79.861 -0.000138918 -3.21261e-07     0.551773 
         550      80.1351 -0.000138886  -3.3364e-07      0.55179 
         550      80.4098 -0.000138853 -3.43259e-07     0.551806 
         550      80.6849 -0.000138822 -3.49982e-07     0.551823 
         550      80.9606 -0.000138793 -3.53815e-07      0.55184 
         550      81.2365 -0.000138769 -3.54865e-07     0.551856 
         550      81.5132  -0.00013875 -3.53377e-07     0.551873 
         550      81.7903 -0.000138738  -3.4972e-07      0.55189 
         550      82.0676 -0.000138735 -3.44408e-07     0.551907 
         550      82.3457 -0.000138742 -3.38072e-07     0.551924 
         550       82.624  -0.00013876 -3.31497e-07     0.551942 
         550       82.903 -0.000138791 -3.25581e-07     0.551959 
         550      83.1822 -0.000138836 -3.21365e-07     0.551976 
         550      83.4622 -0.000138895 -3.19997e-07     0.551994 
         550      83.7424  -0.00013897 -3.22746e-07     0.552012 
         550      84.0232 -0.000139061 -3.30985e-07     0.552029 
         550      84.3046 -0.000139168 -3.46176e-07     0.552047 
         550      84.5862 -0.000139293 -3.69831e-07     0.552066 
         550      84.8685 -0.000139434 -4.03584e-07     0.552084 
         550       85.151 -0.000139424 -3.82292e-07     0.552103 
         550      85.4342 -0.000139394 -3.53705e-07     0.552121 
         550      85.7177 -0.000139356 -3.24088e-07      0.55214 
         550      86.0019 -0.000139309 -2.94855e-07     0.552159 
         550      86.2865 -0.000139254 -2.67951e-07     0.552178 
         550      86.5714  -0.00013919 -2.45806e-07     0.552197 
         550       86.857  -0.00013912 -2.31315e-07     0.552216 
         550      87.1428 -0.000139044 -2.27987e-07     0.552235 
         550      87.4293 -0.000138966 -2.39892e-07     0.552255 
         550      87.7161  -0.00013889 -2.71703e-07     0.552274 
         550      88.0035 -0.000138822 -3.28828e-07     0.552294 
         550      88.2914  -0.00013877 -4.17308e-07     0.552313 
         550      88.5796 -0.000138824 -4.03503e-07     0.552332 
         550      88.8685 -0.000138941 -2.68039e-07      0.55235 
         550      89.1576 -0.000139007 -1.69578e-07     0.552367 
         550      89.4474 -0.000139031 -1.04446e-07     0.552384 
         550      89.7374 -0.000139019 -6.98289e-08     0.552401 
         550      90.0282 -0.000138977 -6.33454e-08     0.552418 
         550      90.3192 -0.000138911 -8.32767e-08     0.552435 
         550      90.6109 -0.000138828 -1.28519e-07     0.552452 
         550       90.903 -0.000138731 -1.98524e-07      0.55247 
         550      91.1954 -0.000138702 -2.09535e-07      0.55249 
         550      91.4885 -0.000138697 -1.95993e-07     0.552509 
         550      91.7819 -0.000138696 -1.84813e-07     0.552529 
         550      92.0759 -0.000138701 -1.76124e-07     0.552549 
         550      92.3702 -0.000138714 -1.69988e-07     0.552569 
         550      92.6652 -0.000138736 -1.66358e-07      0.55259 
         550      92.9606 -0.000138766 -1.65126e-07      0.55261 
         550      93.2563 -0.000138803 -1.66113e-07      0.55263 
         550      93.5527 -0.000138846 -1.69089e-07     0.552651 
         550      93.8493 -0.000138891 -1.73773e-07     0.552671 
         550      94.1466 -0.000138938 -1.79864e-07     0.552692 
         550      94.4442 -0.000138984 -1.87021e-07     0.552713 
         550      94.7425 -0.000139026 -1.94906e-07     0.552733 
         550       95.041 -0.000139062 -2.03154e-07     0.552754 
         550      95.3402 -0.000139091 -2.11428e-07     0.552776 
         550      95.6399 -0.000139112 -2.19378e-07     0.552797 
         550      95.9398 -0.000139122 -2.26678e-07     0.552819 
         550      96.2404 -0.000139122  -2.3304e-07     0.552841 
         550      96.5412 -0.000139112 -2.38188e-07     0.552863 
         550      96.8428 -0.000139091 -2.41901e-07     0.552885 
         550      97.1446 -0.000139062 -2.43988e-07     0.552908 
         550      97.4471 -0.000139025 -2.44313e-07     0.552931 
         550      97.7501 -0.000138983 -2.42789e-07     0.552955 
         550      98.0533 -0.000138938 -2.39389e-07     0.552979 
         550      98.3572 -0.000138892 -2.34136e-07     0.553003 
         550      98.6613 -0.000138849 -2.27131e-07     0.553027 
         550      98.9662  -0.00013881 -2.18517e-07     0.553052 
         550      99.2712  -0.00013878 -2.08526e-07     0.553077 
         550       99.577 -0.000138761 -1.97428e-07     0.553102 
         550      99.8833 -0.000138755 -1.85579e-07     0.553128 
         550       100.19 -0.000138763 -1.73403e-07     0.553154 
         550      100.497 -0.000138786 -1.61356e-07     0.553179 
         550      100.804 -0.000138823 -1.49992e-07     0.553205 
         550      101.113 -0.000138873 -1.39884e-07      0.55323 
         550      101.421  -0.00013893  -1.3169e-07     0.553255 
         550       101.73  -0.00013899 -1.26087e-07      0.55328 
         550      102.039 -0.000139043 -1.23814e-07     0.553304 
         550      102.349 -0.000139077 -1.25629e-07     0.553327 
         550       102.66 -0.000139077 -1.32328e-07      0.55335 
         550      102.971 -0.000139023 -1.44704e-07     0.553371 
         550      103.282 -0.000138893  -1.6359e-07      0.55339 
         550      103.594 -0.000138657 -1.89764e-07     0.553408 
         550      103.906 -0.000138281 -2.24062e-07     0.553424 
         550      104.219  -0.00013822 -2.37137e-07     0.553435 
         550      104.532 -0.000138998 -1.95464e-07     0.553448 
         550      104.846 -0.000139423 -1.72037e-07     0.553469 
         550       105.16 -0.000139584 -1.62594e-07     0.553498 
         550      105.474  -0.00013956  -1.6343e-07     0.553533 
         550      105.789 -0.000139414 -1.71387e-07     0.553571 
         550      106.105 -0.000139198 -1.83815e-07     0.553613 
         550      106.421 -0.000138955 -1.98493e-07     0.553656 
         550      106.738 -0.000138715 -2.13662e-07     0.553699 
         550      107.055 -0.000138505 -2.27915e-07     0.553741 
         550      107.372  -0.00013834 -2.40199e-07     0.553782 
         550       107.69  -0.00013823 -2.49804e-07      0.55382 
         550      108.008 -0.000138181 -2.56271e-07     0.553855 
         550      108.327 -0.000138192 -2.59412e-07     0.553887 
         550      108.646 -0.000138259 -2.59241e-07     0.553914 
         550      108.966 -0.000138376 -2.55959e-07     0.553936 
         550      109.286 -0.000138533 -2.49924e-07     0.553954 
         550      109.607 -0.000138719 -2.41601e-07     0.553967 
         550      109.928 -0.000138922  -2.3156e-07     0.553975 
         550       110.25 -0.000139131 -2.20438e-07     0.553979 
         550      110.572 -0.000139333  -2.0888e-07     0.553978 
         550      110.895 -0.000139516 -1.97571e-07     0.553972 
         550      111.218 -0.000139671 -1.87144e-07     0.553963 
         550      111.541 -0.000139789 -1.78219e-07     0.553951 
         550      111.865 -0.000139863 -1.71318e-07     0.553936 
         550       112.19 -0.000139888 -1.66894e-07      0.55392 
         550      112.515 -0.000139861 -1.65277e-07     0.553902 
         550       112.84 -0.000139783 -1.66663e-07     0.553884 
         550      113.166 -0.000139655 -1.71091e-07     0.553867 
         550      113.492 -0.000139483 -1.78439e-07     0.553852 
         550      113.819 -0.000139274 -1.88379e-07     0.553841 
         550      114.147 -0.000139036 -2.00404e-07     0.553833 
         550      114.474 -0.000138783 -2.13758e-07     0.553832 
         550      114.803 -0.000138526  -2.2749e-07     0.553837 
         550      115.131 -0.000138281 -2.40379e-07     0.553852 
         550       115.46 -0.000138064 -2.50954e-07     0.553877 
         550       115.79 -0.000137889  -2.5751e-07     0.553913 
         550       116.12 -0.000137775 -2.49932e-07     0.553981 
         550      116.451 -0.000137663 -2.50248e-07     0.554057 
         550      116.782 -0.000137565 -2.57571e-07     0.554138 
         550      117.113 -0.000137495 -2.70802e-07     0.554227 
         550      117.446 -0.000137462 -2.88682e-07     0.554322 
         550      117.778 -0.000137474   -3.098e-07     0.554422 
         550      118.111 -0.000137537 -3.32667e-07     0.554527 
         550      118.444 -0.000137654 -3.55606e-07     0.554636 
         550      118.778 -0.000137826 -3.76906e-07     0.554747 
         550      119.112 -0.000138049 -3.94686e-07      0.55486 
         550      119.447 -0.000138316 -4.07043e-07     0.554972 
         550      119.783 -0.000138615 -4.11957e-07     0.555082 
         550      120.118 -0.000138931  -4.0737e-07     0.555187 
         550      120.455 -0.000139241 -3.91172e-07     0.555286 
         550      120.791 -0.000139517 -3.61257e-07     0.555376 
         550      121.128 -0.000139726 -3.15436e-07     0.555455 
         550      121.466 -0.000139825 -2.51649e-07     0.555519 
         550      121.804 -0.000139762 -1.67685e-07     0.555566 
         550      122.143  -0.00013948 -6.16172e-08     0.555593 
         550      122.482 -0.000138907  6.87199e-08     0.555595 
         550      122.821 -0.000137962  2.25159e-07     0.555571 
         550      123.161 -0.000136555  4.09337e-07     0.555515 
         550      123.502 -0.000134576  6.23208e-07     0.555425 
         550      123.843 -0.000137584  6.18666e-07     0.555146 
         550      124.184  -0.00014054  5.59082e-07     0.554858 
         550      124.526 -0.000142288  4.99755e-07     0.554604 
         550      124.868 -0.000143069  4.40291e-07      0.55438 
         550      125.211 -0.000143096  3.80554e-07     0.554186 
         550      125.554 -0.000142554  3.20511e-07     0.554022 
         550      125.898 -0.000141607  2.60079e-07     0.553886 
         550      126.242 -0.000140396  1.99453e-07     0.553777 
         550      126.587 -0.000139041  1.38711e-07     0.553693 
         550      126.932 -0.000137643  7.81894e-08     0.553634 
         550      127.278 -0.000136283  1.80904e-08     0.553598 
         550      127.624  -0.00013503 -4.11907e-08     0.553584 
         550      127.971 -0.000133937 -9.92208e-08     0.553591 
         550      128.318  -0.00013304 -1.55675e-07     0.553618 
         550      128.665 -0.000132368 -2.10022e-07     0.553663 
         550      129.013 -0.000131933 -2.61893e-07     0.553726 
         550      129.361 -0.000131745 -3.10744e-07     0.553804 
         550       129.71 -0.000131798 -3.56193e-07     0.553897 
         550       130.06 -0.000132084 -3.97717e-07     0.554003 
         550       130.41 -0.000132586 -4.34949e-07      0.55412 
         550       130.76 -0.000133283 -4.67445e-07     0.554249 
         550      131.111 -0.000134149 -4.94807e-07     0.554386 
         550      131.462 -0.000135156 -5.16741e-07     0.554531 
         550      131.814 -0.000136271 -5.32919e-07     0.554682 
         550      132.166 -0.000137463 -5.43127e-07     0.554838 
         550      132.519 -0.000138695 -5.47167e-07     0.554998 
         550      132.872 -0.000139936 -5.44928e-07     0.555159 
         550      133.226 -0.000141149 -5.36359e-07     0.555321 
         550       133.58 -0.000142301 -5.21503e-07     0.555482 
         550      133.934 -0.000143361  -5.0045e-07      0.55564 
         550      134.289 -0.000144297  -4.7343e-07     0.555794 
         550      134.645 -0.000145082 -4.40691e-07     0.555942 
         550          135 -0.000145688  -4.0267e-07     0.556083 
         550      135.357 -0.000146092 -3.59792e-07     0.556215 
         550      135.714 -0.000146271 -3.12716e-07     0.556337 
         550      136.071 -0.000146206 -2.62064e-07     0.556446 
         550      136.429 -0.000145879 -2.08681e-07     0.556541 
         550      136.787 -0.000145421 -1.67539e-07     0.556522 
         550      137.146  -0.00014484 -1.36939e-07     0.556394 
         550      137.505 -0.000143991 -1.01871e-07     0.556264 
         550      137.865 -0.000142892 -6.29574e-08     0.556132 
         550      138.225 -0.000141575 -2.09772e-08     0.555995 
         550      138.586 -0.000140077  2.33874e-08     0.555854 
         550      138.947 -0.000138451  6.93253e-08     0.555706 
         550      139.309 -0.000136754  1.15998e-07     0.555551 
         550      139.671 -0.000135051  1.62663e-07     0.555388 
         550      140.033 -0.000133415  2.08423e-07     0.555217 
         550      140.397 -0.000131918  2.52525e-07     0.555038 
         550       140.76 -0.000130638  2.94086e-07     0.554848 
         550      141.124 -0.000129648  3.32374e-07      0.55465 
         550      141.488 -0.000129023  3.66591e-07     0.554441 
         550      141.853 -0.000128826  3.95991e-07     0.554222 
         550      142.219 -0.000129115  4.19954e-07     0.553994 
         550      142.584  -0.00012993  4.37844e-07     0.553756 
         550      142.951   -0.0001313  4.49177e-07     0.553509 
         550      143.317 -0.000133226  4.53522e-07     0.553254 
         550      143.685 -0.000135691  4.50589e-07      0.55299 
         550      144.052  -0.00013864  4.40224e-07     0.552719 
         550      144.421  -0.00014199  4.22404e-07     0.552441 
         550      144.789 -0.000145612  3.97305e-07     0.552158 
         550      145.158 -0.000149329   3.6532e-07     0.551871 
         550      145.528  -0.00015292  3.26984e-07     0.551581 
         550      145.898 -0.000156093  2.83186e-07      0.55129 
         550      146.269 -0.000158502  2.34951e-07     0.550999 
         550       146.64 -0.000159716  1.83745e-07     0.550711 
         550      147.011 -0.000159233  1.31201e-07     0.550427 
         550      147.383 -0.000156453  7.94214e-08     0.550149 
         550      147.755 -0.000150691  3.08898e-08     0.549881 
         550      148.128 -0.000141137 -1.16146e-08     0.549624 
         550      148.502 -0.000126893 -4.47253e-08     0.549382 
         550      148.876 -0.000106897 -6.47132e-08     0.549157 
         550       149.25 -8.00082e-05 -6.72536e-08     0.548953 
         550      149.625 -4.48622e-05 -4.75007e-08     0.548772 
         550          150 -1.95975e-18 -2.47025e-21     0.548619 
