Variables = x, y, u, v, p

Zone, I=800, F=POINT
         550            0            0            0      1.11811 
         550     0.000234 -6.28157e-06  2.21511e-11      1.11811 
         550     0.000939 -2.34202e-05  3.62153e-10      1.11811 
         550     0.002113 -4.64769e-05   1.8423e-09      1.11811 
         550     0.003759 -6.87973e-05  5.85222e-09      1.11811 
         550     0.005872 -8.36018e-05   1.4337e-08      1.11811 
         550     0.008457 -8.60185e-05  2.98693e-08      1.11811 
         550      0.01151  -7.4265e-05  5.55968e-08      1.11811 
         550     0.015036 -5.01158e-05  9.53785e-08      1.11811 
         550     0.019031  -1.8266e-05  1.53652e-07      1.11811 
         550     0.023493  1.54373e-05  2.35514e-07      1.11811 
         550     0.028429  4.63283e-05  3.46931e-07      1.11811 
         550     0.033831  7.27528e-05  4.94234e-07      1.11811 
         550     0.039706  9.69875e-05  6.84785e-07      1.11811 
         550     0.046047  0.000123696  9.26162e-07      1.11811 
         550     0.052863  0.000156413  1.22713e-06      1.11811 
         550      0.06015  0.000192873  1.59649e-06      1.11811 
         550       0.0679  0.000223749  2.04319e-06      1.11811 
         550     0.076126  0.000243106   2.5777e-06      1.11811 
         550     0.084816  0.000275862  3.20921e-06      1.11811 
         550     0.093982  0.000298305  3.94873e-06      1.11811 
         550     0.103611  0.000320035  4.80529e-06      1.11811 
         550     0.113718  0.000340095  5.79015e-06      1.11811 
         550     0.124286  0.000357713  6.91124e-06      1.11811 
         550     0.135333  0.000372458  8.17967e-06      1.11811 
         550      0.14685  0.000384122   9.6031e-06      1.11811 
         550     0.158827  0.000392714   1.1188e-05      1.11811 
         550     0.171284  0.000398385   1.2944e-05      1.11811 
         550     0.184201  0.000401272  1.48743e-05      1.11811 
         550     0.197599  0.000401445   1.6987e-05      1.11811 
         550     0.211455  0.000398858  1.92823e-05      1.11811 
         550     0.225792  0.000393468  2.17667e-05      1.11811 
         550       0.2406  0.000385599  2.44401e-05      1.11811 
         550     0.255865  0.000376021  2.73004e-05      1.11811 
         550     0.271613  0.000364221  3.03513e-05      1.11811 
         550     0.287818   0.00035082  3.35861e-05      1.11811 
         550     0.304506  0.000336056  3.70071e-05      1.11811 
         550      0.32165  0.000320222  4.06051e-05      1.11811 
         550     0.339278  0.000303569  4.43814e-05      1.11811 
         550     0.357377  0.000286384  4.83282e-05      1.11811 
         550      0.37593   0.00026895  5.24359e-05      1.11811 
         550     0.394968  0.000251499   5.6705e-05      1.11811 
         550     0.414461    0.0002343  6.11224e-05      1.11811 
         550      0.43444  0.000217551  6.56883e-05      1.11811 
         550     0.454872  0.000201483  7.03887e-05      1.11811 
         550     0.475791  0.000186248  7.52246e-05      1.11811 
         550     0.497163  0.000172025   8.0182e-05      1.11811 
         550     0.519021  0.000158921  8.52621e-05      1.11811 
         550      0.54135  0.000147053  9.04556e-05      1.11811 
         550     0.564131  0.000136517  9.57519e-05      1.11811 
         550       0.5874  0.000127366  0.000101153      1.11811 
         550     0.611121  0.000119676  0.000106645      1.11811 
         550      0.63533  0.000113447  0.000112236      1.11811 
         550      0.65999  0.000108652  0.000117905      1.11811 
         550     0.685139  0.000105284  0.000123657      1.11811 
         550     0.710759  0.000103325  0.000129485      1.11811 
         550     0.736828   0.00010273  0.000135379      1.11811 
         550     0.763387  0.000103431  0.000141342      1.11811 
         550     0.790396  0.000105337   0.00014736      1.11811 
         550     0.817896  0.000108341  0.000153435      1.11811 
         550     0.845843  0.000112306   0.00015955      1.11811 
         550     0.874283  0.000117089  0.000165707      1.11811 
         550      0.90317  0.000122517  0.000171888      1.11811 
         550     0.932551  0.000128419  0.000178093      1.11811 
         550     0.962401    0.0001346  0.000184308      1.11811 
         550     0.992697   0.00014086  0.000190517      1.11811 
         550      1.02349  0.000147009   0.00019672      1.11811 
         550      1.05472  0.000152839  0.000202896      1.11811 
         550      1.08645  0.000158168  0.000209045      1.11811 
         550      1.11863  0.000162805  0.000215145      1.11811 
         550       1.1513  0.000166594  0.000221195      1.11811 
         550      1.18444  0.000169383   0.00022718      1.11811 
         550      1.21802  0.000171054  0.000233085      1.11811 
         550      1.25211  0.000171518   0.00023891      1.11811 
         550      1.28663  0.000170718  0.000244638      1.11811 
         550      1.32165  0.000168633   0.00025027      1.11811 
         550      1.35712  0.000165284   0.00025579      1.11811 
         550      1.39308  0.000160724  0.000261203      1.11811 
         550      1.42951  0.000155051  0.000266501      1.11811 
         550      1.46638  0.000148402   0.00027168      1.11811 
         550      1.50375  0.000140928  0.000276748      1.11811 
         550      1.54156  0.000132179  0.000281678      1.11811 
         550      1.57987  0.000123258  0.000286495      1.11811 
         550      1.61863  0.000114273  0.000291194      1.11811 
         550      1.65788  0.000105233   0.00029578      1.11811 
         550      1.69757  9.61746e-05  0.000300245      1.11811 
         550      1.73776  8.71026e-05  0.000304595      1.11811 
         550      1.77842  7.80398e-05  0.000308825      1.11811 
         550      1.81952  6.90073e-05  0.000312928      1.11811 
         550      1.86113  6.00005e-05  0.000316909      1.11811 
         550      1.90316   5.1042e-05  0.000320758      1.11811 
         550      1.94571  4.21228e-05  0.000324477      1.11811 
         550      1.98869  3.32605e-05  0.000328057      1.11811 
         550      2.03217  2.44418e-05  0.000331499      1.11811 
         550      2.07612  1.56734e-05  0.000334797      1.11811 
         550      2.12051  6.95996e-06  0.000337942      1.11811 
         550       2.1654 -1.71559e-06  0.000340935      1.11811 
         550      2.21073 -1.03436e-05  0.000343766      1.11811 
         550      2.25656 -1.89423e-05  0.000346435      1.11811 
         550      2.30283 -2.75029e-05  0.000348932      1.11811 
         550       2.3496 -3.60428e-05  0.000351256      1.11811 
         550      2.39685 -4.45592e-05  0.000353402      1.11811 
         550      2.44452 -5.30474e-05  0.000355362      1.11811 
         550      2.49271 -6.15218e-05  0.000357135       1.1181 
         550      2.54132 -6.99682e-05  0.000358715       1.1181 
         550      2.59044 -7.83965e-05  0.000360101       1.1181 
         550         2.64 -8.67877e-05  0.000361288       1.1181 
         550      2.69006 -9.51463e-05  0.000362274       1.1181 
         550      2.74056 -0.000103448  0.000363058       1.1181 
         550      2.79156  -0.00011169  0.000363638       1.1181 
         550      2.84304 -0.000119849  0.000364014       1.1181 
         550      2.89494 -0.000127899  0.000364186       1.1181 
         550      2.94735 -0.000135828  0.000364156       1.1181 
         550       3.0002 -0.000143599  0.000363925       1.1181 
         550      3.05355 -0.000151197  0.000363495       1.1181 
         550      3.10733 -0.000158582  0.000362871       1.1181 
         550      3.16163 -0.000165739  0.000362054       1.1181 
         550      3.21639 -0.000172636  0.000361049       1.1181 
         550      3.27158 -0.000179245  0.000359863       1.1181 
         550      3.32729  -0.00018556  0.000358496      1.11809 
         550      3.38342 -0.000191562  0.000356956      1.11809 
         550      3.44007 -0.000197261  0.000355243      1.11809 
         550      3.49714 -0.000202664  0.000353364      1.11809 
         550      3.55472 -0.000207811  0.000351316      1.11809 
         550      3.61273 -0.000212748  0.000349103      1.11809 
         550      3.67125 -0.000217564  0.000346719      1.11809 
         550      3.73025  -0.00022237  0.000344159      1.11809 
         550      3.78967 -0.000226566  0.000341488      1.11809 
         550      3.84961 -0.000230213  0.000338702      1.11809 
         550      3.90996 -0.000233609  0.000335782      1.11809 
         550      3.97084 -0.000236702  0.000332797      1.11809 
         550      4.03214 -0.000239558  0.000329699      1.11809 
         550      4.09395 -0.000242207  0.000326475      1.11808 
         550      4.15624 -0.000244652  0.000323135      1.11808 
         550      4.21895 -0.000246895  0.000319692      1.11808 
         550      4.28217 -0.000248946   0.00031615      1.11808 
         550      4.34582 -0.000250804  0.000312524      1.11808 
         550      4.40998 -0.000252477  0.000308819      1.11808 
         550      4.47457 -0.000253967  0.000305048      1.11808 
         550      4.53968 -0.000255281  0.000301216      1.11808 
         550      4.60525  -0.00025642  0.000297334      1.11808 
         550      4.67125 -0.000257389  0.000293414      1.11808 
         550      4.73777 -0.000258192  0.000289458      1.11808 
         550       4.8047 -0.000258833  0.000285481      1.11808 
         550      4.87216 -0.000259317  0.000281483      1.11807 
         550      4.94003 -0.000259648  0.000277478      1.11807 
         550      5.00843  -0.00025983  0.000273466      1.11807 
         550      5.07724 -0.000259868  0.000269459      1.11807 
         550      5.14658 -0.000259767  0.000265456      1.11807 
         550      5.21639 -0.000259532  0.000261465      1.11807 
         550      5.28661 -0.000259169  0.000257492      1.11807 
         550      5.35736 -0.000258682  0.000253536      1.11807 
         550      5.42852 -0.000258079  0.000249604      1.11807 
         550      5.50021 -0.000257364  0.000245693      1.11807 
         550      5.57231 -0.000256546  0.000241811      1.11807 
         550      5.64493  -0.00025563  0.000237953      1.11807 
         550      5.71803 -0.000254624  0.000234122      1.11807 
         550      5.79154 -0.000253536  0.000230322      1.11807 
         550      5.86558 -0.000252373  0.000226548      1.11807 
         550      5.94003 -0.000251143  0.000222805      1.11806 
         550      6.01501 -0.000249853  0.000219089      1.11806 
         550       6.0904 -0.000248513  0.000215405      1.11806 
         550      6.16632 -0.000247128  0.000211751      1.11806 
         550      6.24271 -0.000245708   0.00020813      1.11806 
         550       6.3195 -0.000244262  0.000204551      1.11806 
         550      6.39683 -0.000242793  0.000201011      1.11806 
         550      6.47457 -0.000241312  0.000197524      1.11806 
         550      6.55284 -0.000239821  0.000194094      1.11806 
         550      6.63152 -0.000238327  0.000190739      1.11806 
         550      6.71073 -0.000236832   0.00018747      1.11806 
         550      6.79034 -0.000235289  0.000184208      1.11806 
         550      6.87049 -0.000233698  0.000180828      1.11806 
         550      6.95111  -0.00023218  0.000177544      1.11806 
         550      7.03214 -0.000230712  0.000174337      1.11806 
         550       7.1137 -0.000229275  0.000171186      1.11806 
         550      7.19566 -0.000227855  0.000168085      1.11806 
         550      7.27816  -0.00022644  0.000165021      1.11806 
         550      7.36106 -0.000225026  0.000161992      1.11806 
         550      7.44451 -0.000223608  0.000158992      1.11806 
         550      7.52842 -0.000222184  0.000156022      1.11806 
         550      7.61273 -0.000220759  0.000153086      1.11805 
         550      7.69758 -0.000219332  0.000150182      1.11805 
         550      7.78283 -0.000217911  0.000147316      1.11805 
         550      7.86862 -0.000216498  0.000144488      1.11805 
         550      7.95481 -0.000215101  0.000141706      1.11805 
         550      8.04155 -0.000213723  0.000138967      1.11805 
         550      8.12868 -0.000212371  0.000136279      1.11805 
         550      8.21635 -0.000211049  0.000133637      1.11805 
         550      8.30449 -0.000209759  0.000131045      1.11805 
         550      8.39303 -0.000208505  0.000128502      1.11805 
         550      8.48211 -0.000207286  0.000126001      1.11805 
         550      8.57159 -0.000206103  0.000123542      1.11805 
         550      8.66161  -0.00020495  0.000121115      1.11805 
         550      8.75203 -0.000203825  0.000118717      1.11805 
         550      8.84299  -0.00020272  0.000116334      1.11805 
         550      8.93443 -0.000201628  0.000113961      1.11805 
         550      9.02626 -0.000200541   0.00011159      1.11805 
         550      9.11863 -0.000199448  0.000109208      1.11805 
         550      9.21139 -0.000198341  0.000106812      1.11805 
         550      9.30471 -0.000197244  0.000104637      1.11805 
         550      9.39841 -0.000196111  0.000102535      1.11805 
         550      9.49267 -0.000194931  0.000100471      1.11805 
         550      9.58739 -0.000193705  9.84507e-05      1.11805 
         550      9.68251 -0.000192714  9.63863e-05      1.11805 
         550      9.77817 -0.000191853  9.42981e-05      1.11805 
         550      9.87422 -0.000190904  9.22655e-05      1.11805 
         550      9.97083 -0.000189909  9.02805e-05      1.11805 
         550      10.0678 -0.000188902  8.83415e-05      1.11805 
         550      10.1654 -0.000187904  8.64406e-05      1.11805 
         550      10.2633 -0.000186931  8.45768e-05      1.11805 
         550      10.3618 -0.000185991  8.27435e-05      1.11805 
         550      10.4607 -0.000185086  8.09389e-05      1.11805 
         550      10.5601 -0.000184218   7.9162e-05      1.11805 
         550        10.66  -0.00018338  7.74084e-05      1.11805 
         550      10.7603 -0.000182568  7.56799e-05      1.11805 
         550      10.8611 -0.000181773  7.39736e-05      1.11805 
         550      10.9623 -0.000180991  7.22928e-05      1.11806 
         550      11.0641 -0.000180215  7.06362e-05      1.11806 
         550      11.1663 -0.000179439   6.9007e-05      1.11806 
         550       11.269 -0.000178663  6.74089e-05      1.11806 
         550      11.3721 -0.000177884   6.5842e-05      1.11806 
         550      11.4757 -0.000177106  6.43116e-05      1.11806 
         550      11.5798 -0.000176331  6.28177e-05      1.11806 
         550      11.6844 -0.000175566  6.13648e-05      1.11806 
         550      11.7894 -0.000174816  5.99517e-05      1.11806 
         550       11.895 -0.000174089  5.85792e-05      1.11806 
         550      12.0009 -0.000173393  5.72464e-05      1.11806 
         550      12.1073  -0.00017273  5.59465e-05      1.11806 
         550      12.2142 -0.000172101  5.46739e-05      1.11806 
         550      12.3216 -0.000171497   5.3415e-05      1.11806 
         550      12.4294 -0.000170905  5.21557e-05      1.11806 
         550      12.5378 -0.000170296  5.08721e-05      1.11806 
         550      12.6465 -0.000169626  4.95379e-05      1.11806 
         550      12.7558 -0.000168833  4.81149e-05      1.11806 
         550      12.8656 -0.000168205  4.68483e-05      1.11806 
         550      12.9757 -0.000167827  4.58124e-05      1.11806 
         550      13.0864 -0.000167393  4.47657e-05      1.11807 
         550      13.1975 -0.000166912  4.37159e-05      1.11807 
         550      13.3092 -0.000166396  4.26693e-05      1.11807 
         550      13.4212 -0.000165853  4.16378e-05      1.11807 
         550      13.5338 -0.000165291   4.0631e-05      1.11807 
         550      13.6468 -0.000164717  3.96623e-05      1.11807 
         550      13.7603 -0.000164167  3.86801e-05      1.11807 
         550      13.8743 -0.000163689  3.76005e-05      1.11807 
         550      13.9886 -0.000163221  3.65574e-05      1.11807 
         550      14.1036 -0.000162758  3.55506e-05      1.11807 
         550      14.2189 -0.000162302  3.45818e-05      1.11807 
         550      14.3348 -0.000161849  3.36485e-05      1.11807 
         550       14.451 -0.000161402  3.27505e-05      1.11807 
         550      14.5678 -0.000160961  3.18841e-05      1.11808 
         550      14.6851 -0.000160526  3.10472e-05      1.11808 
         550      14.8028 -0.000160101  3.02377e-05      1.11808 
         550       14.921 -0.000159684  2.94512e-05      1.11808 
         550      15.0396 -0.000159279   2.8686e-05      1.11808 
         550      15.1588 -0.000158886  2.79381e-05      1.11808 
         550      15.2783 -0.000158506  2.72064e-05      1.11808 
         550      15.3984 -0.000158139  2.64877e-05      1.11808 
         550       15.519 -0.000157785  2.57809e-05      1.11808 
         550        15.64 -0.000157444  2.50858e-05      1.11808 
         550      15.7615 -0.000157115  2.44008e-05      1.11809 
         550      15.8834 -0.000156797  2.37269e-05      1.11809 
         550      16.0058 -0.000156487  2.30639e-05      1.11809 
         550      16.1286 -0.000156184  2.24137e-05      1.11809 
         550       16.252 -0.000155885  2.17767e-05      1.11809 
         550      16.3759 -0.000155587  2.11548e-05      1.11809 
         550      16.5002 -0.000155289  2.05501e-05      1.11809 
         550       16.625 -0.000154989  1.99627e-05      1.11809 
         550      16.7501 -0.000154686  1.93943e-05       1.1181 
         550      16.8759 -0.000154379  1.88436e-05       1.1181 
         550       17.002  -0.00015407    1.831e-05       1.1181 
         550      17.1287 -0.000153762  1.77895e-05       1.1181 
         550      17.2557  -0.00015346  1.72772e-05       1.1181 
         550      17.3834 -0.000153172  1.67641e-05       1.1181 
         550      17.5115 -0.000152911  1.62389e-05       1.1181 
         550      17.6399 -0.000152693  1.56859e-05       1.1181 
         550       17.769 -0.000152519  1.52189e-05      1.11811 
         550      17.8984 -0.000152331  1.48052e-05      1.11811 
         550      18.0284 -0.000152125  1.43861e-05      1.11811 
         550      18.1587 -0.000151908  1.39669e-05      1.11811 
         550      18.2896 -0.000151682  1.35507e-05      1.11811 
         550       18.421 -0.000151452  1.31412e-05      1.11811 
         550      18.5528 -0.000151221  1.27413e-05      1.11812 
         550      18.6851 -0.000150992  1.23523e-05      1.11812 
         550      18.8178 -0.000150767  1.19763e-05      1.11812 
         550      18.9511 -0.000150548  1.16136e-05      1.11812 
         550      19.0847 -0.000150336  1.12651e-05      1.11812 
         550      19.2189 -0.000150134    1.093e-05      1.11812 
         550      19.3535 -0.000149941  1.06083e-05      1.11813 
         550      19.4886 -0.000149758  1.02986e-05      1.11813 
         550      19.6242 -0.000149585  9.99968e-06      1.11813 
         550      19.7602 -0.000149422  9.71034e-06      1.11813 
         550      19.8968 -0.000149268  9.42834e-06      1.11813 
         550      20.0337 -0.000149122  9.15231e-06      1.11813 
         550      20.1712 -0.000148982  8.87995e-06      1.11814 
         550      20.3091 -0.000148846  8.60994e-06      1.11814 
         550      20.4475 -0.000148713  8.34027e-06      1.11814 
         550      20.5864 -0.000148579  8.06991e-06      1.11814 
         550      20.7257 -0.000148441  7.79826e-06      1.11814 
         550      20.8655 -0.000148294  7.52464e-06      1.11815 
         550      21.0058 -0.000148135  7.24998e-06      1.11815 
         550      21.1465 -0.000147958  6.97519e-06      1.11815 
         550      21.2877  -0.00014783  6.73926e-06      1.11815 
         550      21.4294 -0.000147759  6.53783e-06      1.11815 
         550      21.5716 -0.000147691  6.33886e-06      1.11816 
         550      21.7142 -0.000147621  6.13976e-06      1.11816 
         550      21.8573 -0.000147548  5.93845e-06      1.11816 
         550      22.0008  -0.00014747  5.73442e-06      1.11816 
         550      22.1449 -0.000147385  5.52746e-06      1.11816 
         550      22.2893 -0.000147292   5.3188e-06      1.11817 
         550      22.4344  -0.00014719   5.1097e-06      1.11817 
         550      22.5797 -0.000147081  4.90261e-06      1.11817 
         550      22.7257 -0.000146969  4.69959e-06      1.11817 
         550      22.8721 -0.000146859  4.50321e-06      1.11817 
         550      23.0189 -0.000146758  4.31573e-06      1.11818 
         550      23.1663 -0.000146677  4.13828e-06      1.11818 
         550       23.314  -0.00014663  3.97143e-06      1.11818 
         550      23.4623 -0.000146635  3.81359e-06      1.11818 
         550       23.611 -0.000146714  3.66151e-06      1.11819 
         550      23.7602 -0.000146895  3.50863e-06      1.11819 
         550        23.91 -0.000146714  3.46615e-06      1.11819 
         550        24.06 -0.000146492   3.4174e-06      1.11819 
         550      24.2107 -0.000146312  3.34486e-06       1.1182 
         550      24.3617  -0.00014617  3.25577e-06       1.1182 
         550      24.5133 -0.000146058  3.15579e-06       1.1182 
         550      24.6653 -0.000145973  3.04974e-06       1.1182 
         550      24.8178 -0.000145908  2.94105e-06      1.11821 
         550      24.9708  -0.00014586   2.8325e-06      1.11821 
         550      25.1242 -0.000145825  2.72604e-06      1.11821 
         550      25.2781 -0.000145799  2.62265e-06      1.11821 
         550      25.4324 -0.000145779  2.52308e-06      1.11822 
         550      25.5873 -0.000145762  2.42726e-06      1.11822 
         550      25.7426 -0.000145746  2.33507e-06      1.11822 
         550      25.8984 -0.000145729   2.2458e-06      1.11822 
         550      26.0546  -0.00014571  2.15884e-06      1.11823 
         550      26.2114 -0.000145686  2.07323e-06      1.11823 
         550      26.3686 -0.000145658  1.98821e-06      1.11823 
         550      26.5262 -0.000145624  1.90308e-06      1.11824 
         550      26.6844 -0.000145584  1.81711e-06      1.11824 
         550      26.8429 -0.000145538  1.73003e-06      1.11824 
         550       27.002 -0.000145487   1.6416e-06      1.11824 
         550      27.1615  -0.00014543  1.55217e-06      1.11825 
         550      27.3216 -0.000145369  1.46216e-06      1.11825 
         550      27.4821 -0.000145305  1.37263e-06      1.11825 
         550       27.643 -0.000145238  1.28506e-06      1.11826 
         550      27.8044 -0.000145171  1.20113e-06      1.11826 
         550      27.9663 -0.000145105  1.12326e-06      1.11826 
         550      28.1287 -0.000145042  1.05401e-06      1.11827 
         550      28.2914 -0.000144984  9.96587e-07      1.11827 
         550      28.4548 -0.000144933   9.5436e-07      1.11827 
         550      28.6185 -0.000144891  9.31154e-07      1.11828 
         550      28.7828 -0.000144861   9.3094e-07      1.11828 
         550      28.9475 -0.000144844  9.57911e-07      1.11828 
         550      29.1126 -0.000144845  1.01623e-06      1.11829 
         550      29.2784 -0.000144877  1.00755e-06      1.11829 
         550      29.4444  -0.00014492  9.54937e-07      1.11829 
         550       29.611 -0.000144959    9.172e-07       1.1183 
         550       29.778 -0.000144989  8.92078e-07       1.1183 
         550      29.9456  -0.00014501  8.76466e-07       1.1183 
         550      30.1137 -0.000145017  8.66469e-07      1.11831 
         550      30.2821  -0.00014501  8.57215e-07      1.11831 
         550      30.4511 -0.000144985  8.42732e-07      1.11831 
         550      30.6204  -0.00014494  8.15892e-07      1.11832 
         550      30.7903 -0.000144873  7.68164e-07      1.11832 
         550      30.9606 -0.000144784  6.89681e-07      1.11832 
         550      31.1315 -0.000144669  5.68753e-07      1.11833 
         550      31.3028 -0.000144545  4.21308e-07      1.11833 
         550      31.4745 -0.000144592  5.51713e-07      1.11833 
         550      31.6468 -0.000144615  6.56312e-07      1.11834 
         550      31.8194  -0.00014462  7.34838e-07      1.11834 
         550      31.9926 -0.000144611   7.8679e-07      1.11835 
         550      32.1662 -0.000144593   8.1105e-07      1.11835 
         550      32.3404 -0.000144572  8.06314e-07      1.11835 
         550      32.5149 -0.000144555  7.71067e-07      1.11836 
         550        32.69 -0.000144548  7.03654e-07      1.11836 
         550      32.8655 -0.000144607  7.04926e-07      1.11836 
         550      33.0414 -0.000144657  7.18585e-07      1.11837 
         550       33.218 -0.000144685  7.20515e-07      1.11837 
         550      33.3948 -0.000144696  7.14002e-07      1.11838 
         550      33.5723 -0.000144697  7.01753e-07      1.11838 
         550        33.75 -0.000144691  6.85984e-07      1.11839 
         550      33.9284 -0.000144682  6.68397e-07      1.11839 
         550      34.1073 -0.000144673  6.50314e-07      1.11839 
         550      34.2865 -0.000144665  6.32691e-07       1.1184 
         550      34.4663  -0.00014466  6.16125e-07       1.1184 
         550      34.6465 -0.000144659  6.00991e-07      1.11841 
         550      34.8272  -0.00014466  5.87392e-07      1.11841 
         550      35.0083 -0.000144665  5.75294e-07      1.11842 
         550        35.19 -0.000144672  5.64483e-07      1.11842 
         550      35.3721 -0.000144681  5.54677e-07      1.11842 
         550      35.5546  -0.00014469  5.45533e-07      1.11843 
         550      35.7377 -0.000144698   5.3666e-07      1.11843 
         550      35.9211 -0.000144704  5.27709e-07      1.11844 
         550      36.1052 -0.000144707  5.18342e-07      1.11844 
         550      36.2895 -0.000144705  5.08322e-07      1.11845 
         550      36.4745 -0.000144698  4.97474e-07      1.11845 
         550      36.6598 -0.000144685  4.85772e-07      1.11846 
         550      36.8457 -0.000144666   4.7329e-07      1.11846 
         550      37.0321 -0.000144641  4.60277e-07      1.11847 
         550      37.2188 -0.000144611  4.47146e-07      1.11847 
         550      37.4062 -0.000144578  4.34442e-07      1.11847 
         550      37.5938 -0.000144542  4.22922e-07      1.11848 
         550      37.7821 -0.000144507  4.13467e-07      1.11848 
         550      37.9707 -0.000144475  4.07153e-07      1.11849 
         550      38.1599 -0.000144452  4.05176e-07      1.11849 
         550      38.3496 -0.000144441  4.08878e-07       1.1185 
         550      38.5396 -0.000144449  4.19688e-07       1.1185 
         550      38.7302 -0.000144482  4.39138e-07      1.11851 
         550      38.9211 -0.000144549  4.68752e-07      1.11851 
         550      39.1127 -0.000144657  5.10131e-07      1.11852 
         550      39.3046  -0.00014474  5.12199e-07      1.11852 
         550      39.4971  -0.00014477  4.74256e-07      1.11853 
         550      39.6899 -0.000144783  4.28865e-07      1.11854 
         550      39.8833 -0.000144782  3.81387e-07      1.11854 
         550      40.0772 -0.000144772  3.36105e-07      1.11855 
         550      40.2714 -0.000144755  2.96164e-07      1.11855 
         550      40.4663 -0.000144735  2.63557e-07      1.11856 
         550      40.6615 -0.000144714  2.39411e-07      1.11856 
         550      40.8573 -0.000144694  2.23873e-07      1.11857 
         550      41.0534 -0.000144677  2.16376e-07      1.11857 
         550      41.2501 -0.000144665   2.1565e-07      1.11858 
         550      41.4473 -0.000144658  2.19917e-07      1.11858 
         550      41.6448 -0.000144657  2.26998e-07      1.11859 
         550      41.8429 -0.000144661  2.34514e-07       1.1186 
         550      42.0414 -0.000144669  2.40021e-07       1.1186 
         550      42.2405  -0.00014468  2.41244e-07      1.11861 
         550      42.4399 -0.000144692  2.36262e-07      1.11861 
         550      42.6399 -0.000144703  2.23731e-07      1.11862 
         550      42.8404  -0.00014471  2.03153e-07      1.11862 
         550      43.0412 -0.000144708  1.75151e-07      1.11863 
         550      43.2426 -0.000144694  1.41662e-07      1.11864 
         550      43.4444 -0.000144663  1.06399e-07      1.11864 
         550      43.6467 -0.000144608  7.49796e-08      1.11865 
         550      43.8494  -0.00014456  5.43428e-08      1.11865 
         550      44.0527 -0.000144555  4.50584e-08      1.11866 
         550      44.2563 -0.000144562  4.39995e-08      1.11867 
         550      44.4606 -0.000144579  4.82327e-08      1.11867 
         550      44.6653 -0.000144602  5.54565e-08      1.11868 
         550      44.8704 -0.000144627  6.39425e-08      1.11869 
         550       45.076 -0.000144654  7.25158e-08      1.11869 
         550       45.282 -0.000144679  8.04486e-08       1.1187 
         550      45.4886 -0.000144701  8.74485e-08       1.1187 
         550      45.6955  -0.00014472  9.35364e-08      1.11871 
         550       45.903 -0.000144734  9.90124e-08      1.11872 
         550      46.1111 -0.000144744  1.04333e-07      1.11872 
         550      46.3194 -0.000144749  1.10033e-07      1.11873 
         550      46.5283  -0.00014475  1.16633e-07      1.11874 
         550      46.7376 -0.000144748  1.24497e-07      1.11874 
         550      46.9475 -0.000144742  1.33752e-07      1.11875 
         550      47.1577 -0.000144735  1.44113e-07      1.11876 
         550      47.3685 -0.000144727  1.54799e-07      1.11876 
         550      47.5798 -0.000144718  1.64328e-07      1.11877 
         550      47.7914  -0.00014471   1.7039e-07      1.11878 
         550      48.0037 -0.000144702  1.69688e-07      1.11879 
         550      48.2162 -0.000144694  1.57738e-07      1.11879 
         550      48.4294 -0.000144685  1.28661e-07       1.1188 
         550      48.6429 -0.000144674  7.50762e-08      1.11881 
         550       48.857 -0.000144658 -1.23225e-08      1.11881 
         550      49.0714 -0.000144633 -1.44616e-07      1.11882 
         550      49.2865 -0.000144671 -1.23486e-07      1.11883 
         550       49.502 -0.000144714 -6.70864e-08      1.11884 
         550      49.7179 -0.000144742 -2.69118e-08      1.11884 
         550      49.9343  -0.00014476  8.16205e-10      1.11885 
         550      50.1511  -0.00014477  1.92621e-08      1.11886 
         550      50.3685 -0.000144775  3.12004e-08      1.11886 
         550      50.5862 -0.000144775  3.89217e-08      1.11887 
         550      50.8046 -0.000144774  4.43516e-08      1.11888 
         550      51.0234 -0.000144771  4.90312e-08      1.11889 
         550      51.2425 -0.000144769  5.41708e-08       1.1189 
         550      51.4623 -0.000144767  6.06916e-08       1.1189 
         550      51.6824 -0.000144766  6.92249e-08      1.11891 
         550      51.9031 -0.000144766   8.0187e-08      1.11892 
         550      52.1241 -0.000144768  9.37515e-08      1.11893 
         550      52.3457 -0.000144771  1.09949e-07      1.11893 
         550      52.5676 -0.000144776  1.28607e-07      1.11894 
         550      52.7902 -0.000144782   1.4948e-07      1.11895 
         550      53.0133 -0.000144789  1.72172e-07      1.11896 
         550      53.2366 -0.000144797    1.962e-07      1.11897 
         550      53.4606 -0.000144806  2.21081e-07      1.11897 
         550      53.6849 -0.000144816  2.46215e-07      1.11898 
         550      53.9099 -0.000144826  2.71062e-07      1.11899 
         550      54.1351 -0.000144836  2.94998e-07        1.119 
         550       54.361 -0.000144846   3.1749e-07      1.11901 
         550      54.5873 -0.000144857  3.37974e-07      1.11902 
         550      54.8139 -0.000144867  3.55929e-07      1.11902 
         550      55.0412 -0.000144876  3.70924e-07      1.11903 
         550      55.2688 -0.000144885  3.82532e-07      1.11904 
         550       55.497 -0.000144892  3.90426e-07      1.11905 
         550      55.7255 -0.000144898  3.94311e-07      1.11906 
         550      55.9547 -0.000144902  3.93978e-07      1.11907 
         550      56.1844 -0.000144903  3.89262e-07      1.11908 
         550      56.4143 -0.000144901  3.80073e-07      1.11909 
         550      56.6449 -0.000144893  3.66343e-07      1.11909 
         550      56.8757 -0.000144879  3.48079e-07       1.1191 
         550      57.1072 -0.000144855  3.25262e-07      1.11911 
         550       57.339 -0.000144821  2.97946e-07      1.11912 
         550      57.5715 -0.000144772   2.6609e-07      1.11913 
         550      57.8042 -0.000144705  2.29714e-07      1.11914 
         550      58.0376 -0.000144616  1.88666e-07      1.11915 
         550      58.2715  -0.00014467  2.04131e-07      1.11916 
         550      58.5057 -0.000144768  2.45312e-07      1.11917 
         550      58.7405 -0.000144848  2.87963e-07      1.11918 
         550      58.9756 -0.000144909   3.2973e-07      1.11919 
         550      59.2113 -0.000144956  3.68031e-07       1.1192 
         550      59.4473 -0.000144987  3.99792e-07      1.11921 
         550       59.684 -0.000145006  4.21679e-07      1.11921 
         550      59.9212  -0.00014501  4.29904e-07      1.11922 
         550      60.1586 -0.000145001  4.20347e-07      1.11923 
         550      60.3967 -0.000144976  3.88488e-07      1.11924 
         550      60.6351 -0.000144932  3.29499e-07      1.11925 
         550      60.8741 -0.000144865  2.38027e-07      1.11926 
         550      61.1135 -0.000144771   1.0859e-07      1.11927 
         550      61.3534 -0.000144642 -6.50259e-08      1.11928 
         550      61.5939 -0.000144468 -2.89115e-07      1.11929 
         550      61.8346 -0.000144517 -3.76963e-08       1.1193 
         550       62.076 -0.000144588  1.66527e-07      1.11931 
         550      62.3177 -0.000144659  3.01255e-07      1.11932 
         550        62.56 -0.000144725  3.77677e-07      1.11933 
         550      62.8026 -0.000144784  4.05923e-07      1.11934 
         550      63.0459 -0.000144834  3.95553e-07      1.11936 
         550      63.2894 -0.000144873  3.55315e-07      1.11937 
         550      63.5336 -0.000144902  2.93078e-07      1.11938 
         550      63.7783  -0.00014492   2.1597e-07      1.11939 
         550      64.0233 -0.000144928  1.30308e-07       1.1194 
         550      64.2689 -0.000144926  4.13214e-08      1.11941 
         550      64.5148 -0.000144917 -4.63908e-08      1.11942 
         550      64.7613 -0.000144901 -1.29422e-07      1.11943 
         550      65.0082 -0.000144878 -2.05031e-07      1.11944 
         550      65.2557 -0.000144851 -2.66134e-07      1.11945 
         550      65.5036 -0.000144862 -1.26291e-07      1.11946 
         550      65.7519 -0.000144868 -4.10449e-09      1.11947 
         550      66.0008  -0.00014487  1.00713e-07      1.11948 
         550        66.25 -0.000144869  1.88484e-07       1.1195 
         550      66.4998 -0.000144866  2.60182e-07      1.11951 
         550        66.75 -0.000144862  3.16801e-07      1.11952 
         550      67.0007 -0.000144858  3.59768e-07      1.11953 
         550      67.2518 -0.000144854  3.90519e-07      1.11954 
         550      67.5035  -0.00014485  4.10728e-07      1.11955 
         550      67.7557 -0.000144847  4.22057e-07      1.11956 
         550      68.0082 -0.000144842  4.26215e-07      1.11958 
         550      68.2614 -0.000144837  4.24893e-07      1.11959 
         550      68.5148 -0.000144831  4.19698e-07       1.1196 
         550      68.7688 -0.000144824  4.12121e-07      1.11961 
         550      69.0232 -0.000144814  4.03516e-07      1.11962 
         550      69.2782 -0.000144802  3.95024e-07      1.11963 
         550      69.5337 -0.000144787  3.87587e-07      1.11965 
         550      69.7895  -0.00014477   3.8189e-07      1.11966 
         550      70.0459 -0.000144751  3.78327e-07      1.11967 
         550      70.3026 -0.000144729  3.77002e-07      1.11968 
         550        70.56 -0.000144707  3.77688e-07       1.1197 
         550      70.8176 -0.000144684  3.79816e-07      1.11971 
         550      71.0759 -0.000144664  3.82471e-07      1.11972 
         550      71.3347 -0.000144649  3.84365e-07      1.11973 
         550      71.5938 -0.000144641  3.83846e-07      1.11974 
         550      71.8535 -0.000144644  3.78888e-07      1.11976 
         550      72.1135 -0.000144663   3.6711e-07      1.11977 
         550      72.3741 -0.000144704  3.45743e-07      1.11978 
         550       72.635 -0.000144773  3.11724e-07       1.1198 
         550      72.8967 -0.000144878  2.61569e-07      1.11981 
         550      73.1585 -0.000145028  1.91624e-07      1.11982 
         550      73.4211 -0.000145233  9.77581e-08      1.11983 
         550      73.6841 -0.000145336  5.52561e-08      1.11985 
         550      73.9473 -0.000145178  1.31806e-07      1.11986 
         550      74.2113 -0.000145057  1.85043e-07      1.11987 
         550      74.4755 -0.000144969  2.19223e-07      1.11989 
         550      74.7404 -0.000144906  2.38297e-07       1.1199 
         550      75.0056 -0.000144865  2.45695e-07      1.11991 
         550      75.2714  -0.00014484   2.4449e-07      1.11993 
         550      75.5377 -0.000144828  2.37345e-07      1.11994 
         550      75.8043 -0.000144826  2.26581e-07      1.11995 
         550      76.0715 -0.000144831  2.14146e-07      1.11997 
         550       76.339 -0.000144839  2.01701e-07      1.11998 
         550      76.6072 -0.000144851  1.90566e-07         1.12 
         550      76.8756 -0.000144862  1.81819e-07      1.12001 
         550      77.1448 -0.000144874  1.76245e-07      1.12002 
         550      77.4141 -0.000144883   1.7441e-07      1.12004 
         550      77.6842  -0.00014489  1.76651e-07      1.12005 
         550      77.9547 -0.000144894  1.83108e-07      1.12007 
         550      78.2255 -0.000144896  1.93724e-07      1.12008 
         550       78.497 -0.000144893  2.08309e-07      1.12009 
         550      78.7687 -0.000144888  2.26487e-07      1.12011 
         550      79.0411 -0.000144879  2.47808e-07      1.12012 
         550      79.3138 -0.000144868   2.7165e-07      1.12014 
         550      79.5872 -0.000144855  2.97371e-07      1.12015 
         550       79.861  -0.00014484  3.24199e-07      1.12017 
         550      80.1351 -0.000144823  3.51298e-07      1.12018 
         550      80.4098 -0.000144806  3.77854e-07      1.12019 
         550      80.6849 -0.000144789  4.02941e-07      1.12021 
         550      80.9606 -0.000144772  4.25701e-07      1.12022 
         550      81.2365 -0.000144756  4.45201e-07      1.12024 
         550      81.5132 -0.000144743  4.60586e-07      1.12025 
         550      81.7903 -0.000144732  4.70982e-07      1.12027 
         550      82.0676 -0.000144724  4.75565e-07      1.12028 
         550      82.3457  -0.00014472  4.73569e-07       1.1203 
         550       82.624 -0.000144721  4.64285e-07      1.12031 
         550       82.903 -0.000144727  4.47051e-07      1.12033 
         550      83.1822 -0.000144739  4.21326e-07      1.12034 
         550      83.4622 -0.000144758  3.86582e-07      1.12036 
         550      83.7424 -0.000144785  3.42481e-07      1.12038 
         550      84.0232  -0.00014482  2.88651e-07      1.12039 
         550      84.3046 -0.000144865  2.24926e-07      1.12041 
         550      84.5862  -0.00014492  1.51272e-07      1.12042 
         550      84.8685 -0.000144988  6.75841e-08      1.12044 
         550       85.151 -0.000144988  1.18627e-07      1.12046 
         550      85.4342 -0.000144987  1.78679e-07      1.12047 
         550      85.7177  -0.00014499  2.35473e-07      1.12049 
         550      86.0019 -0.000144995  2.88322e-07      1.12051 
         550      86.2865    -0.000145  3.35297e-07      1.12052 
         550      86.5714 -0.000145002  3.73161e-07      1.12054 
         550       86.857 -0.000144999  3.97192e-07      1.12056 
         550      87.1428 -0.000144988  4.00739e-07      1.12057 
         550      87.4293 -0.000144963   3.7507e-07      1.12059 
         550      87.7161 -0.000144923  3.09078e-07      1.12061 
         550      88.0035 -0.000144862  1.88759e-07      1.12063 
         550      88.2914 -0.000144775 -2.84249e-09      1.12064 
         550      88.5796 -0.000144825 -6.48591e-08      1.12066 
         550      88.8685 -0.000144994  6.24692e-08      1.12067 
         550      89.1576 -0.000145087  1.45049e-07      1.12069 
         550      89.4474 -0.000145117  1.92007e-07       1.1207 
         550      89.7374 -0.000145099  2.11301e-07      1.12072 
         550      90.0282 -0.000145044  2.10034e-07      1.12073 
         550      90.3192 -0.000144962    1.943e-07      1.12075 
         550      90.6109 -0.000144863  1.69194e-07      1.12077 
         550       90.903 -0.000144756   1.3886e-07      1.12078 
         550      91.1954 -0.000144728  1.77277e-07       1.1208 
         550      91.4885 -0.000144724  2.28054e-07      1.12082 
         550      91.7819 -0.000144718  2.64597e-07      1.12083 
         550      92.0759 -0.000144714  2.87652e-07      1.12085 
         550      92.3702 -0.000144716  2.98165e-07      1.12087 
         550      92.6652 -0.000144724  2.97374e-07      1.12089 
         550      92.9606  -0.00014474   2.8667e-07      1.12091 
         550      93.2563 -0.000144762  2.67604e-07      1.12092 
         550      93.5527 -0.000144789  2.41759e-07      1.12094 
         550      93.8493 -0.000144821  2.10824e-07      1.12096 
         550      94.1466 -0.000144855   1.7639e-07      1.12098 
         550      94.4442 -0.000144889  1.40105e-07        1.121 
         550      94.7425 -0.000144922  1.03423e-07      1.12101 
         550       95.041 -0.000144952  6.77982e-08      1.12103 
         550      95.3402 -0.000144976  3.44311e-08      1.12105 
         550      95.6399 -0.000144994  4.44189e-09      1.12107 
         550      95.9398 -0.000145005 -2.12445e-08      1.12109 
         550      96.2404 -0.000145008 -4.19643e-08      1.12111 
         550      96.5412 -0.000145003 -5.71912e-08      1.12113 
         550      96.8428 -0.000144991 -6.66739e-08      1.12115 
         550      97.1446 -0.000144972 -7.03403e-08      1.12117 
         550      97.4471 -0.000144949 -6.83549e-08      1.12119 
         550      97.7501 -0.000144922 -6.10783e-08      1.12121 
         550      98.0533 -0.000144894 -4.90806e-08      1.12123 
         550      98.3572 -0.000144867  -3.3075e-08      1.12125 
         550      98.6613 -0.000144845  -1.3967e-08      1.12128 
         550      98.9662 -0.000144829  7.27531e-09       1.1213 
         550      99.2712 -0.000144822   2.9539e-08      1.12132 
         550       99.577 -0.000144827  5.17413e-08      1.12134 
         550      99.8833 -0.000144845  7.27561e-08      1.12137 
         550       100.19 -0.000144876  9.15279e-08      1.12139 
         550      100.497 -0.000144922  1.07174e-07      1.12141 
         550      100.804 -0.000144981  1.18956e-07      1.12143 
         550      101.113  -0.00014505  1.26452e-07      1.12146 
         550      101.421 -0.000145124  1.29567e-07      1.12148 
         550       101.73 -0.000145197  1.28674e-07       1.1215 
         550      102.039 -0.000145258  1.24685e-07      1.12152 
         550      102.349 -0.000145295  1.19161e-07      1.12154 
         550       102.66 -0.000145291  1.14441e-07      1.12156 
         550      102.971 -0.000145226  1.13753e-07      1.12158 
         550      103.282 -0.000145075  1.21343e-07       1.1216 
         550      103.594 -0.000144808  1.42607e-07      1.12161 
         550      103.906 -0.000144388  1.84301e-07      1.12162 
         550      104.219 -0.000144294  2.20829e-07      1.12163 
         550      104.532  -0.00014509  1.92703e-07      1.12164 
         550      104.846 -0.000145531  1.70238e-07      1.12166 
         550       105.16 -0.000145707  1.52243e-07      1.12169 
         550      105.474 -0.000145696  1.37678e-07      1.12172 
         550      105.789 -0.000145559   1.2573e-07      1.12176 
         550      106.105 -0.000145351  1.15707e-07      1.12179 
         550      106.421 -0.000145111  1.07094e-07      1.12183 
         550      106.738 -0.000144873  9.94733e-08      1.12187 
         550      107.055  -0.00014466  9.25604e-08      1.12191 
         550      107.372  -0.00014449  8.61643e-08      1.12195 
         550       107.69 -0.000144372  8.01606e-08      1.12198 
         550      108.008 -0.000144311  7.45112e-08      1.12201 
         550      108.327 -0.000144307  6.92118e-08      1.12204 
         550      108.646 -0.000144357  6.43142e-08      1.12206 
         550      108.966 -0.000144454  5.98794e-08      1.12209 
         550      109.286 -0.000144589  5.59955e-08       1.1221 
         550      109.607 -0.000144752  5.27376e-08      1.12211 
         550      109.928 -0.000144932  5.01786e-08      1.12212 
         550       110.25 -0.000145117  4.83663e-08      1.12212 
         550      110.572 -0.000145296  4.73106e-08      1.12212 
         550      110.895 -0.000145458  4.69821e-08      1.12212 
         550      111.218 -0.000145594  4.72956e-08      1.12211 
         550      111.541 -0.000145696  4.81039e-08       1.1221 
         550      111.865 -0.000145758  4.91907e-08      1.12208 
         550       112.19 -0.000145776  5.02596e-08      1.12207 
         550      112.515 -0.000145748  5.09291e-08      1.12205 
         550       112.84 -0.000145674  5.07281e-08      1.12204 
         550      113.166 -0.000145557  4.90888e-08      1.12202 
         550      113.492 -0.000145403  4.53386e-08      1.12201 
         550      113.819 -0.000145219  3.87089e-08      1.12199 
         550      114.147 -0.000145014   2.8306e-08      1.12199 
         550      114.474   -0.0001448  1.31539e-08      1.12198 
         550      114.803 -0.000144588 -7.87665e-09      1.12199 
         550      115.131 -0.000144393 -3.59934e-08        1.122 
         550       115.46 -0.000144229 -7.24926e-08      1.12202 
         550       115.79 -0.000144109 -1.18871e-07      1.12206 
         550       116.12 -0.000143926 -1.26834e-07      1.12212 
         550      116.451 -0.000143759 -1.31971e-07      1.12218 
         550      116.782 -0.000143622 -1.34908e-07      1.12225 
         550      117.113 -0.000143528 -1.35986e-07      1.12233 
         550      117.446 -0.000143486 -1.35424e-07      1.12242 
         550      117.778 -0.000143505 -1.33333e-07      1.12251 
         550      118.111 -0.000143588 -1.29711e-07       1.1226 
         550      118.444 -0.000143738 -1.24455e-07       1.1227 
         550      118.778 -0.000143953 -1.17344e-07       1.1228 
         550      119.112 -0.000144228 -1.08072e-07       1.1229 
         550      119.447 -0.000144551 -9.62023e-08      1.12301 
         550      119.783 -0.000144909 -8.12139e-08       1.1231 
         550      120.118  -0.00014528 -6.24891e-08       1.1232 
         550      120.455 -0.000145639 -3.92562e-08      1.12329 
         550      120.791 -0.000145953 -1.07006e-08      1.12337 
         550      121.128 -0.000146182  2.41908e-08      1.12344 
         550      121.466 -0.000146277   6.6447e-08       1.1235 
         550      121.804  -0.00014618  1.17345e-07      1.12354 
         550      122.143 -0.000145825  1.78143e-07      1.12356 
         550      122.482 -0.000145133  2.50414e-07      1.12356 
         550      122.821 -0.000144015  3.35736e-07      1.12353 
         550      123.161 -0.000142369  4.35798e-07      1.12347 
         550      123.502 -0.000140077  5.52697e-07      1.12339 
         550      123.843 -0.000143419  6.20312e-07      1.12313 
         550      124.184 -0.000146746  6.47731e-07      1.12287 
         550      124.526 -0.000148745  6.50444e-07      1.12264 
         550      124.868 -0.000149681  6.32555e-07      1.12244 
         550      125.211 -0.000149781  5.97784e-07      1.12227 
         550      125.554  -0.00014925  5.49558e-07      1.12212 
         550      125.898 -0.000148265   4.9085e-07        1.122 
         550      126.242  -0.00014698  4.24487e-07       1.1219 
         550      126.587 -0.000145524  3.52804e-07      1.12183 
         550      126.932  -0.00014401  2.78074e-07      1.12178 
         550      127.278 -0.000142526   2.0208e-07      1.12175 
         550      127.624 -0.000141148   1.2654e-07      1.12174 
         550      127.971 -0.000139934   5.2944e-08      1.12175 
         550      128.318 -0.000138923 -1.76021e-08      1.12178 
         550      128.665 -0.000138149 -8.39551e-08      1.12182 
         550      129.013 -0.000137627 -1.45364e-07      1.12188 
         550      129.361 -0.000137366 -2.01034e-07      1.12195 
         550       129.71 -0.000137364 -2.50496e-07      1.12204 
         550       130.06  -0.00013761 -2.93239e-07      1.12214 
         550       130.41 -0.000138089 -3.29008e-07      1.12224 
         550       130.76 -0.000138778 -3.57535e-07      1.12236 
         550      131.111  -0.00013965 -3.78652e-07      1.12249 
         550      131.462 -0.000140675 -3.92301e-07      1.12262 
         550      131.814  -0.00014182 -3.98413e-07      1.12275 
         550      132.166 -0.000143051 -3.96981e-07      1.12289 
         550      132.519  -0.00014433 -3.88009e-07      1.12304 
         550      132.872 -0.000145622 -3.71483e-07      1.12318 
         550      133.226 -0.000146891 -3.47397e-07      1.12332 
         550       133.58 -0.000148101  -3.1574e-07      1.12347 
         550      133.934  -0.00014922 -2.76382e-07       1.1236 
         550      134.289 -0.000150215 -2.29256e-07      1.12374 
         550      134.645 -0.000151057 -1.74085e-07      1.12386 
         550          135 -0.000151717 -1.10679e-07      1.12398 
         550      135.357 -0.000152173 -3.85675e-08      1.12409 
         550      135.714 -0.000152402  4.26088e-08      1.12419 
         550      136.071 -0.000152383  1.33568e-07      1.12427 
         550      136.429 -0.000152102  2.34964e-07      1.12434 
         550      136.787  -0.00015169  2.91413e-07      1.12433 
         550      137.146 -0.000151143  2.91683e-07      1.12423 
         550      137.505 -0.000150312  2.91567e-07      1.12413 
         550      137.865 -0.000149215  2.91401e-07      1.12403 
         550      138.225 -0.000147888  2.91535e-07      1.12392 
         550      138.586 -0.000146368  2.92326e-07       1.1238 
         550      138.947  -0.00014471  2.94135e-07      1.12368 
         550      139.309 -0.000142976  2.97312e-07      1.12355 
         550      139.671 -0.000141231  3.02206e-07      1.12342 
         550      140.033 -0.000139552  3.09131e-07      1.12327 
         550      140.397 -0.000138014  3.18397e-07      1.12312 
         550       140.76 -0.000136699  3.30248e-07      1.12295 
         550      141.124 -0.000135683  3.44917e-07      1.12278 
         550      141.488 -0.000135042  3.62554e-07      1.12259 
         550      141.853 -0.000134844  3.83233e-07       1.1224 
         550      142.219 -0.000135147  4.06999e-07       1.1222 
         550      142.584 -0.000135993  4.33736e-07      1.12199 
         550      142.951 -0.000137412  4.63303e-07      1.12176 
         550      143.317 -0.000139406  4.95352e-07      1.12153 
         550      143.685 -0.000141955  5.29501e-07       1.1213 
         550      144.052 -0.000145002  5.65112e-07      1.12105 
         550      144.421 -0.000148462  6.01495e-07       1.1208 
         550      144.789   -0.0001522  6.37692e-07      1.12055 
         550      145.158 -0.000156032  6.72544e-07      1.12029 
         550      145.528 -0.000159726   7.0476e-07      1.12003 
         550      145.898 -0.000162982  7.32701e-07      1.11977 
         550      146.269 -0.000165437  7.54566e-07      1.11951 
         550       146.64 -0.000166645  7.68194e-07      1.11926 
         550      147.011 -0.000166083  7.71176e-07      1.11901 
         550      147.383  -0.00016313  7.60736e-07      1.11876 
         550      147.755 -0.000157072  7.33791e-07      1.11853 
         550      148.128  -0.00014707  6.86812e-07      1.11832 
         550      148.502 -0.000132191  6.15985e-07      1.11811 
         550      148.876 -0.000111331  5.16876e-07      1.11793 
         550       149.25 -8.33061e-05  3.84868e-07      1.11777 
         550      149.625 -4.67007e-05  2.14477e-07      1.11764 
         550          150 -2.03963e-18  9.30408e-21      1.11753 
