Variables = x, y, u, v, p

Zone, I=800, F=POINT
         750            0            0            0     -15.7141 
         750     0.000234 -5.78196e-06  -3.2957e-11     -15.7141 
         750     0.000939 -2.13317e-05  -5.2437e-10     -15.7141 
         750     0.002113  -4.1498e-05 -2.63746e-09     -15.7141 
         750     0.003759 -5.93625e-05 -8.28308e-09     -15.7141 
         750     0.005872 -6.79825e-05 -2.00232e-08     -15.7141 
         750     0.008457  -6.2476e-05 -4.10642e-08     -15.7141 
         750      0.01151 -4.12967e-05 -7.50552e-08     -15.7141 
         750     0.015036 -6.59389e-06 -1.26123e-07     -15.7141 
         750     0.019031  3.65208e-05 -1.98539e-07     -15.7141 
         750     0.023493  8.19912e-05 -2.96671e-07     -15.7141 
         750     0.028429  0.000125368 -4.25064e-07     -15.7141 
         750     0.033831  0.000165664 -5.87697e-07     -15.7141 
         750     0.039706  0.000206217 -7.88604e-07     -15.7141 
         750     0.046047  0.000252656 -1.03086e-06     -15.7141 
         750     0.052863  0.000308861 -1.31749e-06     -15.7141 
         750      0.06015   0.00037173 -1.65024e-06     -15.7141 
         750       0.0679   0.00043035 -2.02968e-06     -15.7141 
         750     0.076126  0.000479283 -2.45642e-06     -15.7141 
         750     0.084816   0.00055006 -2.92876e-06     -15.7141 
         750     0.093982  0.000608318 -3.44507e-06     -15.7141 
         750     0.103611  0.000669829 -4.00122e-06     -15.7141 
         750     0.113718  0.000732869 -4.59357e-06     -15.7141 
         750     0.124286  0.000795912 -5.21545e-06     -15.7141 
         750     0.135333  0.000858084 -5.86119e-06     -15.7141 
         750      0.14685  0.000918772 -6.52252e-06     -15.7141 
         750     0.158827  0.000977682 -7.19028e-06     -15.7141 
         750     0.171284   0.00103482 -7.85628e-06     -15.7141 
         750     0.184201   0.00108993 -8.50956e-06     -15.7141 
         750     0.197599   0.00114276 -9.14088e-06     -15.7141 
         750     0.211455   0.00119259 -9.73866e-06     -15.7141 
         750     0.225792   0.00123887 -1.02933e-05     -15.7141 
         750       0.2406   0.00128164 -1.07936e-05     -15.7141 
         750     0.255865   0.00132173  -1.1229e-05     -15.7141 
         750     0.271613   0.00135762 -1.15909e-05     -15.7141 
         750     0.287818   0.00138987 -1.18696e-05     -15.7141 
         750     0.304506   0.00141849  -1.2057e-05     -15.7141 
         750      0.32165   0.00144345 -1.21453e-05     -15.7141 
         750     0.339278   0.00146485 -1.21281e-05     -15.7141 
         750     0.357377   0.00148278 -1.19999e-05     -15.7141 
         750      0.37593   0.00149737 -1.17569e-05     -15.7141 
         750     0.394968   0.00150884 -1.13959e-05     -15.7141 
         750     0.414461    0.0015174 -1.09154e-05     -15.7141 
         750      0.43444    0.0015233 -1.03143e-05     -15.7141 
         750     0.454872   0.00152678 -9.59384e-06     -15.7141 
         750     0.475791   0.00152811  -8.7543e-06     -15.7141 
         750     0.497163   0.00152754 -7.79945e-06     -15.7141 
         750     0.519021   0.00152532 -6.73122e-06     -15.7141 
         750      0.54135    0.0015217 -5.55474e-06     -15.7141 
         750     0.564131   0.00151689 -4.27695e-06     -15.7141 
         750       0.5874   0.00151112 -2.90343e-06     -15.7141 
         750     0.611121   0.00150464 -1.44608e-06     -15.7141 
         750      0.63533    0.0014975  9.60713e-08     -15.7141 
         750      0.65999   0.00148995  1.71375e-06     -15.7141 
         750     0.685139   0.00148205  3.39892e-06     -15.7141 
         750     0.710759   0.00147389  5.13976e-06     -15.7141 
         750     0.736828   0.00146552  6.92409e-06     -15.7141 
         750     0.763387   0.00145692  8.74407e-06     -15.7141 
         750     0.790396   0.00144811  1.05864e-05     -15.7141 
         750     0.817896   0.00143902  1.24434e-05     -15.7141 
         750     0.845843   0.00142961   1.4302e-05     -15.7141 
         750     0.874283   0.00141977   1.6155e-05     -15.7141 
         750      0.90317   0.00140941  1.79898e-05     -15.7141 
         750     0.932551   0.00139839  1.97998e-05     -15.7141 
         750     0.962401    0.0013866  2.15743e-05     -15.7141 
         750     0.992697   0.00137391  2.33033e-05     -15.7141 
         750      1.02349   0.00136017  2.49813e-05     -15.7141 
         750      1.05472   0.00134528  2.65976e-05     -15.7141 
         750      1.08645    0.0013291  2.81479e-05     -15.7141 
         750      1.11863   0.00131157  2.96231e-05     -15.7141 
         750       1.1513   0.00129259    3.102e-05     -15.7141 
         750      1.18444   0.00127214  3.23327e-05     -15.7141 
         750      1.21802   0.00125025  3.35571e-05     -15.7141 
         750      1.25211    0.0012269  3.46934e-05     -15.7141 
         750      1.28663   0.00120222  3.57401e-05     -15.7141 
         750      1.32165   0.00117628  3.67016e-05     -15.7141 
         750      1.35712   0.00114924  3.75822e-05     -15.7141 
         750      1.39308   0.00112123  3.83927e-05     -15.7141 
         750      1.42951   0.00109242  3.91465e-05     -15.7141 
         750      1.46638     0.001063  3.98629e-05     -15.7141 
         750      1.50375   0.00103301  4.05694e-05     -15.7141 
         750      1.54156   0.00100198  4.11182e-05     -15.7141 
         750      1.57987   0.00097134  4.16376e-05     -15.7141 
         750      1.61863  0.000941163  4.21408e-05     -15.7141 
         750      1.65788  0.000911345  4.26305e-05     -15.7141 
         750      1.69757  0.000881882  4.31074e-05     -15.7141 
         750      1.73776  0.000852674  4.35735e-05     -15.7141 
         750      1.77842  0.000823692  4.40297e-05     -15.7141 
         750      1.81952   0.00079491  4.44762e-05     -15.7141 
         750      1.86113  0.000766232  4.49143e-05     -15.7141 
         750      1.90316  0.000737658  4.53436e-05     -15.7141 
         750      1.94571  0.000709097  4.57648e-05     -15.7141 
         750      1.98869  0.000680555  4.61769e-05     -15.7141 
         750      2.03217  0.000651947  4.65801e-05     -15.7141 
         750      2.07612  0.000623263  4.69734e-05     -15.7141 
         750      2.12051  0.000594494  4.73558e-05     -15.7141 
         750       2.1654   0.00056557  4.77267e-05     -15.7141 
         750      2.21073  0.000536515  4.80844e-05     -15.7141 
         750      2.25656  0.000507267  4.84284e-05     -15.7141 
         750      2.30283  0.000477861  4.87567e-05     -15.7141 
         750       2.3496  0.000448246  4.90684e-05     -15.7141 
         750      2.39685  0.000418443   4.9362e-05     -15.7141 
         750      2.44452  0.000388484  4.96358e-05     -15.7141 
         750      2.49271  0.000358333  4.98891e-05     -15.7141 
         750      2.54132  0.000328056  5.01203e-05     -15.7141 
         750      2.59044  0.000297628  5.03287e-05     -15.7141 
         750         2.64  0.000267128   5.0513e-05     -15.7141 
         750      2.69006  0.000236543  5.06728e-05     -15.7141 
         750      2.74056  0.000205962  5.08075e-05     -15.7141 
         750      2.79156  0.000175383  5.09168e-05     -15.7141 
         750      2.84304  0.000144882  5.10007e-05     -15.7141 
         750      2.89494  0.000114537  5.10593e-05     -15.7141 
         750      2.94735  8.43586e-05  5.10931e-05     -15.7141 
         750       3.0002  5.44566e-05  5.11027e-05     -15.7141 
         750      3.05355  2.48472e-05   5.1089e-05     -15.7141 
         750      3.10733 -4.35971e-06  5.10528e-05     -15.7141 
         750      3.16163 -3.31468e-05   5.0995e-05     -15.7141 
         750      3.21639 -6.14287e-05  5.09168e-05     -15.7141 
         750      3.27158 -8.91257e-05   5.0819e-05     -15.7141 
         750      3.32729 -0.000116229   5.0702e-05     -15.7141 
         750      3.38342  -0.00014265  5.05662e-05     -15.7141 
         750      3.44007 -0.000168395  5.04108e-05     -15.7141 
         750      3.49714 -0.000193398  5.02349e-05     -15.7142 
         750      3.55472  -0.00021769  5.00357e-05     -15.7142 
         750      3.61273 -0.000241242  4.98098e-05     -15.7142 
         750      3.67125 -0.000264117  4.95511e-05     -15.7142 
         750      3.73025 -0.000286353  4.92522e-05     -15.7142 
         750      3.78967  -0.00030776  4.89542e-05     -15.7142 
         750      3.84961 -0.000328097  4.86508e-05     -15.7142 
         750      3.90996 -0.000347378  4.83218e-05     -15.7142 
         750      3.97084 -0.000365645  4.79671e-05     -15.7142 
         750      4.03214 -0.000382881  4.75876e-05     -15.7142 
         750      4.09395 -0.000399125  4.71837e-05     -15.7142 
         750      4.15624 -0.000414376  4.67567e-05     -15.7142 
         750      4.21895 -0.000428637  4.63081e-05     -15.7142 
         750      4.28217 -0.000441945  4.58388e-05     -15.7142 
         750      4.34582 -0.000454294   4.5351e-05     -15.7142 
         750      4.40998 -0.000465719  4.48457e-05     -15.7142 
         750      4.47457  -0.00047622  4.43255e-05     -15.7142 
         750      4.53968 -0.000485831  4.37916e-05     -15.7142 
         750      4.60525 -0.000494562  4.32464e-05     -15.7142 
         750      4.67125 -0.000502427  4.26924e-05     -15.7142 
         750      4.73777 -0.000509458  4.21308e-05     -15.7142 
         750       4.8047 -0.000515667  4.15646e-05     -15.7142 
         750      4.87216 -0.000521085  4.09948e-05     -15.7142 
         750      4.94003 -0.000525728  4.04244e-05     -15.7142 
         750      5.00843 -0.000529628  3.98543e-05     -15.7142 
         750      5.07724 -0.000532805  3.92872e-05     -15.7142 
         750      5.14658 -0.000535289  3.87237e-05     -15.7142 
         750      5.21639 -0.000537108  3.81658e-05     -15.7142 
         750      5.28661 -0.000538288  3.76152e-05     -15.7142 
         750      5.35736 -0.000538861   3.7072e-05     -15.7142 
         750      5.42852 -0.000538858  3.65379e-05     -15.7143 
         750      5.50021 -0.000538309  3.60126e-05     -15.7143 
         750      5.57231 -0.000537249  3.54973e-05     -15.7143 
         750      5.64493 -0.000535709  3.49912e-05     -15.7143 
         750      5.71803 -0.000533723  3.44946e-05     -15.7143 
         750      5.79154 -0.000531327  3.40072e-05     -15.7143 
         750      5.86558 -0.000528554  3.35277e-05     -15.7143 
         750      5.94003 -0.000525442  3.30559e-05     -15.7143 
         750      6.01501  -0.00052202  3.25897e-05     -15.7143 
         750       6.0904  -0.00051833  3.21286e-05     -15.7143 
         750      6.16632 -0.000514399  3.16704e-05     -15.7143 
         750      6.24271 -0.000510264  3.12136e-05     -15.7143 
         750       6.3195 -0.000505961  3.07572e-05     -15.7143 
         750      6.39683 -0.000501482  3.03555e-05     -15.7143 
         750      6.47457 -0.000496875  2.99756e-05     -15.7143 
         750      6.55284 -0.000492171  2.95993e-05     -15.7143 
         750      6.63152 -0.000487403  2.92281e-05     -15.7143 
         750      6.71073 -0.000482586  2.88616e-05     -15.7143 
         750      6.79034 -0.000477748  2.85006e-05     -15.7143 
         750      6.87049   -0.0004729  2.81442e-05     -15.7143 
         750      6.95111 -0.000468057  2.77919e-05     -15.7143 
         750      7.03214 -0.000463235  2.74428e-05     -15.7143 
         750       7.1137 -0.000458432  2.70947e-05     -15.7143 
         750      7.19566 -0.000453657  2.67458e-05     -15.7143 
         750      7.27816 -0.000448899  2.63928e-05     -15.7143 
         750      7.36106 -0.000444157  2.60328e-05     -15.7143 
         750      7.44451 -0.000439411  2.56612e-05     -15.7143 
         750      7.52842 -0.000434644  2.52735e-05     -15.7143 
         750      7.61273 -0.000429835  2.48647e-05     -15.7143 
         750      7.69758 -0.000425131  2.46068e-05     -15.7143 
         750      7.78283 -0.000420499  2.43821e-05     -15.7143 
         750      7.86862 -0.000415894   2.4145e-05     -15.7143 
         750      7.95481 -0.000411327  2.38992e-05     -15.7143 
         750      8.04155 -0.000406795  2.36472e-05     -15.7143 
         750      8.12868 -0.000402307  2.33922e-05     -15.7143 
         750      8.21635 -0.000397858   2.3136e-05     -15.7143 
         750      8.30449 -0.000393453  2.28803e-05     -15.7143 
         750      8.39303 -0.000389099  2.26261e-05     -15.7144 
         750      8.48211 -0.000384789  2.23728e-05     -15.7144 
         750      8.57159  -0.00038053  2.21197e-05     -15.7144 
         750      8.66161 -0.000376318  2.18641e-05     -15.7144 
         750      8.75203 -0.000372159  2.16028e-05     -15.7144 
         750      8.84299 -0.000368042  2.13611e-05     -15.7144 
         750      8.93443 -0.000363961  2.12158e-05     -15.7144 
         750      9.02626  -0.00035994  2.10711e-05     -15.7144 
         750      9.11863 -0.000355974  2.09204e-05     -15.7144 
         750      9.21139 -0.000352072  2.07591e-05     -15.7144 
         750      9.30471 -0.000348228  2.05835e-05     -15.7144 
         750      9.39841 -0.000344449  2.03919e-05     -15.7144 
         750      9.49267 -0.000340727  2.01834e-05     -15.7144 
         750      9.58739 -0.000337064  1.99591e-05     -15.7144 
         750      9.68251 -0.000333459   1.9721e-05     -15.7144 
         750      9.77817 -0.000329903  1.94719e-05     -15.7144 
         750      9.87422 -0.000326399  1.92162e-05     -15.7144 
         750      9.97083 -0.000322937  1.89582e-05     -15.7144 
         750      10.0678 -0.000319519  1.87033e-05     -15.7144 
         750      10.1654 -0.000316135  1.84563e-05     -15.7144 
         750      10.2633 -0.000312787  1.82224e-05     -15.7144 
         750      10.3618 -0.000309469  1.80054e-05     -15.7144 
         750      10.4607  -0.00030618  1.78083e-05     -15.7144 
         750      10.5601 -0.000302925  1.76322e-05     -15.7144 
         750        10.66 -0.000299701  1.74753e-05     -15.7144 
         750      10.7603 -0.000296518  1.73334e-05     -15.7144 
         750      10.8611 -0.000293378  1.71976e-05     -15.7144 
         750      10.9623   -0.0002903  1.70546e-05     -15.7144 
         750      11.0641 -0.000287294  1.68849e-05     -15.7144 
         750      11.1663 -0.000284384  1.66622e-05     -15.7144 
         750       11.269   -0.0002816  1.63526e-05     -15.7144 
         750      11.3721 -0.000278773  1.60653e-05     -15.7144 
         750      11.4757 -0.000275656   1.6045e-05     -15.7144 
         750      11.5798 -0.000272693  1.59669e-05     -15.7144 
         750      11.6844 -0.000269855  1.58444e-05     -15.7144 
         750      11.7894 -0.000267111  1.56885e-05     -15.7144 
         750       11.895 -0.000264443  1.55094e-05     -15.7144 
         750      12.0009 -0.000261837  1.53153e-05     -15.7144 
         750      12.1073 -0.000259278   1.5113e-05     -15.7144 
         750      12.2142 -0.000256762  1.49084e-05     -15.7144 
         750      12.3216  -0.00025428  1.47059e-05     -15.7144 
         750      12.4294 -0.000251834  1.45096e-05     -15.7144 
         750      12.5378 -0.000249421  1.43219e-05     -15.7144 
         750      12.6465 -0.000247044  1.41455e-05     -15.7144 
         750      12.7558 -0.000244702  1.39817e-05     -15.7144 
         750      12.8656 -0.000242399  1.38321e-05     -15.7144 
         750      12.9757 -0.000240137  1.36977e-05     -15.7144 
         750      13.0864 -0.000237913  1.35793e-05     -15.7144 
         750      13.1975  -0.00023573  1.34779e-05     -15.7144 
         750      13.3092 -0.000233579  1.33941e-05     -15.7144 
         750      13.4212 -0.000231459  1.33291e-05     -15.7144 
         750      13.5338 -0.000229358   1.3284e-05     -15.7144 
         750      13.6468 -0.000227265  1.32603e-05     -15.7144 
         750      13.7603 -0.000225291  1.29864e-05     -15.7144 
         750      13.8743  -0.00022334  1.27196e-05     -15.7144 
         750      13.9886 -0.000221395  1.25012e-05     -15.7144 
         750      14.1036 -0.000219457  1.23243e-05     -15.7144 
         750      14.2189 -0.000217528  1.21809e-05     -15.7144 
         750      14.3348 -0.000215609  1.20614e-05     -15.7144 
         750       14.451 -0.000213703   1.1956e-05     -15.7144 
         750      14.5678 -0.000211812  1.18548e-05     -15.7144 
         750      14.6851 -0.000209939   1.1749e-05     -15.7144 
         750      14.8028 -0.000208091  1.16318e-05     -15.7144 
         750       14.921  -0.00020627  1.14989e-05     -15.7144 
         750      15.0396 -0.000204484   1.1351e-05     -15.7144 
         750      15.1588 -0.000202738  1.11937e-05     -15.7144 
         750      15.2783 -0.000201044  1.10407e-05     -15.7144 
         750      15.3984  -0.00019941  1.09137e-05     -15.7144 
         750       15.519  -0.00019785  1.08462e-05     -15.7144 
         750        15.64 -0.000196381  1.08766e-05     -15.7144 
         750      15.7615 -0.000195014  1.07505e-05     -15.7144 
         750      15.8834 -0.000193642  1.06256e-05     -15.7144 
         750      16.0058 -0.000192265  1.05034e-05     -15.7144 
         750      16.1286 -0.000190892  1.03855e-05     -15.7144 
         750       16.252 -0.000189522  1.02726e-05     -15.7144 
         750      16.3759  -0.00018816  1.01653e-05     -15.7144 
         750      16.5002  -0.00018681  1.00637e-05     -15.7144 
         750       16.625 -0.000185473  9.96732e-06     -15.7144 
         750      16.7501 -0.000184153  9.87589e-06     -15.7144 
         750      16.8759  -0.00018285  9.78849e-06     -15.7144 
         750       17.002 -0.000181569  9.70439e-06     -15.7144 
         750      17.1287 -0.000180309  9.62246e-06     -15.7144 
         750      17.2557 -0.000179073  9.54181e-06     -15.7144 
         750      17.3834 -0.000177861  9.46127e-06     -15.7144 
         750      17.5115 -0.000176674  9.37997e-06     -15.7144 
         750      17.6399 -0.000175514   9.2971e-06     -15.7144 
         750       17.769 -0.000174381  9.21186e-06     -15.7144 
         750      17.8984 -0.000173275  9.12393e-06     -15.7144 
         750      18.0284 -0.000172196  9.03296e-06     -15.7144 
         750      18.1587 -0.000171144  8.93923e-06     -15.7144 
         750      18.2896 -0.000170118  8.84305e-06     -15.7144 
         750       18.421 -0.000169119  8.74539e-06     -15.7144 
         750      18.5528 -0.000168145  8.64763e-06     -15.7144 
         750      18.6851 -0.000167195  8.55143e-06     -15.7144 
         750      18.8178 -0.000166268  8.45926e-06     -15.7144 
         750      18.9511 -0.000165362  8.37381e-06     -15.7144 
         750      19.0847 -0.000164463    8.282e-06     -15.7144 
         750      19.2189 -0.000163553  8.16937e-06     -15.7144 
         750      19.3535  -0.00016266  8.06664e-06     -15.7144 
         750      19.4886 -0.000161783  7.97357e-06     -15.7144 
         750      19.6242 -0.000160921  7.88993e-06     -15.7144 
         750      19.7602 -0.000160076  7.81528e-06     -15.7143 
         750      19.8968 -0.000159247  7.74879e-06     -15.7143 
         750      20.0337 -0.000158435  7.68974e-06     -15.7143 
         750      20.1712 -0.000157638  7.63705e-06     -15.7143 
         750      20.3091  -0.00015686  7.58975e-06     -15.7143 
         750      20.4475 -0.000156099  7.54663e-06     -15.7143 
         750      20.5864 -0.000155356  7.50659e-06     -15.7143 
         750      20.7257 -0.000154632  7.46853e-06     -15.7143 
         750      20.8655 -0.000153928  7.43132e-06     -15.7143 
         750      21.0058 -0.000153243  7.39409e-06     -15.7143 
         750      21.1465 -0.000152578  7.35602e-06     -15.7143 
         750      21.2877 -0.000151933  7.31663e-06     -15.7143 
         750      21.4294 -0.000151307  7.27563e-06     -15.7143 
         750      21.5716   -0.0001507  7.23319e-06     -15.7143 
         750      21.7142 -0.000150111  7.18992e-06     -15.7143 
         750      21.8573 -0.000149537  7.14686e-06     -15.7143 
         750      22.0008 -0.000148977  7.10579e-06     -15.7143 
         750      22.1449 -0.000148425  7.06905e-06     -15.7143 
         750      22.2893 -0.000147878  7.03992e-06     -15.7143 
         750      22.4344  -0.00014733  7.02248e-06     -15.7143 
         750      22.5797 -0.000146776  7.01526e-06     -15.7143 
         750      22.7257 -0.000146233  6.98297e-06     -15.7143 
         750      22.8721 -0.000145693    6.963e-06     -15.7143 
         750      23.0189 -0.000145161  6.95176e-06     -15.7143 
         750      23.1663 -0.000144639  6.94579e-06     -15.7143 
         750       23.314 -0.000144131  6.94188e-06     -15.7143 
         750      23.4623 -0.000143638  6.93697e-06     -15.7143 
         750       23.611 -0.000143162  6.92826e-06     -15.7143 
         750      23.7602 -0.000142704  6.91317e-06     -15.7143 
         750        23.91 -0.000142266  6.88938e-06     -15.7143 
         750        24.06 -0.000141847  6.85491e-06     -15.7143 
         750      24.2107 -0.000141447  6.80796e-06     -15.7143 
         750      24.3617 -0.000141067  6.74718e-06     -15.7143 
         750      24.5133 -0.000140704  6.67138e-06     -15.7143 
         750      24.6653 -0.000140358  6.57991e-06     -15.7143 
         750      24.8178 -0.000140027  6.47222e-06     -15.7143 
         750      24.9708  -0.00013971   6.3483e-06     -15.7143 
         750      25.1242 -0.000139403   6.2086e-06     -15.7142 
         750      25.2781 -0.000139105  6.05356e-06     -15.7142 
         750      25.4324 -0.000138812  5.88449e-06     -15.7142 
         750      25.5873 -0.000138485  5.79068e-06     -15.7142 
         750      25.7426 -0.000138125  5.79315e-06     -15.7142 
         750      25.8984 -0.000137771  5.80557e-06     -15.7142 
         750      26.0546 -0.000137425  5.82439e-06     -15.7142 
         750      26.2114 -0.000137086  5.84643e-06     -15.7142 
         750      26.3686 -0.000136757  5.86884e-06     -15.7142 
         750      26.5262 -0.000136438  5.88911e-06     -15.7142 
         750      26.6844  -0.00013613  5.90522e-06     -15.7142 
         750      26.8429 -0.000135834  5.91549e-06     -15.7142 
         750       27.002  -0.00013555  5.91873e-06     -15.7142 
         750      27.1615 -0.000135278  5.91416e-06     -15.7142 
         750      27.3216 -0.000135018  5.90142e-06     -15.7142 
         750      27.4821 -0.000134771   5.8806e-06     -15.7142 
         750       27.643 -0.000134535  5.85221e-06     -15.7142 
         750      27.8044 -0.000134312  5.81707e-06     -15.7142 
         750      27.9663 -0.000134099  5.77646e-06     -15.7142 
         750      28.1287 -0.000133897  5.73183e-06     -15.7142 
         750      28.2914 -0.000133705  5.68503e-06     -15.7142 
         750      28.4548 -0.000133521  5.63793e-06     -15.7142 
         750      28.6185 -0.000133344  5.59269e-06     -15.7142 
         750      28.7828 -0.000133174  5.55133e-06     -15.7142 
         750      28.9475 -0.000133009  5.51594e-06     -15.7142 
         750      29.1126 -0.000132848   5.4884e-06     -15.7142 
         750      29.2784 -0.000132688  5.47023e-06     -15.7141 
         750      29.4444 -0.000132529  5.46259e-06     -15.7141 
         750       29.611 -0.000132369  5.46603e-06     -15.7141 
         750       29.778 -0.000132205  5.48036e-06     -15.7141 
         750      29.9456 -0.000132036  5.50449e-06     -15.7141 
         750      30.1137  -0.00013186   5.5362e-06     -15.7141 
         750      30.2821 -0.000131675  5.57191e-06     -15.7141 
         750      30.4511  -0.00013148  5.60657e-06     -15.7141 
         750      30.6204 -0.000131271  5.63324e-06     -15.7141 
         750      30.7903 -0.000131048  5.64299e-06     -15.7141 
         750      30.9606 -0.000130808  5.62451e-06     -15.7141 
         750      31.1315 -0.000130628  5.55395e-06     -15.7141 
         750      31.3028 -0.000130488  5.47838e-06     -15.7141 
         750      31.4745 -0.000130349  5.41187e-06     -15.7141 
         750      31.6468 -0.000130214  5.35272e-06     -15.7141 
         750      31.8194 -0.000130084   5.2997e-06     -15.7141 
         750      31.9926 -0.000129958  5.25161e-06     -15.7141 
         750      32.1662 -0.000129838  5.20764e-06     -15.7141 
         750      32.3404 -0.000129723  5.16702e-06     -15.7141 
         750      32.5149 -0.000129614  5.12929e-06     -15.7141 
         750        32.69 -0.000129512  5.09399e-06      -15.714 
         750      32.8655 -0.000129415   5.0609e-06      -15.714 
         750      33.0414 -0.000129325   5.0299e-06      -15.714 
         750       33.218 -0.000129239   5.0009e-06      -15.714 
         750      33.3948  -0.00012916  4.97395e-06      -15.714 
         750      33.5723 -0.000129085   4.9491e-06      -15.714 
         750        33.75 -0.000129014   4.9265e-06      -15.714 
         750      33.9284 -0.000128947  4.90626e-06      -15.714 
         750      34.1073 -0.000128884  4.88855e-06      -15.714 
         750      34.2865 -0.000128823  4.87353e-06      -15.714 
         750      34.4663 -0.000128765  4.86129e-06      -15.714 
         750      34.6465 -0.000128708  4.85196e-06      -15.714 
         750      34.8272 -0.000128651  4.84556e-06      -15.714 
         750      35.0083 -0.000128595  4.84213e-06      -15.714 
         750        35.19 -0.000128539  4.84159e-06      -15.714 
         750      35.3721 -0.000128481  4.84383e-06      -15.714 
         750      35.5546 -0.000128422  4.84864e-06      -15.714 
         750      35.7377 -0.000128362  4.85576e-06     -15.7139 
         750      35.9211 -0.000128299  4.86483e-06     -15.7139 
         750      36.1052 -0.000128234  4.87544e-06     -15.7139 
         750      36.2895 -0.000128166  4.88706e-06     -15.7139 
         750      36.4745 -0.000128095  4.89912e-06     -15.7139 
         750      36.6598 -0.000128021  4.91097e-06     -15.7139 
         750      36.8457 -0.000127945   4.9219e-06     -15.7139 
         750      37.0321 -0.000127867  4.93113e-06     -15.7139 
         750      37.2188 -0.000127787  4.93786e-06     -15.7139 
         750      37.4062 -0.000127706  4.94127e-06     -15.7139 
         750      37.5938 -0.000127624  4.94052e-06     -15.7139 
         750      37.7821 -0.000127543  4.93476e-06     -15.7139 
         750      37.9707 -0.000127464  4.92323e-06     -15.7139 
         750      38.1599 -0.000127388  4.90515e-06     -15.7139 
         750      38.3496 -0.000127317  4.87991e-06     -15.7139 
         750      38.5396 -0.000127252  4.84699e-06     -15.7139 
         750      38.7302   -0.0001272  4.80475e-06     -15.7138 
         750      38.9211 -0.000127179   4.7509e-06     -15.7138 
         750      39.1127 -0.000127168  4.69366e-06     -15.7138 
         750      39.3046 -0.000127165  4.63378e-06     -15.7138 
         750      39.4971 -0.000127171  4.57209e-06     -15.7138 
         750      39.6899  -0.00012718  4.50998e-06     -15.7138 
         750      39.8833  -0.00012719  4.44911e-06     -15.7138 
         750      40.0772 -0.000127193  4.39184e-06     -15.7138 
         750      40.2714 -0.000127182  4.34118e-06     -15.7138 
         750      40.4663 -0.000127147  4.30078e-06     -15.7138 
         750      40.6615 -0.000127076  4.27535e-06     -15.7138 
         750      40.8573 -0.000126954   4.2705e-06     -15.7138 
         750      41.0534 -0.000126764  4.29307e-06     -15.7138 
         750      41.2501 -0.000126771  4.29372e-06     -15.7137 
         750      41.4473 -0.000127018  4.24317e-06     -15.7137 
         750      41.6448 -0.000127177  4.19895e-06     -15.7137 
         750      41.8429 -0.000127261    4.159e-06     -15.7137 
         750      42.0414  -0.00012728  4.12198e-06     -15.7137 
         750      42.2405 -0.000127245  4.08695e-06     -15.7137 
         750      42.4399 -0.000127167  4.05356e-06     -15.7137 
         750      42.6399 -0.000127055  4.02179e-06     -15.7137 
         750      42.8404 -0.000126919  3.99203e-06     -15.7137 
         750      43.0412 -0.000126767  3.96497e-06     -15.7137 
         750      43.2426 -0.000126605  3.94148e-06     -15.7137 
         750      43.4444 -0.000126487  3.94021e-06     -15.7137 
         750      43.6467 -0.000126457  3.96658e-06     -15.7136 
         750      43.8494 -0.000126439  3.98482e-06     -15.7136 
         750      44.0527 -0.000126432  3.99442e-06     -15.7136 
         750      44.2563 -0.000126435  3.99529e-06     -15.7136 
         750      44.4606 -0.000126446  3.98772e-06     -15.7136 
         750      44.6653 -0.000126464  3.97229e-06     -15.7136 
         750      44.8704 -0.000126486  3.94984e-06     -15.7136 
         750       45.076 -0.000126511  3.92135e-06     -15.7136 
         750       45.282 -0.000126535  3.88796e-06     -15.7136 
         750      45.4886 -0.000126557   3.8508e-06     -15.7136 
         750      45.6955 -0.000126576  3.81111e-06     -15.7136 
         750       45.903 -0.000126588  3.76998e-06     -15.7136 
         750      46.1111 -0.000126594  3.72851e-06     -15.7135 
         750      46.3194 -0.000126591  3.68771e-06     -15.7135 
         750      46.5283  -0.00012658  3.64833e-06     -15.7135 
         750      46.7376 -0.000126559  3.61108e-06     -15.7135 
         750      46.9475 -0.000126529  3.57638e-06     -15.7135 
         750      47.1577 -0.000126491  3.54453e-06     -15.7135 
         750      47.3685 -0.000126445  3.51555e-06     -15.7135 
         750      47.5798 -0.000126393  3.48932e-06     -15.7135 
         750      47.7914 -0.000126336  3.46549e-06     -15.7135 
         750      48.0037 -0.000126277   3.4435e-06     -15.7135 
         750      48.2162 -0.000126218  3.42268e-06     -15.7134 
         750      48.4294 -0.000126162  3.40214e-06     -15.7134 
         750      48.6429  -0.00012611  3.38101e-06     -15.7134 
         750       48.857 -0.000126066  3.35824e-06     -15.7134 
         750      49.0714 -0.000126032  3.33291e-06     -15.7134 
         750      49.2865 -0.000126011  3.30407e-06     -15.7134 
         750       49.502 -0.000126003  3.27098e-06     -15.7134 
         750      49.7179  -0.00012601  3.23315e-06     -15.7134 
         750      49.9343 -0.000126033  3.19033e-06     -15.7134 
         750      50.1511  -0.00012607  3.14283e-06     -15.7134 
         750      50.3685 -0.000126119   3.0914e-06     -15.7133 
         750      50.5862 -0.000126177  3.03759e-06     -15.7133 
         750      50.8046 -0.000126239  2.98367e-06     -15.7133 
         750      51.0234 -0.000126296  2.93298e-06     -15.7133 
         750      51.2425 -0.000126338  2.89004e-06     -15.7133 
         750      51.4623 -0.000126354   2.8606e-06     -15.7133 
         750      51.6824 -0.000126325  2.85206e-06     -15.7133 
         750      51.9031 -0.000126233  2.87351e-06     -15.7133 
         750      52.1241 -0.000126053    2.936e-06     -15.7133 
         750      52.3457 -0.000126079   2.9635e-06     -15.7132 
         750      52.5676 -0.000126228  2.95134e-06     -15.7132 
         750      52.7902 -0.000126321  2.94365e-06     -15.7132 
         750      53.0133 -0.000126371  2.93891e-06     -15.7132 
         750      53.2366 -0.000126386  2.93588e-06     -15.7132 
         750      53.4606 -0.000126377  2.93362e-06     -15.7132 
         750      53.6849 -0.000126351  2.93144e-06     -15.7132 
         750      53.9099 -0.000126314  2.92888e-06     -15.7132 
         750      54.1351 -0.000126271  2.92568e-06     -15.7131 
         750       54.361 -0.000126227  2.92169e-06     -15.7131 
         750      54.5873 -0.000126186  2.91696e-06     -15.7131 
         750      54.8139  -0.00012615   2.9116e-06     -15.7131 
         750      55.0412 -0.000126121   2.9058e-06     -15.7131 
         750      55.2688 -0.000126101  2.89983e-06     -15.7131 
         750       55.497  -0.00012609  2.89396e-06     -15.7131 
         750      55.7255 -0.000126087   2.8885e-06     -15.7131 
         750      55.9547 -0.000126094  2.88371e-06      -15.713 
         750      56.1844 -0.000126108  2.87985e-06      -15.713 
         750      56.4143 -0.000126129  2.87714e-06      -15.713 
         750      56.6449 -0.000126156  2.87571e-06      -15.713 
         750      56.8757 -0.000126187  2.87565e-06      -15.713 
         750      57.1072  -0.00012622  2.87696e-06      -15.713 
         750       57.339 -0.000126254  2.87953e-06      -15.713 
         750      57.5715 -0.000126286   2.8832e-06      -15.713 
         750      57.8042 -0.000126315  2.88767e-06     -15.7129 
         750      58.0376  -0.00012634  2.89258e-06     -15.7129 
         750      58.2715 -0.000126359  2.89745e-06     -15.7129 
         750      58.5057 -0.000126371  2.90172e-06     -15.7129 
         750      58.7405 -0.000126375  2.90477e-06     -15.7129 
         750      58.9756  -0.00012637  2.90589e-06     -15.7129 
         750      59.2113 -0.000126355  2.90433e-06     -15.7129 
         750      59.4473 -0.000126331  2.89931e-06     -15.7128 
         750       59.684 -0.000126298  2.89002e-06     -15.7128 
         750      59.9212 -0.000126258  2.87568e-06     -15.7128 
         750      60.1586  -0.00012621  2.85558e-06     -15.7128 
         750      60.3967 -0.000126158  2.82901e-06     -15.7128 
         750      60.6351 -0.000126103  2.79548e-06     -15.7128 
         750      60.8741 -0.000126048  2.75454e-06     -15.7128 
         750      61.1135 -0.000125996  2.70605e-06     -15.7127 
         750      61.3534 -0.000125951  2.65001e-06     -15.7127 
         750      61.5939 -0.000125918   2.5868e-06     -15.7127 
         750      61.8346 -0.000125901  2.51723e-06     -15.7127 
         750       62.076 -0.000125905  2.44232e-06     -15.7127 
         750      62.3177 -0.000125937  2.36387e-06     -15.7127 
         750        62.56 -0.000126072  2.39941e-06     -15.7127 
         750      62.8026 -0.000126194  2.42976e-06     -15.7126 
         750      63.0459 -0.000126297  2.45499e-06     -15.7126 
         750      63.2894 -0.000126373  2.47434e-06     -15.7126 
         750      63.5336 -0.000126412  2.48628e-06     -15.7126 
         750      63.7783 -0.000126406  2.48816e-06     -15.7126 
         750      64.0233 -0.000126342   2.4762e-06     -15.7126 
         750      64.2689 -0.000126206  2.44522e-06     -15.7125 
         750      64.5148 -0.000125997  2.39257e-06     -15.7125 
         750      64.7613 -0.000125866  2.34787e-06     -15.7125 
         750      65.0082 -0.000125781  2.29766e-06     -15.7125 
         750      65.2557 -0.000125729  2.24721e-06     -15.7125 
         750      65.5036 -0.000125695  2.20154e-06     -15.7125 
         750      65.7519 -0.000125668  2.16534e-06     -15.7124 
         750      66.0008 -0.000125637   2.1429e-06     -15.7124 
         750        66.25 -0.000125592  2.13831e-06     -15.7124 
         750      66.4998  -0.00012555  2.15215e-06     -15.7124 
         750        66.75 -0.000125777  2.14477e-06     -15.7124 
         750      67.0007  -0.00012598  2.14117e-06     -15.7124 
         750      67.2518 -0.000126154  2.13797e-06     -15.7123 
         750      67.5035 -0.000126294  2.13272e-06     -15.7123 
         750      67.7557 -0.000126399  2.12381e-06     -15.7123 
         750      68.0082 -0.000126469  2.11034e-06     -15.7123 
         750      68.2614 -0.000126506  2.09199e-06     -15.7123 
         750      68.5148 -0.000126512  2.06896e-06     -15.7123 
         750      68.7688 -0.000126491  2.04181e-06     -15.7122 
         750      69.0232 -0.000126446  2.01145e-06     -15.7122 
         750      69.2782 -0.000126382  1.97894e-06     -15.7122 
         750      69.5337 -0.000126304   1.9455e-06     -15.7122 
         750      69.7895 -0.000126217  1.91246e-06     -15.7122 
         750      70.0459 -0.000126126    1.881e-06     -15.7121 
         750      70.3026 -0.000126035  1.85235e-06     -15.7121 
         750        70.56 -0.000125949  1.82751e-06     -15.7121 
         750      70.8176 -0.000125873  1.80739e-06     -15.7121 
         750      71.0759 -0.000125808  1.79258e-06     -15.7121 
         750      71.3347 -0.000125759   1.7835e-06     -15.7121 
         750      71.5938 -0.000125727  1.78026e-06      -15.712 
         750      71.8535 -0.000125713  1.78268e-06      -15.712 
         750      72.1135 -0.000125719  1.79029e-06      -15.712 
         750      72.3741 -0.000125743  1.80235e-06      -15.712 
         750       72.635 -0.000125785  1.81782e-06      -15.712 
         750      72.8967 -0.000125842  1.83548e-06     -15.7119 
         750      73.1585 -0.000125912  1.85381e-06     -15.7119 
         750      73.4211 -0.000125992  1.87122e-06     -15.7119 
         750      73.6841 -0.000126078  1.88599e-06     -15.7119 
         750      73.9473 -0.000126165  1.89635e-06     -15.7119 
         750      74.2113 -0.000126249  1.90064e-06     -15.7118 
         750      74.4755 -0.000126325  1.89734e-06     -15.7118 
         750      74.7404 -0.000126389  1.88518e-06     -15.7118 
         750      75.0056 -0.000126435  1.86333e-06     -15.7118 
         750      75.2714 -0.000126461  1.83144e-06     -15.7117 
         750      75.5377 -0.000126463   1.7899e-06     -15.7117 
         750      75.8043  -0.00012644  1.73998e-06     -15.7117 
         750      76.0715  -0.00012639  1.68388e-06     -15.7117 
         750       76.339 -0.000126315   1.6252e-06     -15.7117 
         750      76.6072 -0.000126219  1.56885e-06     -15.7116 
         750      76.8756 -0.000126108  1.52158e-06     -15.7116 
         750      77.1448 -0.000125992  1.49197e-06     -15.7116 
         750      77.4141 -0.000125884   1.4909e-06     -15.7116 
         750      77.6842 -0.000125802  1.53175e-06     -15.7115 
         750      77.9547 -0.000125767  1.63071e-06     -15.7115 
         750      78.2255 -0.000125809  1.80697e-06     -15.7115 
         750       78.497 -0.000125912   1.7255e-06     -15.7115 
         750      78.7687 -0.000126001  1.60824e-06     -15.7115 
         750      79.0411 -0.000126076   1.5233e-06     -15.7114 
         750      79.3138 -0.000126136  1.46591e-06     -15.7114 
         750      79.5872 -0.000126185  1.43134e-06     -15.7114 
         750       79.861 -0.000126221  1.41533e-06     -15.7114 
         750      80.1351 -0.000126248  1.41389e-06     -15.7113 
         750      80.4098 -0.000126265  1.42336e-06     -15.7113 
         750      80.6849 -0.000126275  1.44039e-06     -15.7113 
         750      80.9606 -0.000126278  1.46202e-06     -15.7113 
         750      81.2365 -0.000126276  1.48557e-06     -15.7112 
         750      81.5132 -0.000126269  1.50874e-06     -15.7112 
         750      81.7903 -0.000126259  1.52952e-06     -15.7112 
         750      82.0676 -0.000126247  1.54625e-06     -15.7112 
         750      82.3457 -0.000126234  1.55762e-06     -15.7111 
         750       82.624  -0.00012622  1.56258e-06     -15.7111 
         750       82.903 -0.000126206  1.56044e-06     -15.7111 
         750      83.1822 -0.000126193  1.55078e-06     -15.7111 
         750      83.4622 -0.000126181  1.53346e-06      -15.711 
         750      83.7424 -0.000126171  1.50862e-06      -15.711 
         750      84.0232 -0.000126163  1.47662e-06      -15.711 
         750      84.3046 -0.000126157  1.43807e-06      -15.711 
         750      84.5862 -0.000126153  1.39385e-06     -15.7109 
         750      84.8685  -0.00012615  1.34489e-06     -15.7109 
         750       85.151  -0.00012615  1.29241e-06     -15.7109 
         750      85.4342 -0.000126151  1.23762e-06     -15.7109 
         750      85.7177 -0.000126153  1.18199e-06     -15.7108 
         750      86.0019 -0.000126155  1.12687e-06     -15.7108 
         750      86.2865 -0.000126157  1.07378e-06     -15.7108 
         750      86.5714 -0.000126158   1.0242e-06     -15.7108 
         750       86.857 -0.000126158  9.79451e-07     -15.7107 
         750      87.1428 -0.000126154  9.40888e-07     -15.7107 
         750      87.4293 -0.000126148  9.09585e-07     -15.7107 
         750      87.7161 -0.000126137   8.8652e-07     -15.7106 
         750      88.0035 -0.000126121  8.72328e-07     -15.7106 
         750      88.2914 -0.000126099  8.67384e-07     -15.7106 
         750      88.5796  -0.00012607  8.71654e-07     -15.7106 
         750      88.8685 -0.000126033  8.84677e-07     -15.7105 
         750      89.1576 -0.000125988   9.0545e-07     -15.7105 
         750      89.4474 -0.000126036  9.31367e-07     -15.7105 
         750      89.7374 -0.000126084  9.47743e-07     -15.7104 
         750      90.0282 -0.000126114  9.54498e-07     -15.7104 
         750      90.3192 -0.000126127  9.52848e-07     -15.7104 
         750      90.6109 -0.000126127  9.44133e-07     -15.7103 
         750       90.903 -0.000126117   9.2978e-07     -15.7103 
         750      91.1954   -0.0001261  9.11299e-07     -15.7103 
         750      91.4885 -0.000126081  8.90185e-07     -15.7102 
         750      91.7819 -0.000126063  8.67997e-07     -15.7102 
         750      92.0759 -0.000126051  8.46204e-07     -15.7102 
         750      92.3702 -0.000126047  8.26288e-07     -15.7101 
         750      92.6652 -0.000126056  8.09581e-07     -15.7101 
         750      92.9606 -0.000126079  7.97342e-07       -15.71 
         750      93.2563 -0.000126118   7.9067e-07       -15.71 
         750      93.5527 -0.000126173   7.9046e-07       -15.71 
         750      93.8493 -0.000126244  7.97401e-07     -15.7099 
         750      94.1466 -0.000126326  8.11938e-07     -15.7099 
         750      94.4442 -0.000126416  8.34187e-07     -15.7099 
         750      94.7425 -0.000126506  8.63998e-07     -15.7098 
         750       95.041 -0.000126586  9.00769e-07     -15.7098 
         750      95.3402 -0.000126643  9.43596e-07     -15.7098 
         750      95.6399 -0.000126659  9.91043e-07     -15.7098 
         750      95.9398 -0.000126488  9.72297e-07     -15.7097 
         750      96.2404 -0.000126301  9.27845e-07     -15.7097 
         750      96.5412 -0.000126167  8.87449e-07     -15.7097 
         750      96.8428 -0.000126075  8.50397e-07     -15.7097 
         750      97.1446 -0.000126019  8.16194e-07     -15.7096 
         750      97.4471 -0.000125991  7.84329e-07     -15.7096 
         750      97.7501 -0.000125985  7.54462e-07     -15.7095 
         750      98.0533 -0.000125995  7.26339e-07     -15.7095 
         750      98.3572 -0.000126015  6.99726e-07     -15.7095 
         750      98.6613 -0.000126043  6.74561e-07     -15.7094 
         750      98.9662 -0.000126073  6.50781e-07     -15.7094 
         750      99.2712 -0.000126101  6.28482e-07     -15.7093 
         750       99.577 -0.000126126  6.07759e-07     -15.7093 
         750      99.8833 -0.000126145  5.88837e-07     -15.7092 
         750       100.19 -0.000126155     5.72e-07     -15.7092 
         750      100.497 -0.000126155  5.57558e-07     -15.7091 
         750      100.804 -0.000126145  5.45929e-07     -15.7091 
         750      101.113 -0.000126123  5.37546e-07     -15.7091 
         750      101.421 -0.000126089  5.32923e-07      -15.709 
         750       101.73 -0.000126043  5.32599e-07      -15.709 
         750      102.039 -0.000125986  5.37159e-07     -15.7089 
         750      102.349 -0.000125917  5.47229e-07     -15.7089 
         750       102.66 -0.000125839  5.63456e-07     -15.7088 
         750      102.971 -0.000125752  5.86486e-07     -15.7088 
         750      103.282 -0.000125901  6.08167e-07     -15.7087 
         750      103.594 -0.000126073  6.23505e-07     -15.7087 
         750      103.906 -0.000126205  6.34207e-07     -15.7086 
         750      104.219 -0.000126302  6.40939e-07     -15.7086 
         750      104.532  -0.00012637  6.44308e-07     -15.7085 
         750      104.846 -0.000126411  6.44823e-07     -15.7085 
         750       105.16 -0.000126431  6.42932e-07     -15.7084 
         750      105.474 -0.000126431  6.39012e-07     -15.7084 
         750      105.789 -0.000126417   6.3339e-07     -15.7084 
         750      106.105  -0.00012639  6.26327e-07     -15.7083 
         750      106.421 -0.000126353  6.18061e-07     -15.7083 
         750      106.738 -0.000126309  6.08765e-07     -15.7082 
         750      107.055 -0.000126259    5.986e-07     -15.7082 
         750      107.372 -0.000126206  5.87701e-07     -15.7082 
         750       107.69 -0.000126151  5.76155e-07     -15.7081 
         750      108.008 -0.000126097  5.64067e-07     -15.7081 
         750      108.327 -0.000126044  5.51493e-07     -15.7081 
         750      108.646 -0.000125994  5.38516e-07      -15.708 
         750      108.966 -0.000125948  5.25177e-07      -15.708 
         750      109.286 -0.000125907  5.11553e-07     -15.7079 
         750      109.607 -0.000125873  4.97682e-07     -15.7079 
         750      109.928 -0.000125845  4.83636e-07     -15.7079 
         750       110.25 -0.000125826  4.69494e-07     -15.7078 
         750      110.572 -0.000125814  4.55309e-07     -15.7078 
         750      110.895 -0.000125812  4.41184e-07     -15.7077 
         750      111.218 -0.000125819  4.27188e-07     -15.7077 
         750      111.541 -0.000125835  4.13444e-07     -15.7076 
         750      111.865 -0.000125862  4.00037e-07     -15.7076 
         750       112.19 -0.000125897  3.87094e-07     -15.7075 
         750      112.515 -0.000125942  3.74747e-07     -15.7075 
         750       112.84 -0.000125995    3.631e-07     -15.7074 
         750      113.166 -0.000126056  3.52299e-07     -15.7073 
         750      113.492 -0.000126123   3.4245e-07     -15.7073 
         750      113.819 -0.000126196  3.33689e-07     -15.7072 
         750      114.147 -0.000126273  3.26108e-07     -15.7071 
         750      114.474 -0.000126351  3.19814e-07     -15.7071 
         750      114.803 -0.000126428  3.14866e-07      -15.707 
         750      115.131 -0.000126501  3.11315e-07     -15.7069 
         750       115.46 -0.000126566  3.09171e-07     -15.7068 
         750       115.79 -0.000126619  3.08395e-07     -15.7068 
         750       116.12 -0.000126655  3.08903e-07     -15.7067 
         750      116.451 -0.000126669  3.10549e-07     -15.7066 
         750      116.782 -0.000126654  3.13114e-07     -15.7066 
         750      117.113 -0.000126603  3.16302e-07     -15.7065 
         750      117.446 -0.000126508  3.19716e-07     -15.7065 
         750      117.778 -0.000126359  3.22854e-07     -15.7064 
         750      118.111 -0.000126147  3.25102e-07     -15.7064 
         750      118.444 -0.000125859    3.257e-07     -15.7063 
         750      118.778 -0.000125483  3.23747e-07     -15.7063 
         750      119.112 -0.000125004  3.18175e-07     -15.7063 
         750      119.447 -0.000124407  3.07723e-07     -15.7063 
         750      119.783  -0.00012378  2.94442e-07     -15.7063 
         750      120.118 -0.000125395  3.52681e-07     -15.7062 
         750      120.455 -0.000126553  3.93403e-07     -15.7061 
         750      120.791 -0.000127326  4.19816e-07     -15.7061 
         750      121.128 -0.000127785  4.34889e-07      -15.706 
         750      121.466 -0.000127989  4.41187e-07     -15.7058 
         750      121.804 -0.000127992  4.40997e-07     -15.7057 
         750      122.143 -0.000127841    4.363e-07     -15.7056 
         750      122.482  -0.00012758   4.2879e-07     -15.7054 
         750      122.821 -0.000127244  4.19913e-07     -15.7053 
         750      123.161 -0.000126866  4.10876e-07     -15.7051 
         750      123.502  -0.00012647  4.02636e-07      -15.705 
         750      123.843 -0.000126081  3.95971e-07     -15.7048 
         750      124.184 -0.000125716  3.91441e-07     -15.7046 
         750      124.526 -0.000125388  3.89449e-07     -15.7045 
         750      124.868  -0.00012511  3.90229e-07     -15.7043 
         750      125.211 -0.000124887  3.93874e-07     -15.7042 
         750      125.554 -0.000124726  4.00341e-07      -15.704 
         750      125.898 -0.000124628  4.09491e-07     -15.7039 
         750      126.242 -0.000124593  4.21059e-07     -15.7037 
         750      126.587 -0.000124618  4.34729e-07     -15.7036 
         750      126.932   -0.0001247  4.50071e-07     -15.7035 
         750      127.278 -0.000124833  4.66648e-07     -15.7033 
         750      127.624 -0.000125011  4.83936e-07     -15.7032 
         750      127.971 -0.000125226  5.01378e-07     -15.7031 
         750      128.318 -0.000125469  5.18439e-07      -15.703 
         750      128.665 -0.000125732  5.34518e-07     -15.7029 
         750      129.013 -0.000126006  5.49066e-07     -15.7028 
         750      129.361 -0.000126281    5.615e-07     -15.7027 
         750       129.71 -0.000126547  5.71297e-07     -15.7026 
         750       130.06 -0.000126797  5.77931e-07     -15.7025 
         750       130.41 -0.000127022  5.80937e-07     -15.7024 
         750       130.76 -0.000127213   5.7988e-07     -15.7023 
         750      131.111 -0.000127364  5.74391e-07     -15.7022 
         750      131.462 -0.000127468  5.64142e-07     -15.7021 
         750      131.814 -0.000127521  5.48899e-07      -15.702 
         750      132.166 -0.000127517  5.28454e-07      -15.702 
         750      132.519 -0.000127454  5.02731e-07     -15.7019 
         750      132.872  -0.00012733  4.71656e-07     -15.7018 
         750      133.226 -0.000127145  4.35294e-07     -15.7017 
         750       133.58 -0.000126899   3.9381e-07     -15.7016 
         750      133.934 -0.000126595  3.47348e-07     -15.7015 
         750      134.289 -0.000126236  2.96274e-07     -15.7014 
         750      134.645 -0.000125827   2.4088e-07     -15.7013 
         750          135 -0.000125376  1.81708e-07     -15.7012 
         750      135.357 -0.000124887  1.19194e-07     -15.7011 
         750      135.714 -0.000124373  5.40377e-08      -15.701 
         750      136.071  -0.00012384 -1.31929e-08     -15.7009 
         750      136.429 -0.000123302 -8.17132e-08     -15.7007 
         750      136.787 -0.000122769 -1.50679e-07     -15.7006 
         750      137.146 -0.000122254 -2.19366e-07     -15.7005 
         750      137.505  -0.00012177 -2.86789e-07     -15.7003 
         750      137.865 -0.000121331 -3.52154e-07     -15.7002 
         750      138.225 -0.000120951 -4.14438e-07        -15.7 
         750      138.586 -0.000120642 -4.72815e-07     -15.6998 
         750      138.947 -0.000120418  -5.2632e-07     -15.6996 
         750      139.309 -0.000120293 -5.74025e-07     -15.6995 
         750      139.671 -0.000120277 -6.15156e-07     -15.6993 
         750      140.033 -0.000120381 -6.48857e-07     -15.6991 
         750      140.397 -0.000120614 -6.74466e-07     -15.6989 
         750       140.76 -0.000120982 -6.91326e-07     -15.6987 
         750      141.124 -0.000121491 -6.98965e-07     -15.6985 
         750      141.488 -0.000122141 -6.97009e-07     -15.6983 
         750      141.853  -0.00012293 -6.85282e-07     -15.6981 
         750      142.219 -0.000123854 -6.63767e-07     -15.6979 
         750      142.584   -0.0001249 -6.32723e-07     -15.6977 
         750      142.951 -0.000126056 -5.92574e-07     -15.6975 
         750      143.317 -0.000127299 -5.44135e-07     -15.6974 
         750      143.685 -0.000128604 -4.88396e-07     -15.6972 
         750      144.052 -0.000129936 -4.26857e-07     -15.6971 
         750      144.421 -0.000131255 -3.61214e-07      -15.697 
         750      144.789 -0.000132511 -2.93732e-07     -15.6969 
         750      145.158 -0.000133645  -2.2714e-07     -15.6969 
         750      145.528  -0.00013459 -1.64504e-07     -15.6968 
         750      145.898 -0.000135266  -1.0964e-07     -15.6968 
         750      146.269 -0.000136028 -1.50187e-08     -15.6969 
         750       146.64 -0.000136453  1.19063e-07     -15.6969 
         750      147.011 -0.000135503  2.28555e-07     -15.6968 
         750      147.383 -0.000132675  3.11293e-07     -15.6968 
         750      147.755 -0.000127396  3.65321e-07     -15.6968 
         750      148.128 -0.000118992  3.88946e-07     -15.6967 
         750      148.502 -0.000106721  3.80507e-07     -15.6967 
         750      148.876 -8.97052e-05  3.38542e-07     -15.6966 
         750       149.25 -6.70055e-05  2.61857e-07     -15.6965 
         750      149.625  -3.7502e-05  1.49273e-07     -15.6964 
         750          150           -0           -0     -15.6962 
