Variables = x, y, u, v, p

Zone, I=800, F=POINT
         400            0           -0           -0      26.6653 
         400     0.000234  9.54765e-06 -1.07212e-11      26.6653 
         400     0.000939  3.60342e-05 -1.73047e-10      26.6653 
         400     0.002113  7.31534e-05 -8.76726e-10      26.6653 
         400     0.003759  0.000112468 -2.77545e-09      26.6653 
         400     0.005872  0.000145368   -6.774e-09      26.6653 
         400     0.008457  0.000165787 -1.40526e-08      26.6653 
         400      0.01151  0.000171561 -2.60304e-08      26.6653 
         400     0.015036  0.000165091 -4.44158e-08      26.6653 
         400     0.019031  0.000152325 -7.11302e-08      26.6653 
         400     0.023493  0.000140491 -1.08332e-07      26.6653 
         400     0.028429  0.000135102 -1.58495e-07      26.6653 
         400     0.033831   0.00013746 -2.24167e-07      26.6653 
         400     0.039706  0.000143794 -3.08257e-07      26.6653 
         400     0.046047  0.000147265 -4.13661e-07      26.6653 
         400     0.052863  0.000142933 -5.43673e-07      26.6653 
         400      0.06015  0.000133729  -7.0149e-07      26.6653 
         400       0.0679  0.000131905 -8.90234e-07      26.6653 
         400     0.076126  0.000144493 -1.11356e-06      26.6653 
         400     0.084816  0.000136152 -1.37444e-06      26.6653 
         400     0.093982  0.000141749 -1.67651e-06      26.6653 
         400     0.103611  0.000145732 -2.02243e-06      26.6653 
         400     0.113718  0.000149365 -2.41567e-06      26.6653 
         400     0.124286  0.000153532 -2.85825e-06      26.6653 
         400     0.135333  0.000158725 -3.35336e-06      26.6653 
         400      0.14685  0.000165045  -3.9027e-06      26.6653 
         400     0.158827  0.000172311 -4.50747e-06      26.6653 
         400     0.171284  0.000180229 -5.16999e-06      26.6653 
         400     0.184201  0.000188529 -5.89005e-06      26.6653 
         400     0.197599  0.000197175 -6.66926e-06      26.6653 
         400     0.211455  0.000206343 -7.50621e-06      26.6653 
         400     0.225792  0.000216287  -8.4018e-06      26.6653 
         400       0.2406   0.00022667 -9.35454e-06      26.6653 
         400     0.255865  0.000236474 -1.03622e-05      26.6653 
         400     0.271613  0.000246886 -1.14245e-05      26.6653 
         400     0.287818  0.000257199 -1.25377e-05      26.6653 
         400     0.304506  0.000267361 -1.37012e-05      26.6653 
         400      0.32165   0.00027728 -1.49104e-05      26.6653 
         400     0.339278  0.000286899 -1.61644e-05      26.6653 
         400     0.357377  0.000296134 -1.74592e-05      26.6653 
         400      0.37593  0.000304909 -1.87905e-05      26.6653 
         400     0.394968  0.000313172 -2.01571e-05      26.6653 
         400     0.414461  0.000320853 -2.15538e-05      26.6653 
         400      0.43444  0.000327917 -2.29794e-05      26.6653 
         400     0.454872  0.000334317 -2.44286e-05      26.6653 
         400     0.475791  0.000340041 -2.59008e-05      26.6653 
         400     0.497163  0.000345071 -2.73908e-05      26.6653 
         400     0.519021  0.000349416 -2.88982e-05      26.6653 
         400      0.54135  0.000353085 -3.04193e-05      26.6653 
         400     0.564131  0.000356092 -3.19505e-05      26.6653 
         400       0.5874  0.000358452 -3.34914e-05      26.6653 
         400     0.611121  0.000360161 -3.50372e-05      26.6653 
         400      0.63533  0.000361314 -3.65906e-05      26.6653 
         400      0.65999  0.000361905 -3.81448e-05      26.6653 
         400     0.685139  0.000361983 -3.97006e-05      26.6653 
         400     0.710759  0.000361595 -4.12554e-05      26.6653 
         400     0.736828  0.000360791 -4.28063e-05      26.6653 
         400     0.763387  0.000359619  -4.4354e-05      26.6653 
         400     0.790396   0.00035813 -4.58946e-05      26.6653 
         400     0.817896  0.000356369 -4.74287e-05      26.6653 
         400     0.845843  0.000354386 -4.89522e-05      26.6653 
         400     0.874283  0.000352221  -5.0466e-05      26.6653 
         400      0.90317  0.000349919 -5.19661e-05      26.6653 
         400     0.932551  0.000347513 -5.34534e-05      26.6653 
         400     0.962401  0.000345037 -5.49254e-05      26.6653 
         400     0.992697  0.000342523 -5.63795e-05      26.6653 
         400      1.02349  0.000339988 -5.78172e-05      26.6653 
         400      1.05472  0.000337454 -5.92351e-05      26.6653 
         400      1.08645  0.000334929 -6.06348e-05      26.6653 
         400      1.11863  0.000332421 -6.20135e-05      26.6653 
         400       1.1513  0.000329927  -6.3373e-05      26.6653 
         400      1.18444  0.000327442 -6.47119e-05      26.6653 
         400      1.21802  0.000324959 -6.60291e-05      26.6653 
         400      1.25211  0.000322458 -6.73267e-05      26.6653 
         400      1.28663  0.000319927 -6.86024e-05      26.6653 
         400      1.32165  0.000317341 -6.98584e-05      26.6653 
         400      1.35712  0.000314687  -7.1092e-05      26.6653 
         400      1.39308  0.000311944 -7.23046e-05      26.6653 
         400      1.42951  0.000309105 -7.34938e-05      26.6653 
         400      1.46638  0.000306171 -7.46564e-05      26.6653 
         400      1.50375   0.00030315  -7.5791e-05      26.6653 
         400      1.54156  0.000300033 -7.69163e-05      26.6653 
         400      1.57987  0.000296808  -7.8015e-05      26.6653 
         400      1.61863  0.000293486 -7.90827e-05      26.6653 
         400      1.65788  0.000290066 -8.01203e-05      26.6653 
         400      1.69757   0.00028656 -8.11249e-05      26.6653 
         400      1.73776  0.000282969  -8.2097e-05      26.6653 
         400      1.77842  0.000279299 -8.30349e-05      26.6653 
         400      1.81952  0.000275559 -8.39364e-05      26.6653 
         400      1.86113   0.00027175 -8.48018e-05      26.6653 
         400      1.90316  0.000267881 -8.56285e-05      26.6653 
         400      1.94571  0.000263952 -8.64166e-05      26.6653 
         400      1.98869  0.000259974 -8.71633e-05      26.6653 
         400      2.03217  0.000255946 -8.78686e-05      26.6653 
         400      2.07612  0.000251877 -8.85307e-05      26.6653 
         400      2.12051  0.000247774 -8.91477e-05      26.6653 
         400       2.1654  0.000243637 -8.97193e-05      26.6653 
         400      2.21073  0.000239477 -9.02435e-05      26.6653 
         400      2.25656  0.000235292   -9.072e-05      26.6653 
         400      2.30283  0.000231096 -9.11469e-05      26.6653 
         400       2.3496  0.000226887 -9.15239e-05      26.6653 
         400      2.39685  0.000222674 -9.18498e-05      26.6653 
         400      2.44452  0.000218466 -9.21236e-05      26.6653 
         400      2.49271  0.000214265 -9.23452e-05      26.6653 
         400      2.54132  0.000210081 -9.25136e-05      26.6653 
         400      2.59044  0.000205917 -9.26289e-05      26.6653 
         400         2.64  0.000201786 -9.26906e-05      26.6653 
         400      2.69006   0.00019769 -9.26987e-05      26.6653 
         400      2.74056  0.000193643 -9.26535e-05      26.6653 
         400      2.79156  0.000189647 -9.25551e-05      26.6653 
         400      2.84304  0.000185715  -9.2404e-05      26.6653 
         400      2.89494  0.000181859  -9.2201e-05      26.6653 
         400      2.94735  0.000178084 -9.19465e-05      26.6653 
         400       3.0002  0.000174406 -9.16417e-05      26.6653 
         400      3.05355  0.000170829  -9.1287e-05      26.6653 
         400      3.10733  0.000167371 -9.08841e-05      26.6653 
         400      3.16163  0.000164038 -9.04331e-05      26.6653 
         400      3.21639  0.000160843 -8.99355e-05      26.6653 
         400      3.27158  0.000157801 -8.93923e-05      26.6653 
         400      3.32729  0.000154919 -8.88033e-05      26.6653 
         400      3.38342  0.000152211 -8.81698e-05      26.6653 
         400      3.44007  0.000149684 -8.74908e-05      26.6653 
         400      3.49714  0.000147353 -8.67667e-05      26.6653 
         400      3.55472  0.000145221 -8.59951e-05      26.6653 
         400      3.61273    0.0001433 -8.51752e-05      26.6653 
         400      3.67125  0.000141592 -8.43027e-05      26.6653 
         400      3.73025  0.000140102  -8.3374e-05      26.6653 
         400      3.78967  0.000138764 -8.24291e-05      26.6653 
         400      3.84961  0.000137693 -8.14634e-05      26.6653 
         400      3.90996  0.000136909 -8.04627e-05      26.6653 
         400      3.97084  0.000136374 -7.94283e-05      26.6653 
         400      4.03214  0.000136055 -7.83661e-05      26.6653 
         400      4.09395   0.00013592 -7.72792e-05      26.6653 
         400      4.15624  0.000135938 -7.61738e-05      26.6653 
         400      4.21895  0.000136079 -7.50565e-05      26.6653 
         400      4.28217  0.000136316 -7.39318e-05      26.6653 
         400      4.34582  0.000136625 -7.28075e-05      26.6653 
         400      4.40998  0.000136982 -7.16881e-05      26.6653 
         400      4.47457  0.000137366 -7.05815e-05      26.6653 
         400      4.53968   0.00013776 -6.94917e-05      26.6653 
         400      4.60525  0.000138148 -6.84249e-05      26.6653 
         400      4.67125  0.000138514 -6.73867e-05      26.6653 
         400      4.73777  0.000138849 -6.63797e-05      26.6653 
         400       4.8047  0.000139143  -6.5409e-05      26.6653 
         400      4.87216   0.00013939 -6.44756e-05      26.6653 
         400      4.94003  0.000139587  -6.3583e-05      26.6653 
         400      5.00843   0.00013973 -6.27308e-05      26.6653 
         400      5.07724  0.000139822 -6.19206e-05      26.6653 
         400      5.14658  0.000139863 -6.11506e-05      26.6653 
         400      5.21639  0.000139858 -6.04205e-05      26.6653 
         400      5.28661  0.000139812 -5.97292e-05      26.6653 
         400      5.35736  0.000139732 -5.90739e-05      26.6653 
         400      5.42852  0.000139625 -5.84538e-05      26.6653 
         400      5.50021  0.000139499 -5.78664e-05      26.6653 
         400      5.57231  0.000139362 -5.73122e-05      26.6653 
         400      5.64493  0.000139221 -5.67907e-05      26.6653 
         400      5.71803  0.000139083  -5.6305e-05      26.6653 
         400      5.79154   0.00013895 -5.58601e-05      26.6653 
         400      5.86558  0.000138825 -5.52893e-05      26.6653 
         400      5.94003  0.000138735 -5.47372e-05      26.6653 
         400      6.01501   0.00013869 -5.42199e-05      26.6653 
         400       6.0904  0.000138694 -5.37441e-05      26.6653 
         400      6.16632   0.00013875 -5.33171e-05      26.6653 
         400      6.24271  0.000138766  -5.2833e-05      26.6653 
         400       6.3195  0.000138748  -5.2279e-05      26.6653 
         400      6.39683   0.00013877 -5.17417e-05      26.6653 
         400      6.47457  0.000138826 -5.12184e-05      26.6653 
         400      6.55284  0.000138907 -5.07052e-05      26.6653 
         400      6.63152   0.00013901 -5.02007e-05      26.6653 
         400      6.71073  0.000139173  -4.9672e-05      26.6653 
         400      6.79034  0.000139347 -4.91563e-05      26.6653 
         400      6.87049  0.000139523 -4.86492e-05      26.6653 
         400      6.95111    0.0001397 -4.81429e-05      26.6653 
         400      7.03214  0.000139879 -4.76322e-05      26.6653 
         400       7.1137  0.000140061 -4.71126e-05      26.6653 
         400      7.19566  0.000140249 -4.65832e-05      26.6653 
         400      7.27816  0.000140442 -4.60427e-05      26.6653 
         400      7.36106  0.000140642 -4.54927e-05      26.6653 
         400      7.44451  0.000140851 -4.49339e-05      26.6653 
         400      7.52842   0.00014107 -4.43689e-05      26.6653 
         400      7.61273  0.000141299 -4.38005e-05      26.6653 
         400      7.69758  0.000141539 -4.32302e-05      26.6653 
         400      7.78283   0.00014179 -4.26612e-05      26.6653 
         400      7.86862  0.000142051 -4.20945e-05      26.6653 
         400      7.95481  0.000142323 -4.15323e-05      26.6653 
         400      8.04155  0.000142602 -4.09746e-05      26.6653 
         400      8.12868  0.000142889 -4.04226e-05      26.6653 
         400      8.21635   0.00014318 -3.98749e-05      26.6653 
         400      8.30449  0.000143474  -3.9331e-05      26.6653 
         400      8.39303  0.000143768 -3.87902e-05      26.6653 
         400      8.48211  0.000144061 -3.82501e-05      26.6653 
         400      8.57159  0.000144349 -3.77103e-05      26.6653 
         400      8.66161  0.000144632 -3.71695e-05      26.6653 
         400      8.75203  0.000144909  -3.6629e-05      26.6653 
         400      8.84299   0.00014518 -3.60903e-05      26.6653 
         400      8.93443  0.000145447 -3.55585e-05      26.6653 
         400      9.02626  0.000145752 -3.50446e-05      26.6653 
         400      9.11863  0.000146059  -3.4526e-05      26.6652 
         400      9.21139   0.00014635 -3.40015e-05      26.6652 
         400      9.30471  0.000146628  -3.3475e-05      26.6652 
         400      9.39841  0.000146898 -3.29518e-05      26.6652 
         400      9.49267  0.000147163 -3.24347e-05      26.6652 
         400      9.58739  0.000147424 -3.19266e-05      26.6652 
         400      9.68251  0.000147683 -3.14291e-05      26.6652 
         400      9.77817  0.000147942 -3.09412e-05      26.6652 
         400      9.87422  0.000148203 -3.04623e-05      26.6652 
         400      9.97083  0.000148467 -2.99887e-05      26.6652 
         400      10.0678  0.000148735 -2.95177e-05      26.6652 
         400      10.1654  0.000149008 -2.90449e-05      26.6652 
         400      10.2633  0.000149286 -2.85676e-05      26.6652 
         400      10.3618   0.00014957  -2.8083e-05      26.6652 
         400      10.4607  0.000149858 -2.75919e-05      26.6652 
         400      10.5601  0.000150146 -2.70992e-05      26.6652 
         400        10.66  0.000150429 -2.66138e-05      26.6652 
         400      10.7603  0.000150696 -2.61525e-05      26.6652 
         400      10.8611   0.00015093 -2.57232e-05      26.6652 
         400      10.9623  0.000151176 -2.53303e-05      26.6652 
         400      11.0641  0.000151431 -2.49582e-05      26.6652 
         400      11.1663   0.00015169 -2.45942e-05      26.6652 
         400       11.269   0.00015195 -2.42282e-05      26.6652 
         400      11.3721  0.000152207  -2.3852e-05      26.6652 
         400      11.4757  0.000152457 -2.34622e-05      26.6652 
         400      11.5798  0.000152695 -2.30576e-05      26.6652 
         400      11.6844   0.00015292 -2.26425e-05      26.6652 
         400      11.7894  0.000153129 -2.22244e-05      26.6652 
         400       11.895  0.000153323 -2.18163e-05      26.6652 
         400      12.0009  0.000153504 -2.14366e-05      26.6652 
         400      12.1073  0.000153677 -2.11079e-05      26.6652 
         400      12.2142  0.000153873  -2.0819e-05      26.6652 
         400      12.3216  0.000154177 -2.03753e-05      26.6652 
         400      12.4294  0.000154438  -1.9971e-05      26.6652 
         400      12.5378  0.000154668 -1.95955e-05      26.6652 
         400      12.6465  0.000154871 -1.92414e-05      26.6652 
         400      12.7558  0.000155056 -1.89014e-05      26.6652 
         400      12.8656  0.000155228 -1.85703e-05      26.6652 
         400      12.9757  0.000155392 -1.82442e-05      26.6652 
         400      13.0864  0.000155551 -1.79196e-05      26.6652 
         400      13.1975  0.000155708 -1.75947e-05      26.6652 
         400      13.3092  0.000155867 -1.72681e-05      26.6652 
         400      13.4212  0.000156029 -1.69396e-05      26.6652 
         400      13.5338  0.000156195 -1.66089e-05      26.6652 
         400      13.6468  0.000156366 -1.62771e-05      26.6652 
         400      13.7603  0.000156542 -1.59454e-05      26.6652 
         400      13.8743  0.000156723 -1.56148e-05      26.6652 
         400      13.9886  0.000156907 -1.52874e-05      26.6652 
         400      14.1036  0.000157096 -1.49645e-05      26.6652 
         400      14.2189  0.000157286 -1.46482e-05      26.6652 
         400      14.3348  0.000157476 -1.43396e-05      26.6652 
         400       14.451  0.000157666 -1.40406e-05      26.6652 
         400      14.5678  0.000157853 -1.37521e-05      26.6652 
         400      14.6851  0.000158035 -1.34749e-05      26.6652 
         400      14.8028  0.000158211   -1.321e-05      26.6652 
         400       14.921  0.000158379 -1.29568e-05      26.6652 
         400      15.0396  0.000158537 -1.27153e-05      26.6652 
         400      15.1588  0.000158685 -1.24842e-05      26.6652 
         400      15.2783   0.00015882 -1.22626e-05      26.6652 
         400      15.3984  0.000158942  -1.2048e-05      26.6652 
         400       15.519   0.00015905 -1.18383e-05      26.6652 
         400        15.64  0.000159144 -1.16308e-05      26.6652 
         400      15.7615  0.000159223  -1.1422e-05      26.6652 
         400      15.8834  0.000159287 -1.12085e-05      26.6652 
         400      16.0058  0.000159338 -1.09864e-05      26.6652 
         400      16.1286  0.000159417 -1.07838e-05      26.6652 
         400       16.252  0.000159574 -1.06257e-05      26.6652 
         400      16.3759  0.000159734  -1.0435e-05      26.6652 
         400      16.5002  0.000159899  -1.0195e-05      26.6652 
         400       16.625  0.000160072 -9.88509e-06      26.6652 
         400      16.7501   0.00016019    -9.52e-06      26.6652 
         400      16.8759  0.000160203 -9.26221e-06      26.6652 
         400       17.002  0.000160405 -9.11814e-06      26.6652 
         400      17.1287  0.000160563 -9.03524e-06      26.6652 
         400      17.2557  0.000160613 -9.04681e-06      26.6652 
         400      17.3834  0.000160677 -9.00865e-06      26.6652 
         400      17.5115  0.000160751 -8.93011e-06      26.6652 
         400      17.6399  0.000160828 -8.81979e-06      26.6652 
         400       17.769  0.000160907 -8.68508e-06      26.6652 
         400      17.8984  0.000160984 -8.53292e-06      26.6652 
         400      18.0284  0.000161059 -8.36893e-06      26.6652 
         400      18.1587  0.000161131  -8.1984e-06      26.6652 
         400      18.2896  0.000161199 -8.02532e-06      26.6652 
         400       18.421  0.000161264 -7.85328e-06      26.6652 
         400      18.5528  0.000161327 -7.68518e-06      26.6652 
         400      18.6851  0.000161389 -7.52282e-06      26.6652 
         400      18.8178  0.000161451 -7.36787e-06      26.6652 
         400      18.9511  0.000161513 -7.22092e-06      26.6652 
         400      19.0847  0.000161577 -7.08252e-06      26.6652 
         400      19.2189  0.000161643 -6.95227e-06      26.6652 
         400      19.3535  0.000161712 -6.82981e-06      26.6652 
         400      19.4886  0.000161783 -6.71404e-06      26.6652 
         400      19.6242  0.000161858 -6.60391e-06      26.6652 
         400      19.7602  0.000161935 -6.49818e-06      26.6652 
         400      19.8968  0.000162014 -6.39528e-06      26.6652 
         400      20.0337  0.000162093 -6.29401e-06      26.6652 
         400      20.1712  0.000162172 -6.19297e-06      26.6652 
         400      20.3091  0.000162249  -6.0913e-06      26.6652 
         400      20.4475  0.000162324 -5.98819e-06      26.6652 
         400      20.5864  0.000162393 -5.88358e-06      26.6652 
         400      20.7257  0.000162457 -5.77802e-06      26.6652 
         400      20.8655  0.000162516 -5.67256e-06      26.6652 
         400      21.0058  0.000162568 -5.56952e-06      26.6652 
         400      21.1465  0.000162615 -5.47197e-06      26.6652 
         400      21.2877   0.00016266 -5.38455e-06      26.6652 
         400      21.4294  0.000162705 -5.31301e-06      26.6652 
         400      21.5716  0.000162758 -5.26497e-06      26.6652 
         400      21.7142  0.000162825 -5.24979e-06      26.6652 
         400      21.8573  0.000162918 -5.27881e-06      26.6652 
         400      22.0008  0.000163049 -5.36378e-06      26.6652 
         400      22.1449  0.000163022 -5.20867e-06      26.6652 
         400      22.2893   0.00016301 -5.09575e-06      26.6652 
         400      22.4344  0.000163008 -5.01455e-06      26.6652 
         400      22.5797  0.000163017 -4.95668e-06      26.6652 
         400      22.7257  0.000163033 -4.91515e-06      26.6652 
         400      22.8721  0.000163056 -4.88455e-06      26.6652 
         400      23.0189  0.000163083 -4.86074e-06      26.6652 
         400      23.1663  0.000163115  -4.8406e-06      26.6652 
         400       23.314   0.00016315 -4.82206e-06      26.6652 
         400      23.4623  0.000163186 -4.80375e-06      26.6652 
         400       23.611  0.000163224 -4.78503e-06      26.6652 
         400      23.7602  0.000163262 -4.76569e-06      26.6652 
         400        23.91  0.000163299 -4.74593e-06      26.6652 
         400        24.06  0.000163335 -4.72621e-06      26.6652 
         400      24.2107  0.000163369 -4.70706e-06      26.6652 
         400      24.3617    0.0001634 -4.68911e-06      26.6652 
         400      24.5133  0.000163427 -4.67287e-06      26.6652 
         400      24.6653  0.000163451 -4.65877e-06      26.6652 
         400      24.8178  0.000163471 -4.64696e-06      26.6652 
         400      24.9708  0.000163486 -4.63741e-06      26.6652 
         400      25.1242  0.000163496 -4.62977e-06      26.6652 
         400      25.2781  0.000163501  -4.6234e-06      26.6652 
         400      25.4324  0.000163501 -4.61735e-06      26.6652 
         400      25.5873  0.000163496 -4.61041e-06      26.6652 
         400      25.7426  0.000163487 -4.60114e-06      26.6652 
         400      25.8984  0.000163475 -4.58792e-06      26.6652 
         400      26.0546  0.000163462  -4.5691e-06      26.6652 
         400      26.2114  0.000163448 -4.54299e-06      26.6652 
         400      26.3686  0.000163437 -4.50816e-06      26.6652 
         400      26.5262  0.000163432 -4.46353e-06      26.6652 
         400      26.6844  0.000163435 -4.40846e-06      26.6652 
         400      26.8429  0.000163453 -4.34327e-06      26.6652 
         400       27.002   0.00016349  -4.2691e-06      26.6652 
         400      27.1615  0.000163553 -4.18865e-06      26.6652 
         400      27.3216   0.00016365 -4.10606e-06      26.6652 
         400      27.4821  0.000163791 -4.02766e-06      26.6652 
         400       27.643  0.000163733 -4.00635e-06      26.6652 
         400      27.8044  0.000163446  -4.0328e-06      26.6652 
         400      27.9663  0.000163274 -4.01984e-06      26.6652 
         400      28.1287  0.000163196 -3.98227e-06      26.6652 
         400      28.2914  0.000163192 -3.93181e-06      26.6652 
         400      28.4548  0.000163245 -3.87729e-06      26.6652 
         400      28.6185  0.000163338 -3.82522e-06      26.6652 
         400      28.7828  0.000163458 -3.77983e-06      26.6652 
         400      28.9475  0.000163593 -3.74364e-06      26.6652 
         400      29.1126  0.000163732 -3.71765e-06      26.6652 
         400      29.2784  0.000163867 -3.70158e-06      26.6652 
         400      29.4444  0.000163992 -3.69426e-06      26.6652 
         400       29.611    0.0001641 -3.69378e-06      26.6652 
         400       29.778  0.000164189 -3.69783e-06      26.6652 
         400      29.9456  0.000164255 -3.70383e-06      26.6652 
         400      30.1137  0.000164299 -3.70922e-06      26.6652 
         400      30.2821   0.00016432 -3.71157e-06      26.6652 
         400      30.4511   0.00016432 -3.70876e-06      26.6652 
         400      30.6204  0.000164301 -3.69914e-06      26.6652 
         400      30.7903  0.000164265 -3.68157e-06      26.6652 
         400      30.9606  0.000164218 -3.65561e-06      26.6652 
         400      31.1315  0.000164162 -3.62137e-06      26.6652 
         400      31.3028  0.000164102 -3.57975e-06      26.6652 
         400      31.4745  0.000164042 -3.53229e-06      26.6652 
         400      31.6468  0.000163988 -3.48103e-06      26.6652 
         400      31.8194  0.000163942 -3.42867e-06      26.6652 
         400      31.9926  0.000163909 -3.37811e-06      26.6652 
         400      32.1662   0.00016389 -3.33258e-06      26.6652 
         400      32.3404  0.000163887 -3.29511e-06      26.6652 
         400      32.5149  0.000163899 -3.26856e-06      26.6652 
         400        32.69  0.000163925 -3.25502e-06      26.6652 
         400      32.8655   0.00016396 -3.25564e-06      26.6652 
         400      33.0414  0.000163998 -3.27007e-06      26.6652 
         400       33.218   0.00016403 -3.29606e-06      26.6652 
         400      33.3948  0.000164044 -3.32882e-06      26.6652 
         400      33.5723  0.000164023 -3.36052e-06      26.6652 
         400        33.75  0.000163946 -3.37951e-06      26.6652 
         400      33.9284  0.000163794  -3.3687e-06      26.6652 
         400      34.1073  0.000163942  -3.2522e-06      26.6652 
         400      34.2865  0.000164075 -3.18066e-06      26.6652 
         400      34.4663  0.000164191 -3.13895e-06      26.6652 
         400      34.6465  0.000164288 -3.11509e-06      26.6652 
         400      34.8272  0.000164366 -3.09974e-06      26.6652 
         400      35.0083  0.000164425 -3.08616e-06      26.6652 
         400        35.19  0.000164464 -3.07001e-06      26.6652 
         400      35.3721  0.000164484 -3.04919e-06      26.6652 
         400      35.5546  0.000164485 -3.02371e-06      26.6652 
         400      35.7377  0.000164465 -2.99541e-06      26.6652 
         400      35.9211  0.000164425 -2.96802e-06      26.6652 
         400      36.1052  0.000164364 -2.94681e-06      26.6652 
         400      36.2895   0.00016428 -2.93863e-06      26.6652 
         400      36.4745  0.000164171 -2.95169e-06      26.6652 
         400      36.6598  0.000164037 -2.99545e-06      26.6652 
         400      36.8457  0.000163873 -3.08064e-06      26.6652 
         400      37.0321  0.000164034 -3.15754e-06      26.6652 
         400      37.2188  0.000164181 -3.19743e-06      26.6652 
         400      37.4062    0.0001643 -3.20939e-06      26.6652 
         400      37.5938   0.00016439 -3.20141e-06      26.6652 
         400      37.7821  0.000164453 -3.18086e-06      26.6652 
         400      37.9707   0.00016449 -3.15442e-06      26.6652 
         400      38.1599  0.000164505 -3.12776e-06      26.6652 
         400      38.3496  0.000164499 -3.10563e-06      26.6652 
         400      38.5396  0.000164478 -3.09164e-06      26.6652 
         400      38.7302  0.000164444 -3.08826e-06      26.6652 
         400      38.9211  0.000164402 -3.09675e-06      26.6652 
         400      39.1127  0.000164357 -3.11726e-06      26.6652 
         400      39.3046  0.000164312 -3.14871e-06      26.6652 
         400      39.4971  0.000164271 -3.18902e-06      26.6652 
         400      39.6899   0.00016424 -3.23504e-06      26.6652 
         400      39.8833   0.00016422 -3.28289e-06      26.6652 
         400      40.0772  0.000164214 -3.32792e-06      26.6652 
         400      40.2714  0.000164224 -3.36502e-06      26.6652 
         400      40.4663   0.00016425 -3.38899e-06      26.6652 
         400      40.6615  0.000164292  -3.3946e-06      26.6652 
         400      40.8573  0.000164347 -3.37712e-06      26.6652 
         400      41.0534   0.00016441 -3.33267e-06      26.6652 
         400      41.2501  0.000164474 -3.25853e-06      26.6652 
         400      41.4473  0.000164532 -3.15384e-06      26.6652 
         400      41.6448   0.00016457 -3.02013e-06      26.6652 
         400      41.8429  0.000164574 -2.86151e-06      26.6652 
         400      42.0414  0.000164569 -2.76598e-06      26.6652 
         400      42.2405   0.00016459 -2.79477e-06      26.6652 
         400      42.4399  0.000164583  -2.8262e-06      26.6652 
         400      42.6399  0.000164559 -2.85702e-06      26.6652 
         400      42.8404  0.000164524  -2.8846e-06      26.6652 
         400      43.0412  0.000164484  -2.9069e-06      26.6652 
         400      43.2426  0.000164444 -2.92249e-06      26.6652 
         400      43.4444  0.000164408 -2.93036e-06      26.6652 
         400      43.6467  0.000164378 -2.92994e-06      26.6652 
         400      43.8494  0.000164357 -2.92106e-06      26.6652 
         400      44.0527  0.000164344 -2.90382e-06      26.6652 
         400      44.2563  0.000164341 -2.87862e-06      26.6652 
         400      44.4606  0.000164347 -2.84603e-06      26.6652 
         400      44.6653  0.000164361 -2.80685e-06      26.6652 
         400      44.8704  0.000164382 -2.76201e-06      26.6652 
         400       45.076  0.000164409 -2.71243e-06      26.6652 
         400       45.282  0.000164441 -2.65921e-06      26.6652 
         400      45.4886  0.000164475 -2.60334e-06      26.6652 
         400      45.6955   0.00016451 -2.54593e-06      26.6652 
         400       45.903  0.000164544  -2.4879e-06      26.6652 
         400      46.1111  0.000164576 -2.43022e-06      26.6652 
         400      46.3194  0.000164605 -2.37378e-06      26.6652 
         400      46.5283  0.000164628 -2.31927e-06      26.6652 
         400      46.7376  0.000164646 -2.26741e-06      26.6652 
         400      46.9475  0.000164658 -2.21867e-06      26.6652 
         400      47.1577  0.000164664 -2.17356e-06      26.6652 
         400      47.3685  0.000164664 -2.13235e-06      26.6652 
         400      47.5798   0.00016466 -2.09533e-06      26.6652 
         400      47.7914  0.000164652 -2.06269e-06      26.6652 
         400      48.0037  0.000164643 -2.03451e-06      26.6652 
         400      48.2162  0.000164635 -2.01094e-06      26.6652 
         400      48.4294  0.000164632 -1.99209e-06      26.6652 
         400      48.6429  0.000164636 -1.97818e-06      26.6652 
         400       48.857  0.000164652  -1.9695e-06      26.6652 
         400      49.0714  0.000164684 -1.96655e-06      26.6652 
         400      49.2865  0.000164723 -1.95985e-06      26.6652 
         400       49.502  0.000164719 -1.96015e-06      26.6652 
         400      49.7179  0.000164687 -1.99116e-06      26.6652 
         400      49.9343  0.000164632 -2.04255e-06      26.6652 
         400      50.1511  0.000164563 -2.10369e-06      26.6652 
         400      50.3685  0.000164485 -2.16399e-06      26.6652 
         400      50.5862  0.000164409 -2.21268e-06      26.6652 
         400      50.8046  0.000164344 -2.23929e-06      26.6652 
         400      51.0234  0.000164301 -2.23341e-06      26.6652 
         400      51.2425  0.000164317 -2.27238e-06      26.6652 
         400      51.4623  0.000164391 -2.36633e-06      26.6652 
         400      51.6824  0.000164474 -2.41248e-06      26.6651 
         400      51.9031  0.000164555 -2.41996e-06      26.6651 
         400      52.1241  0.000164625 -2.39604e-06      26.6651 
         400      52.3457  0.000164678 -2.34637e-06      26.6651 
         400      52.5676  0.000164707 -2.27538e-06      26.6651 
         400      52.7902   0.00016471 -2.18619e-06      26.6651 
         400      53.0133  0.000164684 -2.08113e-06      26.6651 
         400      53.2366  0.000164628 -1.96181e-06      26.6651 
         400      53.4606  0.000164628 -2.05885e-06      26.6651 
         400      53.6849   0.00016464 -2.15925e-06      26.6651 
         400      53.9099  0.000164654 -2.24129e-06      26.6651 
         400      54.1351  0.000164671 -2.30606e-06      26.6651 
         400       54.361  0.000164688 -2.35514e-06      26.6651 
         400      54.5873  0.000164704 -2.39012e-06      26.6651 
         400      54.8139  0.000164718  -2.4127e-06      26.6651 
         400      55.0412  0.000164732 -2.42461e-06      26.6651 
         400      55.2688  0.000164744 -2.42747e-06      26.6651 
         400       55.497  0.000164754  -2.4228e-06      26.6651 
         400      55.7255  0.000164764 -2.41192e-06      26.6651 
         400      55.9547  0.000164772 -2.39595e-06      26.6651 
         400      56.1844   0.00016478 -2.37579e-06      26.6651 
         400      56.4143  0.000164788 -2.35211e-06      26.6651 
         400      56.6449  0.000164796  -2.3253e-06      26.6651 
         400      56.8757  0.000164804 -2.29562e-06      26.6651 
         400      57.1072  0.000164812 -2.26305e-06      26.6651 
         400       57.339  0.000164821 -2.22754e-06      26.6651 
         400      57.5715   0.00016483 -2.18884e-06      26.6651 
         400      57.8042  0.000164838 -2.14687e-06      26.6651 
         400      58.0376  0.000164847  -2.1015e-06      26.6651 
         400      58.2715  0.000164855 -2.05292e-06      26.6651 
         400      58.5057  0.000164861  -2.0017e-06      26.6651 
         400      58.7405  0.000164866 -1.94879e-06      26.6651 
         400      58.9756  0.000164868 -1.89597e-06      26.6651 
         400      59.2113  0.000164867 -1.84575e-06      26.6651 
         400      59.4473  0.000164863 -1.80185e-06      26.6651 
         400       59.684  0.000164855 -1.76919e-06      26.6651 
         400      59.9212  0.000164842 -1.75437e-06      26.6651 
         400      60.1586  0.000164826 -1.76578e-06      26.6651 
         400      60.3967  0.000164805 -1.81401e-06      26.6651 
         400      60.6351  0.000164782 -1.91204e-06      26.6651 
         400      60.8741  0.000164761 -2.02938e-06      26.6651 
         400      61.1135  0.000164762 -1.88483e-06      26.6651 
         400      61.3534  0.000164771  -1.7778e-06      26.6651 
         400      61.5939  0.000164787 -1.70084e-06      26.6651 
         400      61.8346  0.000164808  -1.6474e-06      26.6651 
         400       62.076  0.000164835 -1.61179e-06      26.6651 
         400      62.3177  0.000164866  -1.5893e-06      26.6651 
         400        62.56    0.0001649 -1.57595e-06      26.6651 
         400      62.8026  0.000164936 -1.56853e-06      26.6651 
         400      63.0459  0.000164974 -1.56445e-06      26.6651 
         400      63.2894  0.000165012 -1.56171e-06      26.6651 
         400      63.5336  0.000165051 -1.55883e-06      26.6651 
         400      63.7783  0.000165088  -1.5548e-06      26.6651 
         400      64.0233  0.000165124   -1.549e-06      26.6651 
         400      64.2689  0.000165158 -1.54112e-06      26.6651 
         400      64.5148  0.000165188 -1.53116e-06      26.6651 
         400      64.7613  0.000165216 -1.51932e-06      26.6651 
         400      65.0082   0.00016524   -1.506e-06      26.6651 
         400      65.2557   0.00016526  -1.4917e-06      26.6651 
         400      65.5036  0.000165275 -1.47702e-06      26.6651 
         400      65.7519  0.000165286 -1.46261e-06      26.6651 
         400      66.0008  0.000165292 -1.44909e-06      26.6651 
         400        66.25  0.000165294 -1.43709e-06      26.6651 
         400      66.4998  0.000165292 -1.42714e-06      26.6651 
         400        66.75  0.000165285 -1.41974e-06      26.6651 
         400      67.0007  0.000165274 -1.41523e-06      26.6651 
         400      67.2518   0.00016526 -1.41387e-06      26.6651 
         400      67.5035  0.000165242 -1.41575e-06      26.6651 
         400      67.7557  0.000165222 -1.42086e-06      26.6651 
         400      68.0082    0.0001652 -1.42901e-06      26.6651 
         400      68.2614  0.000165176 -1.43991e-06      26.6651 
         400      68.5148  0.000165152 -1.45309e-06      26.6651 
         400      68.7688  0.000165128 -1.46802e-06      26.6651 
         400      69.0232  0.000165105 -1.48402e-06      26.6651 
         400      69.2782  0.000165084 -1.50041e-06      26.6651 
         400      69.5337  0.000165066 -1.51641e-06      26.6651 
         400      69.7895  0.000165051 -1.53128e-06      26.6651 
         400      70.0459  0.000165042 -1.54433e-06      26.6651 
         400      70.3026  0.000165037 -1.55496e-06      26.6651 
         400        70.56  0.000165039 -1.56277e-06      26.6651 
         400      70.8176  0.000165047 -1.56755e-06      26.6651 
         400      71.0759  0.000165064 -1.56945e-06      26.6651 
         400      71.3347  0.000165089 -1.56899e-06      26.6651 
         400      71.5938  0.000165122 -1.56718e-06      26.6651 
         400      71.8535  0.000165165 -1.56563e-06      26.6651 
         400      72.1135  0.000165216 -1.56665e-06      26.6651 
         400      72.3741  0.000165277 -1.57337e-06      26.6651 
         400       72.635  0.000165262 -1.57244e-06      26.6651 
         400      72.8967  0.000165151 -1.55187e-06      26.6651 
         400      73.1585   0.00016508 -1.53283e-06      26.6651 
         400      73.4211  0.000165049 -1.51287e-06      26.6651 
         400      73.6841  0.000165057 -1.48999e-06      26.6651 
         400      73.9473  0.000165099 -1.46295e-06      26.6651 
         400      74.2113  0.000165168  -1.4315e-06      26.6651 
         400      74.4755  0.000165254 -1.39688e-06      26.6651 
         400      74.7404  0.000165343 -1.36198e-06      26.6651 
         400      75.0056  0.000165419  -1.3319e-06      26.6651 
         400      75.2714  0.000165403 -1.30115e-06      26.6651 
         400      75.5377  0.000165337 -1.24464e-06      26.6651 
         400      75.8043  0.000165259 -1.16834e-06      26.6651 
         400      76.0715   0.00016518 -1.08051e-06      26.6651 
         400       76.339  0.000165111 -9.90768e-07      26.6651 
         400      76.6072  0.000165065 -9.09774e-07      26.6651 
         400      76.8756   0.00016506  -8.4988e-07      26.6651 
         400      77.1448  0.000165097 -8.74123e-07      26.6651 
         400      77.4141  0.000165126 -9.05725e-07      26.6651 
         400      77.6842  0.000165148 -9.40371e-07      26.6651 
         400      77.9547  0.000165166 -9.76681e-07      26.6651 
         400      78.2255  0.000165179 -1.01341e-06      26.6651 
         400       78.497  0.000165189 -1.04955e-06      26.6651 
         400      78.7687  0.000165198 -1.08409e-06      26.6651 
         400      79.0411  0.000165205 -1.11629e-06      26.6651 
         400      79.3138  0.000165212 -1.14538e-06      26.6651 
         400      79.5872  0.000165219 -1.17084e-06      26.6651 
         400       79.861  0.000165226 -1.19218e-06      26.6651 
         400      80.1351  0.000165233 -1.20903e-06      26.6651 
         400      80.4098   0.00016524 -1.22114e-06      26.6651 
         400      80.6849  0.000165249 -1.22833e-06      26.6651 
         400      80.9606  0.000165257 -1.23053e-06      26.6651 
         400      81.2365  0.000165266 -1.22773e-06       26.665 
         400      81.5132  0.000165275    -1.22e-06       26.665 
         400      81.7903  0.000165284 -1.20749e-06       26.665 
         400      82.0676  0.000165293 -1.19043e-06       26.665 
         400      82.3457  0.000165302 -1.16904e-06       26.665 
         400       82.624   0.00016531 -1.14369e-06       26.665 
         400       82.903  0.000165317 -1.11469e-06       26.665 
         400      83.1822  0.000165324  -1.0825e-06       26.665 
         400      83.4622  0.000165329  -1.0475e-06       26.665 
         400      83.7424  0.000165333 -1.01021e-06       26.665 
         400      84.0232  0.000165336  -9.7105e-07       26.665 
         400      84.3046  0.000165338 -9.30557e-07       26.665 
         400      84.5862  0.000165339 -8.89269e-07       26.665 
         400      84.8685  0.000165338 -8.47629e-07       26.665 
         400       85.151  0.000165337 -8.06208e-07       26.665 
         400      85.4342  0.000165334 -7.65436e-07       26.665 
         400      85.7177  0.000165331 -7.25855e-07       26.665 
         400      86.0019  0.000165327 -6.87857e-07       26.665 
         400      86.2865  0.000165323   -6.519e-07       26.665 
         400      86.5714  0.000165318   -6.184e-07       26.665 
         400       86.857  0.000165314 -5.87651e-07       26.665 
         400      87.1428  0.000165311 -5.60002e-07       26.665 
         400      87.4293  0.000165308 -5.35652e-07       26.665 
         400      87.7161  0.000165306 -5.14825e-07       26.665 
         400      88.0035  0.000165306 -4.97605e-07       26.665 
         400      88.2914  0.000165307 -4.84053e-07       26.665 
         400      88.5796   0.00016531 -4.74139e-07       26.665 
         400      88.8685  0.000165314 -4.67727e-07       26.665 
         400      89.1576   0.00016532 -4.64614e-07       26.665 
         400      89.4474  0.000165327 -4.64484e-07       26.665 
         400      89.7374  0.000165336 -4.66923e-07       26.665 
         400      90.0282  0.000165345 -4.71411e-07       26.665 
         400      90.3192  0.000165354 -4.77301e-07       26.665 
         400      90.6109  0.000165361 -4.83843e-07       26.665 
         400       90.903  0.000165366 -4.90142e-07       26.665 
         400      91.1954  0.000165367 -4.95174e-07       26.665 
         400      91.4885  0.000165362 -4.97787e-07       26.665 
         400      91.7819  0.000165349 -4.96675e-07       26.665 
         400      92.0759  0.000165325 -4.90383e-07       26.665 
         400      92.3702  0.000165287 -4.77316e-07       26.665 
         400      92.6652  0.000165231 -4.55684e-07       26.665 
         400      92.9606  0.000165153 -4.23562e-07       26.665 
         400      93.2563  0.000165174 -3.88926e-07       26.665 
         400      93.5527  0.000165382  -3.7592e-07       26.665 
         400      93.8493  0.000165517 -3.70923e-07       26.665 
         400      94.1466  0.000165595 -3.72327e-07       26.665 
         400      94.4442  0.000165627  -3.7873e-07       26.665 
         400      94.7425  0.000165627 -3.88909e-07       26.665 
         400       95.041  0.000165605 -4.01743e-07       26.665 
         400      95.3402   0.00016557  -4.1625e-07       26.665 
         400      95.6399  0.000165529 -4.31483e-07       26.665 
         400      95.9398  0.000165488 -4.46539e-07       26.665 
         400      96.2404  0.000165451 -4.60562e-07       26.665 
         400      96.5412  0.000165423 -4.72646e-07       26.665 
         400      96.8428  0.000165403 -4.81894e-07       26.665 
         400      97.1446  0.000165393 -4.87329e-07       26.665 
         400      97.4471  0.000165389 -4.87931e-07       26.665 
         400      97.7501   0.00016539 -4.82585e-07       26.665 
         400      98.0533   0.00016539 -4.70106e-07       26.665 
         400      98.3572  0.000165382 -4.49177e-07       26.665 
         400      98.6613  0.000165359 -4.18431e-07       26.665 
         400      98.9662  0.000165311  -3.7631e-07       26.665 
         400      99.2712  0.000165226 -3.21266e-07       26.665 
         400       99.577  0.000165091 -2.51491e-07       26.665 
         400      99.8833  0.000165534 -2.62835e-07       26.665 
         400       100.19  0.000165854 -2.74391e-07       26.665 
         400      100.497  0.000166052 -2.83556e-07       26.665 
         400      100.804   0.00016615 -2.90568e-07       26.665 
         400      101.113  0.000166167 -2.95663e-07       26.665 
         400      101.421  0.000166121 -2.99029e-07       26.665 
         400       101.73  0.000166026 -3.00841e-07       26.665 
         400      102.039  0.000165898 -3.01241e-07       26.665 
         400      102.349  0.000165747 -3.00352e-07       26.665 
         400       102.66  0.000165585 -2.98272e-07       26.665 
         400      102.971  0.000165421 -2.95085e-07       26.665 
         400      103.282  0.000165262 -2.90847e-07       26.665 
         400      103.594  0.000165115 -2.85612e-07       26.665 
         400      103.906  0.000164984 -2.79404e-07       26.665 
         400      104.219  0.000164874 -2.72255e-07       26.665 
         400      104.532  0.000164788 -2.64165e-07       26.665 
         400      104.846  0.000164728 -2.55145e-07       26.665 
         400       105.16  0.000164695 -2.45206e-07       26.665 
         400      105.474  0.000164689 -2.34332e-07       26.665 
         400      105.789   0.00016471 -2.22544e-07       26.665 
         400      106.105  0.000164757  -2.0983e-07       26.665 
         400      106.421  0.000164828 -1.96226e-07       26.665 
         400      106.738  0.000164922 -1.81734e-07       26.665 
         400      107.055  0.000165034 -1.66408e-07       26.665 
         400      107.372  0.000165163 -1.50317e-07       26.665 
         400       107.69  0.000165306 -1.33516e-07       26.665 
         400      108.008  0.000165458 -1.16138e-07       26.665 
         400      108.327  0.000165616 -9.82889e-08       26.665 
         400      108.646  0.000165776 -8.01649e-08       26.665 
         400      108.966  0.000165936 -6.19426e-08       26.665 
         400      109.286   0.00016609 -4.38982e-08       26.665 
         400      109.607  0.000166235 -2.62969e-08       26.665 
         400      109.928  0.000166367 -9.49846e-09       26.665 
         400       110.25  0.000166484  6.08387e-09       26.665 
         400      110.572  0.000166581  2.00128e-08       26.665 
         400      110.895  0.000166656  3.17382e-08       26.665 
         400      111.218  0.000166706  4.06789e-08       26.665 
         400      111.541  0.000166729  4.61443e-08       26.665 
         400      111.865  0.000166722  4.73831e-08       26.665 
         400       112.19  0.000166684  4.35404e-08       26.665 
         400      112.515  0.000166613  3.36826e-08      26.6649 
         400       112.84  0.000166509  1.67497e-08      26.6649 
         400      113.166  0.000166371 -8.38191e-09      26.6649 
         400      113.492  0.000166199 -4.30183e-08      26.6649 
         400      113.819  0.000165994 -8.84896e-08      26.6649 
         400      114.147  0.000165756 -1.46383e-07      26.6649 
         400      114.474  0.000165562 -1.74108e-07      26.6649 
         400      114.803  0.000165469  -1.1301e-07      26.6649 
         400      115.131  0.000165316 -6.08078e-08      26.6649 
         400       115.46  0.000165127 -1.86336e-08      26.6649 
         400       115.79  0.000164925  1.29624e-08      26.6649 
         400       116.12  0.000164732  3.37688e-08      26.6649 
         400      116.451  0.000164563  4.40849e-08      26.6649 
         400      116.782  0.000164434  4.45532e-08      26.6649 
         400      117.113  0.000164357  3.61907e-08      26.6649 
         400      117.446  0.000164339  2.03243e-08       26.665 
         400      117.778  0.000164386 -1.42724e-09       26.665 
         400      118.111  0.000164502 -2.72828e-08       26.665 
         400      118.444  0.000164682 -5.52249e-08       26.665 
         400      118.778  0.000164921 -8.32179e-08       26.665 
         400      119.112  0.000165208 -1.09101e-07       26.665 
         400      119.447  0.000165525 -1.30829e-07       26.665 
         400      119.783  0.000165849 -1.46398e-07       26.665 
         400      120.118  0.000166149 -1.54009e-07       26.665 
         400      120.455  0.000166385 -1.52153e-07       26.665 
         400      120.791  0.000166509  -1.3967e-07       26.665 
         400      121.128  0.000166462 -1.15834e-07       26.665 
         400      121.466  0.000166172 -8.05355e-08       26.665 
         400      121.804  0.000165555 -3.42364e-08       26.665 
         400      122.143  0.000164512  2.16952e-08       26.665 
         400      122.482  0.000162926  8.51555e-08       26.665 
         400      122.821  0.000160664  1.52886e-07       26.665 
         400      123.161  0.000164868  1.25694e-07       26.665 
         400      123.502  0.000167747  9.67184e-08       26.665 
         400      123.843  0.000169348   6.9162e-08       26.665 
         400      124.184  0.000169945  4.30029e-08       26.665 
         400      124.526  0.000169775   1.8321e-08       26.665 
         400      124.868  0.000169044 -4.87229e-09       26.665 
         400      125.211  0.000167931 -2.64959e-08       26.665 
         400      125.554   0.00016659 -4.64658e-08      26.6649 
         400      125.898  0.000165145 -6.47405e-08      26.6649 
         400      126.242  0.000163706 -8.12148e-08      26.6649 
         400      126.587  0.000162353 -9.58388e-08      26.6649 
         400      126.932  0.000161156 -1.08516e-07      26.6649 
         400      127.278  0.000160163 -1.19196e-07      26.6649 
         400      127.624   0.00015941 -1.27808e-07      26.6649 
         400      127.971  0.000158917 -1.34295e-07      26.6649 
         400      128.318  0.000158695 -1.38626e-07      26.6649 
         400      128.665  0.000158743 -1.40769e-07      26.6649 
         400      129.013  0.000159051 -1.40717e-07      26.6649 
         400      129.361  0.000159603 -1.38479e-07      26.6649 
         400       129.71  0.000160376 -1.34081e-07      26.6649 
         400       130.06  0.000161342 -1.27583e-07      26.6649 
         400       130.41  0.000162471  -1.1905e-07       26.665 
         400       130.76  0.000163726 -1.08593e-07       26.665 
         400      131.111   0.00016507 -9.63543e-08       26.665 
         400      131.462  0.000166467 -8.24786e-08       26.665 
         400      131.814  0.000167877 -6.71846e-08       26.665 
         400      132.166  0.000169261  -5.0679e-08       26.665 
         400      132.519   0.00017058 -3.32553e-08       26.665 
         400      132.872  0.000171797 -1.51907e-08       26.665 
         400      133.226  0.000172876  3.15618e-09       26.665 
         400       133.58  0.000173778  2.13848e-08       26.665 
         400      133.934   0.00017447  3.90962e-08       26.665 
         400      134.289  0.000174916  5.57902e-08       26.665 
         400      134.645  0.000175082  7.09762e-08       26.665 
         400          135  0.000174935  8.40666e-08      26.6651 
         400      135.357  0.000174439  9.44708e-08      26.6651 
         400      135.714  0.000173558  1.01513e-07      26.6651 
         400      136.071  0.000172524  1.12208e-07      26.6651 
         400      136.429  0.000171374  1.23983e-07      26.6651 
         400      136.787  0.000170016  1.33176e-07      26.6651 
         400      137.146  0.000168467  1.39879e-07       26.665 
         400      137.505  0.000166759  1.44175e-07       26.665 
         400      137.865  0.000164931  1.46188e-07       26.665 
         400      138.225  0.000163031  1.46047e-07       26.665 
         400      138.586  0.000161113  1.43903e-07       26.665 
         400      138.947   0.00015924  1.39928e-07       26.665 
         400      139.309  0.000157478   1.3431e-07       26.665 
         400      139.671  0.000155893  1.27244e-07       26.665 
         400      140.033  0.000154558  1.18954e-07       26.665 
         400      140.397  0.000153541  1.09655e-07       26.665 
         400       140.76  0.000152908  9.95962e-08       26.665 
         400      141.124   0.00015272   8.9004e-08       26.665 
         400      141.488  0.000153029  7.81328e-08       26.665 
         400      141.853  0.000153877  6.72381e-08       26.665 
         400      142.219  0.000155292  5.65459e-08       26.665 
         400      142.584  0.000157283  4.63099e-08       26.665 
         400      142.951  0.000159843  3.67386e-08       26.665 
         400      143.317  0.000162932  2.80564e-08      26.6649 
         400      143.685  0.000166494  2.04371e-08      26.6649 
         400      144.052  0.000170425  1.40539e-08      26.6649 
         400      144.421    0.0001746  9.02544e-09      26.6649 
         400      144.789  0.000178841   5.4472e-09      26.6649 
         400      145.158  0.000182923  3.36468e-09      26.6649 
         400      145.528  0.000186578   2.7663e-09      26.6649 
         400      145.898  0.000189471  3.58468e-09      26.6649 
         400      146.269   0.00019121  5.68455e-09      26.6649 
         400       146.64  0.000191331   8.8496e-09      26.6649 
         400      147.011  0.000189292  1.27862e-08      26.6649 
         400      147.383  0.000184472  1.70982e-08      26.6649 
         400      147.755  0.000176166  2.12837e-08      26.6649 
         400      148.128  0.000163553  2.47358e-08      26.6649 
         400      148.502  0.000145742  2.67101e-08      26.6649 
         400      148.876   0.00012168  2.63329e-08      26.6649 
         400       149.25  9.02625e-05  2.25795e-08      26.6649 
         400      149.625  5.01656e-05  1.42558e-08      26.6649 
         400          150  1.18629e-18  3.77414e-22      26.6649 
