Variables = x, y, u, v, p

Zone, I=800, F=POINT
         450            0            0            0     -26.7298 
         450     0.000234 -3.54189e-06 -8.27754e-12     -26.7298 
         450     0.000939 -1.32393e-05 -1.35693e-10     -26.7298 
         450     0.002113 -2.64079e-05 -6.85614e-10     -26.7298 
         450     0.003759 -3.94623e-05  -2.1543e-09     -26.7298 
         450     0.005872 -4.87999e-05 -5.20275e-09     -26.7298 
         450     0.008457 -5.19325e-05  -1.0651e-08     -26.7298 
         450      0.01151 -4.81063e-05 -1.94211e-08     -26.7298 
         450     0.015036 -3.85232e-05 -3.25409e-08     -26.7298 
         450     0.019031 -2.59012e-05 -5.10529e-08     -26.7298 
         450     0.023493 -1.34276e-05 -7.59976e-08     -26.7298 
         450     0.028429 -3.42534e-06 -1.08428e-07     -26.7298 
         450     0.033831   3.6908e-06  -1.4922e-07     -26.7298 
         450     0.039706  9.79025e-06 -1.99224e-07     -26.7298 
         450     0.046047  1.80214e-05 -2.59013e-07     -26.7298 
         450     0.052863  3.05831e-05 -3.29107e-07     -26.7298 
         450      0.06015  4.60043e-05 -4.09675e-07     -26.7298 
         450       0.0679    5.862e-05 -5.00569e-07     -26.7298 
         450     0.076126  6.54203e-05 -6.01619e-07     -26.7298 
         450     0.084816  8.28543e-05 -7.12078e-07     -26.7298 
         450     0.093982  9.38728e-05 -8.31218e-07     -26.7298 
         450     0.103611  0.000106232 -9.57722e-07     -26.7298 
         450     0.113718   0.00011919 -1.09037e-06     -26.7298 
         450     0.124286   0.00013216 -1.22731e-06     -26.7298 
         450     0.135333  0.000144805 -1.36693e-06     -26.7298 
         450      0.14685   0.00015696 -1.50709e-06     -26.7298 
         450     0.158827   0.00016861 -1.64553e-06     -26.7298 
         450     0.171284  0.000179838 -1.78027e-06     -26.7298 
         450     0.184201  0.000190666 -1.90882e-06     -26.7298 
         450     0.197599  0.000201043 -2.02912e-06     -26.7298 
         450     0.211455  0.000210758 -2.13874e-06     -26.7298 
         450     0.225792  0.000219618 -2.23576e-06     -26.7298 
         450       0.2406   0.00022772  -2.3181e-06     -26.7298 
         450     0.255865  0.000235532 -2.38393e-06     -26.7298 
         450     0.271613  0.000242372 -2.43161e-06     -26.7298 
         450     0.287818  0.000248559 -2.45956e-06     -26.7298 
         450     0.304506  0.000254106 -2.46671e-06     -26.7298 
         450      0.32165  0.000259018 -2.45215e-06     -26.7298 
         450     0.339278  0.000263329 -2.41514e-06     -26.7298 
         450     0.357377   0.00026707 -2.35523e-06     -26.7298 
         450      0.37593   0.00027028 -2.27226e-06     -26.7298 
         450     0.394968  0.000273015 -2.16611e-06     -26.7298 
         450     0.414461  0.000275323 -2.03719e-06     -26.7298 
         450      0.43444   0.00027726 -1.88577e-06     -26.7298 
         450     0.454872  0.000278879  -1.7128e-06     -26.7298 
         450     0.475791   0.00028023 -1.51888e-06     -26.7298 
         450     0.497163  0.000281356 -1.30543e-06     -26.7298 
         450     0.519021  0.000282297 -1.07335e-06     -26.7298 
         450      0.54135  0.000283086 -8.24219e-07     -26.7298 
         450     0.564131  0.000283751 -5.59823e-07     -26.7298 
         450       0.5874  0.000284323 -2.81479e-07     -26.7298 
         450     0.611121  0.000284836  8.13721e-09     -26.7298 
         450      0.63533  0.000285259  3.05784e-07     -26.7298 
         450      0.65999  0.000285628   6.1227e-07     -26.7298 
         450     0.685139  0.000285931  9.24563e-07     -26.7298 
         450     0.710759  0.000286144  1.23891e-06     -26.7298 
         450     0.736828   0.00028624  1.55151e-06     -26.7298 
         450     0.763387  0.000286184  1.85937e-06     -26.7298 
         450     0.790396  0.000285934  2.15857e-06     -26.7298 
         450     0.817896  0.000285445  2.44619e-06     -26.7298 
         450     0.845843   0.00028467  2.71852e-06     -26.7298 
         450     0.874283  0.000283556  2.97286e-06     -26.7298 
         450      0.90317  0.000282055  3.20581e-06     -26.7298 
         450     0.932551  0.000280115  3.41495e-06     -26.7298 
         450     0.962401  0.000277691  3.59744e-06     -26.7298 
         450     0.992697  0.000274748  3.75081e-06     -26.7298 
         450      1.02349  0.000271246  3.87321e-06     -26.7298 
         450      1.05472  0.000267171   3.9626e-06     -26.7298 
         450      1.08645  0.000262503  4.01766e-06     -26.7298 
         450      1.11863  0.000257252   4.0372e-06     -26.7298 
         450       1.1513  0.000251426  4.02059e-06     -26.7298 
         450      1.18444   0.00024506  3.96762e-06     -26.7298 
         450      1.21802  0.000238204  3.87877e-06     -26.7298 
         450      1.25211  0.000230907  3.75495e-06     -26.7298 
         450      1.28663  0.000223253  3.59819e-06     -26.7298 
         450      1.32165  0.000215309  3.41093e-06     -26.7298 
         450      1.35712  0.000207173  3.19722e-06     -26.7298 
         450      1.39308  0.000198912  2.96166e-06     -26.7298 
         450      1.42951  0.000190601  2.71082e-06     -26.7298 
         450      1.46638  0.000182295  2.45296e-06     -26.7298 
         450      1.50375  0.000173987  2.19769e-06     -26.7298 
         450      1.54156  0.000165595  1.91581e-06     -26.7298 
         450      1.57987  0.000157388  1.63481e-06     -26.7298 
         450      1.61863  0.000149358  1.35649e-06     -26.7298 
         450      1.65788  0.000141457  1.07924e-06     -26.7298 
         450      1.69757  0.000133664   8.0256e-07     -26.7298 
         450      1.73776  0.000125939  5.25165e-07     -26.7298 
         450      1.77842  0.000118262  2.46614e-07     -26.7298 
         450      1.81952  0.000110616 -3.33546e-08     -26.7298 
         450      1.86113  0.000102971 -3.15546e-07     -26.7298 
         450      1.90316  9.53224e-05 -5.99692e-07     -26.7298 
         450      1.94571   8.7646e-05 -8.86301e-07     -26.7298 
         450      1.98869  7.99456e-05 -1.17482e-06     -26.7298 
         450      2.03217  7.22031e-05 -1.46552e-06     -26.7298 
         450      2.07612  6.44229e-05 -1.75784e-06     -26.7298 
         450      2.12051   5.6612e-05 -2.05114e-06     -26.7298 
         450       2.1654  4.87624e-05  -2.3454e-06     -26.7298 
         450      2.21073  4.08934e-05 -2.63958e-06     -26.7298 
         450      2.25656  3.30021e-05 -2.93357e-06     -26.7298 
         450      2.30283  2.51129e-05 -3.22628e-06     -26.7298 
         450       2.3496  1.72275e-05 -3.51754e-06     -26.7298 
         450      2.39685  9.36781e-06 -3.80651e-06     -26.7298 
         450      2.44452  1.55737e-06 -4.09238e-06     -26.7298 
         450      2.49271 -6.19775e-06 -4.37508e-06     -26.7298 
         450      2.54132 -1.38664e-05  -4.6537e-06     -26.7298 
         450      2.59044 -2.14414e-05 -4.92831e-06     -26.7299 
         450         2.64 -2.88912e-05  -5.1982e-06     -26.7299 
         450      2.69006 -3.62085e-05 -5.46362e-06     -26.7299 
         450      2.74056 -4.33636e-05 -5.72408e-06     -26.7299 
         450      2.79156 -5.03507e-05 -5.98006e-06     -26.7299 
         450      2.84304 -5.71481e-05 -6.23149e-06     -26.7299 
         450      2.89494 -6.37366e-05 -6.47843e-06     -26.7299 
         450      2.94735 -7.01144e-05 -6.72157e-06     -26.7299 
         450       3.0002  -7.6261e-05 -6.96089e-06     -26.7299 
         450      3.05355 -8.21777e-05 -7.19711e-06     -26.7299 
         450      3.10733 -8.78491e-05 -7.43016e-06     -26.7299 
         450      3.16163 -9.32795e-05 -7.66057e-06     -26.7299 
         450      3.21639 -9.84613e-05 -7.88811e-06     -26.7299 
         450      3.27158 -0.000103389 -8.11226e-06     -26.7299 
         450      3.32729 -0.000108068  -8.3326e-06     -26.7299 
         450      3.38342  -0.00011249 -8.54743e-06     -26.7299 
         450      3.44007 -0.000116659   -8.755e-06     -26.7299 
         450      3.49714  -0.00012056 -8.95197e-06     -26.7299 
         450      3.55472  -0.00012419 -9.13448e-06     -26.7299 
         450      3.61273 -0.000127525  -9.2967e-06     -26.7299 
         450      3.67125 -0.000130545 -9.43162e-06     -26.7299 
         450      3.73025  -0.00013321 -9.52983e-06     -26.7299 
         450      3.78967 -0.000135674 -9.68204e-06     -26.7299 
         450      3.84961 -0.000137949 -9.85672e-06     -26.7299 
         450      3.90996 -0.000139966 -1.00056e-05     -26.7299 
         450      3.97084 -0.000141739 -1.01271e-05     -26.7299 
         450      4.03214 -0.000143279 -1.02192e-05     -26.7299 
         450      4.09395 -0.000144584 -1.03377e-05     -26.7299 
         450      4.15624 -0.000145634 -1.06131e-05     -26.7299 
         450      4.21895 -0.000146494 -1.08389e-05     -26.7299 
         450      4.28217 -0.000147171 -1.10254e-05     -26.7299 
         450      4.34582 -0.000147672 -1.11808e-05     -26.7299 
         450      4.40998 -0.000148007 -1.13123e-05     -26.7299 
         450      4.47457 -0.000148183 -1.14254e-05     -26.7299 
         450      4.53968  -0.00014821 -1.15247e-05     -26.7299 
         450      4.60525 -0.000148097 -1.16131e-05     -26.7299 
         450      4.67125 -0.000147854 -1.16927e-05     -26.7299 
         450      4.73777  -0.00014749  -1.1765e-05     -26.7299 
         450       4.8047 -0.000147015   -1.183e-05     -26.7299 
         450      4.87216 -0.000146438 -1.18878e-05     -26.7299 
         450      4.94003 -0.000145769 -1.19373e-05     -26.7299 
         450      5.00843 -0.000145016 -1.19775e-05     -26.7299 
         450      5.07724 -0.000144189 -1.20066e-05     -26.7299 
         450      5.14658 -0.000143296 -1.20231e-05     -26.7299 
         450      5.21639 -0.000142344 -1.20254e-05     -26.7299 
         450      5.28661 -0.000141343 -1.20116e-05     -26.7299 
         450      5.35736 -0.000140298 -1.19806e-05     -26.7299 
         450      5.42852 -0.000139217 -1.19311e-05     -26.7299 
         450      5.50021 -0.000138104 -1.18624e-05     -26.7299 
         450      5.57231 -0.000136966 -1.17743e-05     -26.7299 
         450      5.64493 -0.000135807 -1.16669e-05     -26.7299 
         450      5.71803 -0.000134631  -1.1541e-05     -26.7299 
         450      5.79154 -0.000133445 -1.13981e-05     -26.7299 
         450      5.86558 -0.000132249 -1.12395e-05     -26.7299 
         450      5.94003 -0.000131049 -1.10679e-05     -26.7299 
         450      6.01501 -0.000129847 -1.08855e-05     -26.7299 
         450       6.0904 -0.000128648 -1.06954e-05     -26.7299 
         450      6.16632 -0.000127454 -1.04999e-05     -26.7299 
         450      6.24271 -0.000126271 -1.03019e-05     -26.7299 
         450       6.3195 -0.000125106 -1.01036e-05     -26.7299 
         450      6.39683 -0.000123962 -9.90577e-06     -26.7299 
         450      6.47457 -0.000122851 -9.70871e-06     -26.7299 
         450      6.55284 -0.000121781 -9.51022e-06     -26.7299 
         450      6.63152 -0.000120768 -9.30642e-06     -26.7299 
         450      6.71073 -0.000119825 -9.08978e-06     -26.7299 
         450      6.79034  -0.00011881 -8.93908e-06     -26.7299 
         450      6.87049 -0.000117793 -8.81732e-06     -26.7299 
         450      6.95111 -0.000116807 -8.70127e-06     -26.7299 
         450      7.03214 -0.000115854 -8.58321e-06     -26.7299 
         450       7.1137 -0.000114933 -8.45692e-06     -26.7299 
         450      7.19566 -0.000114041 -8.31862e-06     -26.7299 
         450      7.27816 -0.000113175 -8.16637e-06     -26.7299 
         450      7.36106 -0.000112329 -8.00113e-06     -26.7299 
         450      7.44451 -0.000111499 -7.82585e-06     -26.7299 
         450      7.52842 -0.000110678 -7.64641e-06     -26.7299 
         450      7.61273 -0.000109865 -7.47109e-06     -26.7299 
         450      7.69758 -0.000109053 -7.30996e-06     -26.7299 
         450      7.78283 -0.000108242 -7.17547e-06     -26.7299 
         450      7.86862 -0.000107431 -7.08102e-06     -26.7299 
         450      7.95481 -0.000106624 -7.04116e-06     -26.7299 
         450      8.04155 -0.000105826 -7.07027e-06     -26.7299 
         450      8.12868 -0.000105058 -6.98378e-06     -26.7299 
         450      8.21635 -0.000104315 -6.81898e-06     -26.7299 
         450      8.30449  -0.00010359 -6.67617e-06     -26.7299 
         450      8.39303 -0.000102882 -6.55036e-06     -26.7299 
         450      8.48211 -0.000102187 -6.43701e-06     -26.7299 
         450      8.57159 -0.000101505 -6.33266e-06     -26.7299 
         450      8.66161 -0.000100833 -6.23416e-06     -26.7299 
         450      8.75203 -0.000100173 -6.13934e-06     -26.7299 
         450      8.84299 -9.95206e-05 -6.04628e-06     -26.7299 
         450      8.93443 -9.88768e-05 -5.95385e-06     -26.7299 
         450      9.02626 -9.82412e-05 -5.86139e-06     -26.7299 
         450      9.11863 -9.76122e-05 -5.76847e-06     -26.7299 
         450      9.21139 -9.69905e-05 -5.67531e-06     -26.7299 
         450      9.30471 -9.63751e-05 -5.58218e-06     -26.7299 
         450      9.39841 -9.57667e-05 -5.48985e-06     -26.7299 
         450      9.49267 -9.51645e-05 -5.39898e-06     -26.7299 
         450      9.58739 -9.45693e-05 -5.31055e-06     -26.7299 
         450      9.68251 -9.39817e-05 -5.22553e-06     -26.7299 
         450      9.77817 -9.34012e-05 -5.14459e-06     -26.7299 
         450      9.87422  -9.2829e-05 -5.06851e-06     -26.7299 
         450      9.97083 -9.22648e-05 -4.99754e-06     -26.7299 
         450      10.0678 -9.17097e-05 -4.93177e-06     -26.7299 
         450      10.1654 -9.11633e-05 -4.87062e-06     -26.7299 
         450      10.2633 -9.06267e-05 -4.81307e-06     -26.7299 
         450      10.3618 -9.00991e-05  -4.7572e-06     -26.7299 
         450      10.4607 -8.95811e-05  -4.7004e-06     -26.7299 
         450      10.5601 -8.90728e-05 -4.63905e-06     -26.7299 
         450        10.66 -8.85728e-05  -4.5683e-06     -26.7299 
         450      10.7603 -8.80812e-05 -4.48224e-06       -26.73 
         450      10.8611  -8.7596e-05 -4.37329e-06       -26.73 
         450      10.9623 -8.71162e-05 -4.23266e-06       -26.73 
         450      11.0641 -8.66419e-05 -4.23623e-06       -26.73 
         450      11.1663  -8.6181e-05 -4.21522e-06       -26.73 
         450       11.269 -8.57341e-05 -4.16798e-06       -26.73 
         450      11.3721 -8.52987e-05 -4.10184e-06       -26.73 
         450      11.4757 -8.48723e-05 -4.02466e-06       -26.73 
         450      11.5798 -8.44502e-05 -3.94389e-06       -26.73 
         450      11.6844 -8.40289e-05 -3.86636e-06       -26.73 
         450      11.7894 -8.36044e-05 -3.79718e-06       -26.73 
         450       11.895 -8.31761e-05 -3.73939e-06       -26.73 
         450      12.0009 -8.27466e-05 -3.69291e-06       -26.73 
         450      12.1073 -8.23227e-05 -3.65353e-06       -26.73 
         450      12.2142 -8.19197e-05 -3.61221e-06       -26.73 
         450      12.3216 -8.15059e-05 -3.56088e-06       -26.73 
         450      12.4294 -8.10731e-05 -3.49811e-06       -26.73 
         450      12.5378 -8.06731e-05 -3.42389e-06       -26.73 
         450      12.6465 -8.02968e-05 -3.34458e-06       -26.73 
         450      12.7558  -7.9936e-05 -3.26495e-06       -26.73 
         450      12.8656 -7.95848e-05 -3.18868e-06       -26.73 
         450      12.9757 -7.92391e-05 -3.11831e-06       -26.73 
         450      13.0864 -7.88952e-05 -3.05521e-06       -26.73 
         450      13.1975 -7.85518e-05  -3.0001e-06       -26.73 
         450      13.3092 -7.82074e-05 -2.95276e-06       -26.73 
         450      13.4212 -7.78625e-05  -2.9125e-06       -26.73 
         450      13.5338 -7.75174e-05 -2.87803e-06       -26.73 
         450      13.6468 -7.71735e-05 -2.84777e-06       -26.73 
         450      13.7603 -7.68329e-05 -2.81986e-06       -26.73 
         450      13.8743 -7.64967e-05 -2.79227e-06       -26.73 
         450      13.9886 -7.61677e-05 -2.76301e-06       -26.73 
         450      14.1036 -7.58472e-05 -2.73006e-06       -26.73 
         450      14.2189 -7.55376e-05 -2.69171e-06       -26.73 
         450      14.3348   -7.524e-05 -2.64635e-06       -26.73 
         450       14.451 -7.49561e-05 -2.59286e-06       -26.73 
         450      14.5678 -7.46862e-05 -2.53036e-06       -26.73 
         450      14.6851 -7.44309e-05 -2.45855e-06       -26.73 
         450      14.8028 -7.41901e-05 -2.37768e-06       -26.73 
         450       14.921 -7.39626e-05  -2.2883e-06       -26.73 
         450      15.0396 -7.37471e-05 -2.19182e-06       -26.73 
         450      15.1588 -7.35414e-05 -2.08989e-06       -26.73 
         450      15.2783 -7.33431e-05   -1.985e-06       -26.73 
         450      15.3984 -7.31488e-05 -1.87981e-06       -26.73 
         450       15.519 -7.29551e-05 -1.77767e-06       -26.73 
         450        15.64 -7.27582e-05 -1.68227e-06       -26.73 
         450      15.7615 -7.25539e-05 -1.59734e-06       -26.73 
         450      15.8834 -7.23386e-05 -1.52699e-06       -26.73 
         450      16.0058 -7.21081e-05 -1.47509e-06       -26.73 
         450      16.1286 -7.18595e-05 -1.44545e-06       -26.73 
         450       16.252 -7.15902e-05 -1.44134e-06       -26.73 
         450      16.3759 -7.12989e-05 -1.46542e-06       -26.73 
         450      16.5002 -7.09863e-05  -1.5193e-06       -26.73 
         450       16.625  -7.0654e-05 -1.60345e-06       -26.73 
         450      16.7501 -7.03745e-05 -1.61247e-06       -26.73 
         450      16.8759  -7.0135e-05  -1.5689e-06       -26.73 
         450       17.002 -6.99197e-05 -1.49847e-06       -26.73 
         450      17.1287 -6.97403e-05 -1.38241e-06       -26.73 
         450      17.2557 -6.96113e-05 -1.19742e-06       -26.73 
         450      17.3834 -6.95496e-05  -9.1422e-07       -26.73 
         450      17.5115 -6.94978e-05  -7.2186e-07       -26.73 
         450      17.6399 -6.93009e-05 -9.83298e-07       -26.73 
         450       17.769 -6.91265e-05 -1.15119e-06       -26.73 
         450      17.8984 -6.89732e-05 -9.59303e-07       -26.73 
         450      18.0284 -6.88349e-05  -8.1758e-07       -26.73 
         450      18.1587 -6.87055e-05 -7.15607e-07       -26.73 
         450      18.2896 -6.85801e-05 -6.43905e-07       -26.73 
         450       18.421 -6.84551e-05 -5.94509e-07       -26.73 
         450      18.5528 -6.83283e-05 -5.60567e-07       -26.73 
         450      18.6851 -6.81978e-05 -5.36265e-07       -26.73 
         450      18.8178 -6.80632e-05 -5.16918e-07       -26.73 
         450      18.9511 -6.79243e-05 -4.98713e-07       -26.73 
         450      19.0847 -6.77819e-05 -4.78778e-07       -26.73 
         450      19.2189 -6.76366e-05 -4.54965e-07       -26.73 
         450      19.3535 -6.74899e-05 -4.25908e-07       -26.73 
         450      19.4886  -6.7343e-05 -3.90785e-07       -26.73 
         450      19.6242 -6.71974e-05 -3.49394e-07       -26.73 
         450      19.7602 -6.70547e-05  -3.0202e-07       -26.73 
         450      19.8968 -6.69159e-05 -2.49223e-07       -26.73 
         450      20.0337 -6.67823e-05 -1.92035e-07       -26.73 
         450      20.1712 -6.66546e-05 -1.31549e-07       -26.73 
         450      20.3091 -6.65334e-05 -6.92062e-08       -26.73 
         450      20.4475 -6.64187e-05   -6.338e-09       -26.73 
         450      20.5864 -6.63106e-05  5.55555e-08       -26.73 
         450      20.7257 -6.62086e-05  1.15029e-07       -26.73 
         450      20.8655 -6.61117e-05  1.70899e-07       -26.73 
         450      21.0058 -6.60189e-05  2.21974e-07       -26.73 
         450      21.1465 -6.59289e-05   2.6747e-07       -26.73 
         450      21.2877 -6.58403e-05  3.06742e-07       -26.73 
         450      21.4294 -6.57515e-05  3.39615e-07       -26.73 
         450      21.5716 -6.56613e-05  3.66206e-07       -26.73 
         450      21.7142 -6.55687e-05  3.87068e-07       -26.73 
         450      21.8573 -6.54732e-05  4.03263e-07       -26.73 
         450      22.0008  -6.5375e-05  4.16267e-07       -26.73 
         450      22.1449 -6.52752e-05  4.28106e-07       -26.73 
         450      22.2893 -6.51765e-05  4.41276e-07       -26.73 
         450      22.4344 -6.50828e-05   4.5883e-07       -26.73 
         450      22.5797 -6.50003e-05  4.84275e-07       -26.73 
         450      22.7257 -6.49375e-05  5.21688e-07     -26.7301 
         450      22.8721 -6.49057e-05  5.75562e-07     -26.7301 
         450      23.0189 -6.49197e-05  6.50773e-07     -26.7301 
         450      23.1663 -6.49257e-05  7.43498e-07     -26.7301 
         450       23.314 -6.47604e-05  7.89216e-07     -26.7301 
         450      23.4623  -6.4644e-05  8.02998e-07     -26.7301 
         450       23.611 -6.45643e-05  7.99864e-07     -26.7301 
         450      23.7602 -6.45104e-05  7.91383e-07     -26.7301 
         450        23.91 -6.44731e-05  7.86008e-07     -26.7301 
         450        24.06 -6.44446e-05  7.89406e-07     -26.7301 
         450      24.2107 -6.44186e-05  8.04827e-07     -26.7301 
         450      24.3617 -6.43901e-05  8.33391e-07     -26.7301 
         450      24.5133 -6.43552e-05  8.74522e-07     -26.7301 
         450      24.6653 -6.43116e-05  9.26074e-07     -26.7301 
         450      24.8178 -6.42576e-05  9.84889e-07     -26.7301 
         450      24.9708 -6.41931e-05  1.04681e-06     -26.7301 
         450      25.1242 -6.41188e-05  1.10707e-06     -26.7301 
         450      25.2781 -6.40364e-05  1.16068e-06     -26.7301 
         450      25.4324 -6.39485e-05  1.20234e-06     -26.7301 
         450      25.5873 -6.38587e-05  1.22698e-06     -26.7301 
         450      25.7426 -6.37715e-05   1.2297e-06     -26.7301 
         450      25.8984 -6.36921e-05  1.20602e-06     -26.7301 
         450      26.0546 -6.36266e-05  1.15207e-06     -26.7301 
         450      26.2114 -6.35818e-05   1.0645e-06     -26.7301 
         450      26.3686 -6.35657e-05  9.40755e-07     -26.7301 
         450      26.5262 -6.35989e-05  8.58054e-07     -26.7301 
         450      26.6844  -6.3607e-05  8.27875e-07     -26.7301 
         450      26.8429 -6.35814e-05  8.23769e-07     -26.7301 
         450       27.002 -6.35294e-05  8.37244e-07     -26.7301 
         450      27.1615 -6.34589e-05  8.60404e-07     -26.7301 
         450      27.3216 -6.33779e-05  8.86202e-07     -26.7301 
         450      27.4821 -6.32941e-05  9.08517e-07     -26.7301 
         450       27.643 -6.32152e-05  9.22372e-07     -26.7301 
         450      27.8044 -6.31474e-05  9.24093e-07     -26.7301 
         450      27.9663 -6.30965e-05  9.11364e-07     -26.7301 
         450      28.1287 -6.30662e-05  8.83304e-07     -26.7301 
         450      28.2914 -6.30584e-05   8.4061e-07     -26.7301 
         450      28.4548 -6.30722e-05  7.85397e-07     -26.7301 
         450      28.6185 -6.31039e-05  7.21453e-07     -26.7301 
         450      28.7828 -6.31458e-05  6.53851e-07     -26.7301 
         450      28.9475 -6.31859e-05  5.89208e-07     -26.7301 
         450      29.1126 -6.32068e-05  5.35399e-07     -26.7301 
         450      29.2784 -6.31856e-05  5.01274e-07     -26.7301 
         450      29.4444 -6.30922e-05  4.96708e-07     -26.7301 
         450       29.611 -6.31462e-05  4.76852e-07     -26.7301 
         450       29.778  -6.3181e-05  4.61743e-07     -26.7301 
         450      29.9456 -6.31456e-05  4.63731e-07     -26.7301 
         450      30.1137 -6.30728e-05  4.78632e-07     -26.7301 
         450      30.2821 -6.29877e-05  5.02627e-07     -26.7301 
         450      30.4511 -6.29085e-05  5.32333e-07     -26.7301 
         450      30.6204 -6.28473e-05  5.64627e-07     -26.7301 
         450      30.7903 -6.28112e-05  5.96802e-07     -26.7301 
         450      30.9606 -6.28029e-05   6.2635e-07     -26.7301 
         450      31.1315 -6.28216e-05  6.51148e-07     -26.7301 
         450      31.3028 -6.28635e-05  6.69274e-07     -26.7301 
         450      31.4745  -6.2923e-05  6.79105e-07     -26.7302 
         450      31.6468 -6.29931e-05  6.79317e-07     -26.7302 
         450      31.8194 -6.30659e-05  6.68865e-07     -26.7302 
         450      31.9926 -6.31337e-05  6.46991e-07     -26.7302 
         450      32.1662  -6.3189e-05  6.13326e-07     -26.7302 
         450      32.3404 -6.32254e-05  5.67778e-07     -26.7302 
         450      32.5149 -6.32377e-05  5.10793e-07     -26.7302 
         450        32.69 -6.32229e-05  4.43111e-07     -26.7302 
         450      32.8655 -6.31796e-05  3.66128e-07     -26.7302 
         450      33.0414 -6.31092e-05  2.81856e-07     -26.7302 
         450       33.218 -6.30153e-05  1.92776e-07     -26.7302 
         450      33.3948 -6.29046e-05  1.02398e-07     -26.7302 
         450      33.5723  -6.2786e-05  1.48154e-08     -26.7302 
         450        33.75 -6.26714e-05 -6.46265e-08     -26.7302 
         450      33.9284 -6.25749e-05 -1.29742e-07     -26.7302 
         450      34.1073 -6.25129e-05 -1.72906e-07     -26.7302 
         450      34.2865 -6.25039e-05 -1.85172e-07     -26.7302 
         450      34.4663 -6.25675e-05 -1.56059e-07     -26.7302 
         450      34.6465 -6.27242e-05 -7.33872e-08     -26.7302 
         450      34.8272 -6.29949e-05  7.71433e-08     -26.7302 
         450      35.0083 -6.34321e-05  4.12381e-07     -26.7302 
         450        35.19 -6.29809e-05  1.68717e-07     -26.7302 
         450      35.3721 -6.26918e-05   9.8386e-09     -26.7302 
         450      35.5546 -6.25274e-05  -8.5467e-08     -26.7302 
         450      35.7377 -6.24553e-05 -1.35063e-07     -26.7302 
         450      35.9211 -6.24487e-05 -1.53349e-07     -26.7302 
         450      36.1052 -6.24855e-05 -1.51955e-07     -26.7302 
         450      36.2895 -6.25474e-05 -1.39891e-07     -26.7302 
         450      36.4745 -6.26202e-05 -1.23877e-07     -26.7302 
         450      36.6598 -6.26931e-05 -1.08694e-07     -26.7302 
         450      36.8457  -6.2758e-05 -9.73786e-08     -26.7302 
         450      37.0321 -6.28098e-05 -9.15839e-08     -26.7302 
         450      37.2188 -6.28451e-05 -9.17842e-08     -26.7302 
         450      37.4062 -6.28628e-05 -9.75416e-08     -26.7302 
         450      37.5938 -6.28632e-05 -1.07729e-07     -26.7302 
         450      37.7821 -6.28476e-05 -1.20779e-07     -26.7302 
         450      37.9707 -6.28186e-05 -1.34825e-07     -26.7302 
         450      38.1599  -6.2779e-05 -1.47963e-07     -26.7302 
         450      38.3496 -6.27323e-05 -1.58333e-07     -26.7303 
         450      38.5396 -6.26818e-05 -1.64309e-07     -26.7303 
         450      38.7302 -6.26309e-05 -1.64624e-07     -26.7303 
         450      38.9211 -6.25827e-05 -1.58443e-07     -26.7303 
         450      39.1127 -6.25399e-05 -1.45436e-07     -26.7303 
         450      39.3046 -6.25046e-05 -1.25868e-07     -26.7303 
         450      39.4971 -6.24782e-05 -1.00532e-07     -26.7303 
         450      39.6899 -6.24616e-05  -7.0864e-08     -26.7303 
         450      39.8833 -6.24549e-05 -3.87494e-08     -26.7303 
         450      40.0772 -6.24573e-05   -6.606e-09     -26.7303 
         450      40.2714 -6.24678e-05  2.27903e-08     -26.7303 
         450      40.4663 -6.24844e-05  4.65156e-08     -26.7303 
         450      40.6615 -6.25049e-05  6.15224e-08     -26.7303 
         450      40.8573 -6.25271e-05  6.49939e-08     -26.7303 
         450      41.0534 -6.25486e-05  5.45134e-08     -26.7303 
         450      41.2501 -6.25673e-05  2.83738e-08     -26.7303 
         450      41.4473 -6.25819e-05 -1.40501e-08     -26.7303 
         450      41.6448 -6.25922e-05 -7.18835e-08     -26.7303 
         450      41.8429 -6.25995e-05 -1.42514e-07     -26.7303 
         450      42.0414  -6.2607e-05 -2.20768e-07     -26.7303 
         450      42.2405 -6.26208e-05 -2.98803e-07     -26.7303 
         450      42.4399 -6.26841e-05 -3.21872e-07     -26.7303 
         450      42.6399 -6.27943e-05  -2.1014e-07     -26.7303 
         450      42.8404 -6.27982e-05 -1.14975e-07     -26.7303 
         450      43.0412  -6.2721e-05 -2.64425e-08     -26.7303 
         450      43.2426 -6.25917e-05  6.13704e-08     -26.7303 
         450      43.4444 -6.24438e-05  1.49946e-07     -26.7303 
         450      43.6467 -6.23144e-05  2.36995e-07     -26.7303 
         450      43.8494  -6.2245e-05   2.9782e-07     -26.7303 
         450      44.0527 -6.22266e-05  3.11345e-07     -26.7304 
         450      44.2563 -6.22344e-05  3.23699e-07     -26.7304 
         450      44.4606 -6.22606e-05  3.36111e-07     -26.7304 
         450      44.6653 -6.22988e-05   3.4926e-07     -26.7304 
         450      44.8704 -6.23436e-05  3.63326e-07     -26.7304 
         450       45.076  -6.2391e-05  3.78039e-07     -26.7304 
         450       45.282 -6.24375e-05  3.92627e-07     -26.7304 
         450      45.4886 -6.24811e-05  4.05922e-07     -26.7304 
         450      45.6955 -6.25203e-05  4.16292e-07     -26.7304 
         450       45.903 -6.25549e-05  4.21747e-07     -26.7304 
         450      46.1111 -6.25851e-05  4.19888e-07     -26.7304 
         450      46.3194 -6.26121e-05  4.07987e-07     -26.7304 
         450      46.5283 -6.26307e-05  3.89173e-07     -26.7304 
         450      46.7376 -6.25957e-05  4.11042e-07     -26.7304 
         450      46.9475 -6.25648e-05  4.27639e-07     -26.7304 
         450      47.1577 -6.25371e-05  4.39832e-07     -26.7304 
         450      47.3685  -6.2512e-05  4.48477e-07     -26.7304 
         450      47.5798 -6.24891e-05   4.5433e-07     -26.7304 
         450      47.7914 -6.24681e-05  4.58073e-07     -26.7304 
         450      48.0037 -6.24489e-05  4.60304e-07     -26.7304 
         450      48.2162 -6.24314e-05  4.61514e-07     -26.7304 
         450      48.4294 -6.24155e-05  4.62097e-07     -26.7304 
         450      48.6429 -6.24012e-05  4.62339e-07     -26.7304 
         450       48.857 -6.23886e-05   4.6242e-07     -26.7304 
         450      49.0714 -6.23777e-05  4.62418e-07     -26.7304 
         450      49.2865 -6.23684e-05  4.62312e-07     -26.7305 
         450       49.502 -6.23608e-05   4.6199e-07     -26.7305 
         450      49.7179 -6.23546e-05  4.61258e-07     -26.7305 
         450      49.9343 -6.23498e-05  4.59853e-07     -26.7305 
         450      50.1511 -6.23462e-05  4.57467e-07     -26.7305 
         450      50.3685 -6.23435e-05  4.53749e-07     -26.7305 
         450      50.5862 -6.23415e-05   4.4835e-07     -26.7305 
         450      50.8046 -6.23398e-05  4.40924e-07     -26.7305 
         450      51.0234 -6.23382e-05  4.31182e-07     -26.7305 
         450      51.2425 -6.23361e-05  4.18922e-07     -26.7305 
         450      51.4623 -6.23335e-05  4.04027e-07     -26.7305 
         450      51.6824   -6.233e-05  3.86582e-07     -26.7305 
         450      51.9031 -6.23255e-05  3.66824e-07     -26.7305 
         450      52.1241 -6.23199e-05  3.45301e-07     -26.7305 
         450      52.3457 -6.23134e-05    3.228e-07     -26.7305 
         450      52.5676 -6.23064e-05  3.00544e-07     -26.7305 
         450      52.7902 -6.22996e-05  2.80112e-07     -26.7305 
         450      53.0133  -6.2294e-05  2.63637e-07     -26.7305 
         450      53.2366 -6.22911e-05  2.53805e-07     -26.7305 
         450      53.4606 -6.22927e-05  2.53928e-07     -26.7305 
         450      53.6849 -6.23015e-05   2.6806e-07     -26.7305 
         450      53.9099 -6.23206e-05  3.01106e-07     -26.7306 
         450      54.1351  -6.2354e-05  3.58799e-07     -26.7306 
         450       54.361 -6.24066e-05  4.48043e-07     -26.7306 
         450      54.5873 -6.24483e-05  4.85999e-07     -26.7306 
         450      54.8139 -6.24561e-05  4.71487e-07     -26.7306 
         450      55.0412 -6.24519e-05  4.66103e-07     -26.7306 
         450      55.2688 -6.24386e-05  4.67394e-07     -26.7306 
         450       55.497  -6.2419e-05  4.73242e-07     -26.7306 
         450      55.7255 -6.23955e-05  4.81835e-07     -26.7306 
         450      55.9547 -6.23699e-05  4.91677e-07     -26.7306 
         450      56.1844  -6.2344e-05  5.01522e-07     -26.7306 
         450      56.4143  -6.2319e-05  5.10371e-07     -26.7306 
         450      56.6449  -6.2296e-05  5.17471e-07     -26.7306 
         450      56.8757 -6.22759e-05  5.22247e-07     -26.7306 
         450      57.1072 -6.22591e-05  5.24323e-07     -26.7306 
         450       57.339 -6.22461e-05   5.2347e-07     -26.7306 
         450      57.5715 -6.22371e-05  5.19602e-07     -26.7306 
         450      57.8042  -6.2232e-05  5.12759e-07     -26.7306 
         450      58.0376 -6.22307e-05  5.03065e-07     -26.7307 
         450      58.2715  -6.2233e-05   4.9074e-07     -26.7307 
         450      58.5057 -6.22386e-05  4.76077e-07     -26.7307 
         450      58.7405  -6.2247e-05  4.59382e-07     -26.7307 
         450      58.9756 -6.22576e-05  4.41042e-07     -26.7307 
         450      59.2113 -6.22701e-05  4.21406e-07     -26.7307 
         450      59.4473 -6.22838e-05  4.00887e-07     -26.7307 
         450       59.684 -6.22982e-05  3.79826e-07     -26.7307 
         450      59.9212 -6.23126e-05  3.58593e-07     -26.7307 
         450      60.1586 -6.23266e-05  3.37529e-07     -26.7307 
         450      60.3967 -6.23397e-05  3.16883e-07     -26.7307 
         450      60.6351 -6.23513e-05  2.96928e-07     -26.7307 
         450      60.8741 -6.23611e-05  2.77815e-07     -26.7307 
         450      61.1135 -6.23687e-05  2.59703e-07     -26.7307 
         450      61.3534 -6.23738e-05  2.42629e-07     -26.7307 
         450      61.5939 -6.23764e-05  2.26612e-07     -26.7307 
         450      61.8346 -6.23762e-05  2.11605e-07     -26.7307 
         450       62.076 -6.23732e-05  1.97466e-07     -26.7308 
         450      62.3177 -6.23676e-05  1.84042e-07     -26.7308 
         450        62.56 -6.23596e-05  1.71084e-07     -26.7308 
         450      62.8026 -6.23493e-05  1.58341e-07     -26.7308 
         450      63.0459 -6.23373e-05  1.45487e-07     -26.7308 
         450      63.2894 -6.23239e-05  1.32213e-07     -26.7308 
         450      63.5336 -6.23097e-05  1.18158e-07     -26.7308 
         450      63.7783 -6.22952e-05  1.03001e-07     -26.7308 
         450      64.0233 -6.22813e-05  8.64465e-08     -26.7308 
         450      64.2689 -6.22687e-05  6.82044e-08     -26.7308 
         450      64.5148  -6.2258e-05  4.81092e-08     -26.7308 
         450      64.7613 -6.22501e-05  2.60283e-08     -26.7308 
         450      65.0082 -6.22458e-05  2.01795e-09     -26.7308 
         450      65.2557 -6.22459e-05  -2.3785e-08     -26.7308 
         450      65.5036 -6.22512e-05 -5.09994e-08     -26.7308 
         450      65.7519 -6.22622e-05 -7.90155e-08     -26.7309 
         450      66.0008 -6.22796e-05 -1.07027e-07     -26.7309 
         450        66.25 -6.23038e-05 -1.33831e-07     -26.7309 
         450      66.4998 -6.23351e-05 -1.57959e-07     -26.7309 
         450        66.75 -6.23736e-05 -1.77458e-07     -26.7309 
         450      67.0007 -6.24191e-05 -1.89989e-07     -26.7309 
         450      67.2518 -6.24711e-05  -1.9265e-07     -26.7309 
         450      67.5035  -6.2529e-05 -1.81987e-07     -26.7309 
         450      67.7557 -6.25915e-05 -1.53899e-07     -26.7309 
         450      68.0082  -6.2568e-05 -1.74892e-07     -26.7309 
         450      68.2614 -6.24889e-05 -2.29643e-07     -26.7309 
         450      68.5148  -6.2419e-05  -2.6283e-07     -26.7309 
         450      68.7688 -6.23586e-05 -2.79161e-07     -26.7309 
         450      69.0232 -6.23079e-05 -2.82686e-07     -26.7309 
         450      69.2782 -6.22667e-05 -2.76957e-07      -26.731 
         450      69.5337 -6.22349e-05 -2.65013e-07      -26.731 
         450      69.7895  -6.2212e-05 -2.49451e-07      -26.731 
         450      70.0459 -6.21974e-05 -2.32399e-07      -26.731 
         450      70.3026 -6.21904e-05  -2.1564e-07      -26.731 
         450        70.56 -6.21901e-05 -2.00543e-07      -26.731 
         450      70.8176 -6.21957e-05 -1.88199e-07      -26.731 
         450      71.0759 -6.22062e-05 -1.79361e-07      -26.731 
         450      71.3347 -6.22207e-05 -1.74547e-07      -26.731 
         450      71.5938 -6.22382e-05 -1.74029e-07      -26.731 
         450      71.8535 -6.22577e-05 -1.77874e-07      -26.731 
         450      72.1135 -6.22782e-05 -1.85969e-07      -26.731 
         450      72.3741  -6.2299e-05 -1.98071e-07      -26.731 
         450       72.635 -6.23191e-05 -2.13782e-07     -26.7311 
         450      72.8967 -6.23379e-05 -2.32653e-07     -26.7311 
         450      73.1585 -6.23546e-05 -2.54106e-07     -26.7311 
         450      73.4211 -6.23687e-05 -2.77578e-07     -26.7311 
         450      73.6841 -6.23796e-05 -3.02425e-07     -26.7311 
         450      73.9473 -6.23871e-05 -3.27992e-07     -26.7311 
         450      74.2113  -6.2391e-05 -3.53693e-07     -26.7311 
         450      74.4755  -6.2391e-05 -3.78889e-07     -26.7311 
         450      74.7404 -6.23872e-05 -4.03063e-07     -26.7311 
         450      75.0056 -6.23798e-05 -4.25673e-07     -26.7311 
         450      75.2714 -6.23688e-05 -4.46322e-07     -26.7311 
         450      75.5377 -6.23548e-05 -4.64631e-07     -26.7311 
         450      75.8043 -6.23382e-05 -4.80314e-07     -26.7312 
         450      76.0715 -6.23194e-05 -4.93212e-07     -26.7312 
         450       76.339 -6.22992e-05 -5.03216e-07     -26.7312 
         450      76.6072 -6.22781e-05 -5.10348e-07     -26.7312 
         450      76.8756 -6.22571e-05 -5.14698e-07     -26.7312 
         450      77.1448 -6.22367e-05 -5.16467e-07     -26.7312 
         450      77.4141 -6.22178e-05  -5.1593e-07     -26.7312 
         450      77.6842 -6.22012e-05 -5.13447e-07     -26.7312 
         450      77.9547 -6.21874e-05 -5.09443e-07     -26.7312 
         450      78.2255 -6.21773e-05 -5.04405e-07     -26.7312 
         450       78.497 -6.21711e-05 -4.98845e-07     -26.7312 
         450      78.7687 -6.21692e-05 -4.93311e-07     -26.7313 
         450      79.0411 -6.21718e-05 -4.88332e-07     -26.7313 
         450      79.3138 -6.21788e-05 -4.84426e-07     -26.7313 
         450      79.5872 -6.21896e-05 -4.82041e-07     -26.7313 
         450       79.861 -6.22037e-05 -4.81549e-07     -26.7313 
         450      80.1351 -6.22196e-05 -4.83195e-07     -26.7313 
         450      80.4098 -6.22359e-05 -4.87067e-07     -26.7313 
         450      80.6849 -6.22503e-05 -4.93043e-07     -26.7313 
         450      80.9606 -6.22601e-05 -5.00769e-07     -26.7313 
         450      81.2365 -6.22617e-05 -5.09574e-07     -26.7313 
         450      81.5132 -6.22511e-05 -5.18461e-07     -26.7313 
         450      81.7903  -6.2223e-05 -5.26005e-07     -26.7314 
         450      82.0676 -6.21716e-05 -5.30316e-07     -26.7314 
         450      82.3457 -6.20898e-05 -5.28979e-07     -26.7314 
         450       82.624 -6.20317e-05 -5.39029e-07     -26.7314 
         450       82.903 -6.20305e-05 -5.55699e-07     -26.7314 
         450      83.1822 -6.20431e-05 -5.63623e-07     -26.7314 
         450      83.4622 -6.20653e-05 -5.64659e-07     -26.7314 
         450      83.7424 -6.20934e-05 -5.60433e-07     -26.7314 
         450      84.0232 -6.21244e-05 -5.52367e-07     -26.7314 
         450      84.3046 -6.21557e-05 -5.41701e-07     -26.7314 
         450      84.5862 -6.21854e-05 -5.29512e-07     -26.7315 
         450      84.8685 -6.22118e-05 -5.16682e-07     -26.7315 
         450       85.151 -6.22339e-05 -5.03982e-07     -26.7315 
         450      85.4342 -6.22509e-05 -4.92007e-07     -26.7315 
         450      85.7177 -6.22623e-05 -4.81263e-07     -26.7315 
         450      86.0019  -6.2268e-05 -4.72106e-07     -26.7315 
         450      86.2865 -6.22681e-05 -4.64815e-07     -26.7315 
         450      86.5714  -6.2263e-05  -4.5957e-07     -26.7315 
         450       86.857  -6.2253e-05 -4.56456e-07     -26.7315 
         450      87.1428 -6.22389e-05 -4.55498e-07     -26.7316 
         450      87.4293 -6.22214e-05  -4.5665e-07     -26.7316 
         450      87.7161 -6.22013e-05  -4.5981e-07     -26.7316 
         450      88.0035 -6.21795e-05 -4.64837e-07     -26.7316 
         450      88.2914 -6.21569e-05  -4.7154e-07     -26.7316 
         450      88.5796 -6.21342e-05 -4.79692e-07     -26.7316 
         450      88.8685 -6.21125e-05 -4.89058e-07     -26.7316 
         450      89.1576 -6.20923e-05 -4.99357e-07     -26.7316 
         450      89.4474 -6.20745e-05 -5.10319e-07     -26.7316 
         450      89.7374 -6.20597e-05 -5.21632e-07     -26.7316 
         450      90.0282 -6.20483e-05 -5.33011e-07     -26.7316 
         450      90.3192 -6.20407e-05 -5.44127e-07     -26.7317 
         450      90.6109 -6.20371e-05 -5.54689e-07     -26.7317 
         450       90.903 -6.20376e-05 -5.64372e-07     -26.7317 
         450      91.1954 -6.20421e-05 -5.72855e-07     -26.7317 
         450      91.4885 -6.20504e-05 -5.79838e-07     -26.7317 
         450      91.7819 -6.20621e-05 -5.84989e-07     -26.7317 
         450      92.0759 -6.20765e-05 -5.87994e-07     -26.7317 
         450      92.3702 -6.20931e-05 -5.88518e-07     -26.7317 
         450      92.6652 -6.21108e-05 -5.86218e-07     -26.7317 
         450      92.9606 -6.21288e-05 -5.80733e-07     -26.7318 
         450      93.2563 -6.21459e-05 -5.71688e-07     -26.7318 
         450      93.5527 -6.21609e-05 -5.58657e-07     -26.7318 
         450      93.8493 -6.21724e-05 -5.41209e-07     -26.7318 
         450      94.1466 -6.21791e-05 -5.18817e-07     -26.7318 
         450      94.4442 -6.21795e-05  -4.9096e-07     -26.7318 
         450      94.7425 -6.21723e-05 -4.56968e-07     -26.7318 
         450       95.041  -6.2156e-05 -4.16184e-07     -26.7319 
         450      95.3402 -6.21294e-05 -3.67737e-07     -26.7319 
         450      95.6399 -6.20913e-05 -3.10735e-07     -26.7319 
         450      95.9398 -6.20406e-05 -2.44186e-07     -26.7319 
         450      96.2404 -6.19766e-05 -1.66787e-07     -26.7319 
         450      96.5412 -6.18987e-05 -7.72972e-08     -26.7319 
         450      96.8428 -6.18727e-05 -9.74017e-08      -26.732 
         450      97.1446 -6.18899e-05 -1.75668e-07      -26.732 
         450      97.4471 -6.19189e-05 -2.45567e-07      -26.732 
         450      97.7501 -6.19589e-05 -3.04966e-07      -26.732 
         450      98.0533 -6.20079e-05 -3.51903e-07      -26.732 
         450      98.3572 -6.20632e-05 -3.84683e-07      -26.732 
         450      98.6613 -6.21211e-05  -4.0166e-07      -26.732 
         450      98.9662 -6.21769e-05 -4.01462e-07     -26.7321 
         450      99.2712 -6.22245e-05  -3.8291e-07     -26.7321 
         450       99.577 -6.22565e-05 -3.45032e-07     -26.7321 
         450      99.8833 -6.22643e-05 -2.87157e-07     -26.7321 
         450       100.19 -6.22377e-05 -2.08964e-07     -26.7321 
         450      100.497 -6.21228e-05 -2.38892e-07     -26.7321 
         450      100.804  -6.2027e-05 -2.71599e-07     -26.7321 
         450      101.113 -6.19571e-05 -2.94742e-07     -26.7321 
         450      101.421 -6.19113e-05 -3.10476e-07     -26.7321 
         450       101.73 -6.18877e-05 -3.20613e-07     -26.7321 
         450      102.039 -6.18846e-05 -3.26547e-07     -26.7321 
         450      102.349 -6.19007e-05  -3.2934e-07     -26.7321 
         450       102.66 -6.19346e-05 -3.29703e-07     -26.7321 
         450      102.971 -6.19852e-05 -3.28048e-07     -26.7321 
         450      103.282 -6.20515e-05 -3.24485e-07     -26.7322 
         450      103.594 -6.21327e-05 -3.18868e-07     -26.7322 
         450      103.906  -6.2228e-05 -3.10787e-07     -26.7322 
         450      104.219  -6.2317e-05 -3.04729e-07     -26.7322 
         450      104.532 -6.23654e-05 -3.03382e-07     -26.7322 
         450      104.846 -6.23981e-05 -2.99195e-07     -26.7322 
         450       105.16 -6.24183e-05 -2.93102e-07     -26.7323 
         450      105.474 -6.24283e-05 -2.85905e-07     -26.7323 
         450      105.789 -6.24305e-05 -2.78317e-07     -26.7323 
         450      106.105 -6.24264e-05  -2.7092e-07     -26.7323 
         450      106.421 -6.24174e-05 -2.64217e-07     -26.7324 
         450      106.738 -6.24046e-05 -2.58594e-07     -26.7324 
         450      107.055 -6.23889e-05 -2.54362e-07     -26.7324 
         450      107.372 -6.23708e-05 -2.51743e-07     -26.7324 
         450       107.69 -6.23508e-05 -2.50872e-07     -26.7324 
         450      108.008 -6.23293e-05 -2.51817e-07     -26.7324 
         450      108.327 -6.23064e-05 -2.54578e-07     -26.7325 
         450      108.646 -6.22825e-05 -2.59088e-07     -26.7325 
         450      108.966 -6.22577e-05 -2.65234e-07     -26.7325 
         450      109.286 -6.22321e-05 -2.72837e-07     -26.7325 
         450      109.607  -6.2206e-05 -2.81697e-07     -26.7325 
         450      109.928 -6.21795e-05 -2.91559e-07     -26.7325 
         450       110.25 -6.21529e-05 -3.02136e-07     -26.7325 
         450      110.572 -6.21266e-05 -3.13141e-07     -26.7326 
         450      110.895 -6.21009e-05 -3.24238e-07     -26.7326 
         450      111.218 -6.20763e-05 -3.35117e-07     -26.7326 
         450      111.541 -6.20533e-05 -3.45428e-07     -26.7326 
         450      111.865 -6.20324e-05 -3.54862e-07     -26.7326 
         450       112.19 -6.20143e-05 -3.63097e-07     -26.7326 
         450      112.515 -6.19995e-05 -3.69832e-07     -26.7326 
         450       112.84 -6.19887e-05 -3.74811e-07     -26.7326 
         450      113.166 -6.19824e-05 -3.77794e-07     -26.7326 
         450      113.492 -6.19811e-05 -3.78597e-07     -26.7326 
         450      113.819 -6.19852e-05 -3.77079e-07     -26.7326 
         450      114.147  -6.1995e-05 -3.73159e-07     -26.7326 
         450      114.474 -6.20104e-05 -3.66831e-07     -26.7326 
         450      114.803 -6.20312e-05 -3.58147e-07     -26.7327 
         450      115.131 -6.20569e-05 -3.47261e-07     -26.7327 
         450       115.46 -6.20865e-05 -3.34423e-07     -26.7327 
         450       115.79 -6.21185e-05 -3.19955e-07     -26.7327 
         450       116.12 -6.21511e-05 -3.04332e-07     -26.7327 
         450      116.451 -6.21815e-05 -2.88103e-07     -26.7327 
         450      116.782 -6.22064e-05 -2.71992e-07     -26.7327 
         450      117.113 -6.22217e-05 -2.56815e-07     -26.7327 
         450      117.446  -6.2222e-05 -2.43571e-07     -26.7327 
         450      117.778 -6.22013e-05 -2.33412e-07     -26.7327 
         450      118.111  -6.2152e-05 -2.27633e-07     -26.7328 
         450      118.444 -6.20655e-05 -2.27729e-07     -26.7328 
         450      118.778 -6.19314e-05 -2.35377e-07     -26.7328 
         450      119.112  -6.1738e-05 -2.52433e-07     -26.7328 
         450      119.447 -6.14715e-05 -2.81004e-07     -26.7328 
         450      119.783 -6.11163e-05 -3.23379e-07     -26.7328 
         450      120.118 -6.15591e-05 -2.61176e-07     -26.7328 
         450      120.455 -6.21027e-05 -1.73495e-07     -26.7328 
         450      120.791 -6.24747e-05 -9.76793e-08     -26.7328 
         450      121.128 -6.27039e-05 -3.26514e-08     -26.7328 
         450      121.466 -6.28153e-05   2.2401e-08     -26.7328 
         450      121.804 -6.28323e-05  6.84454e-08     -26.7328 
         450      122.143 -6.27755e-05  1.06248e-07     -26.7329 
         450      122.482 -6.26633e-05  1.36674e-07     -26.7329 
         450      122.821  -6.2512e-05  1.60453e-07     -26.7329 
         450      123.161 -6.23362e-05  1.78302e-07     -26.7329 
         450      123.502  -6.2148e-05   1.9094e-07      -26.733 
         450      123.843 -6.19584e-05  1.98996e-07      -26.733 
         450      124.184  -6.1776e-05    2.031e-07      -26.733 
         450      124.526 -6.16084e-05   2.0382e-07     -26.7331 
         450      124.868 -6.14615e-05  2.01698e-07     -26.7331 
         450      125.211 -6.13398e-05  1.97238e-07     -26.7332 
         450      125.554 -6.12469e-05  1.90911e-07     -26.7332 
         450      125.898 -6.11848e-05  1.83139e-07     -26.7332 
         450      126.242 -6.11547e-05  1.74329e-07     -26.7333 
         450      126.587 -6.11569e-05  1.64825e-07     -26.7333 
         450      126.932 -6.11907e-05  1.54965e-07     -26.7334 
         450      127.278 -6.12549e-05  1.45023e-07     -26.7334 
         450      127.624 -6.13473e-05  1.35259e-07     -26.7335 
         450      127.971 -6.14653e-05    1.259e-07     -26.7336 
         450      128.318 -6.16061e-05  1.17115e-07     -26.7336 
         450      128.665 -6.17659e-05  1.09069e-07     -26.7337 
         450      129.013 -6.19412e-05  1.01865e-07     -26.7337 
         450      129.361 -6.21278e-05  9.55999e-08     -26.7338 
         450       129.71 -6.23219e-05  9.03138e-08     -26.7338 
         450       130.06 -6.25188e-05  8.60342e-08     -26.7339 
         450       130.41 -6.27148e-05  8.27412e-08     -26.7339 
         450       130.76 -6.29054e-05  8.03942e-08      -26.734 
         450      131.111 -6.30864e-05  7.89184e-08     -26.7341 
         450      131.462 -6.32544e-05  7.82055e-08     -26.7341 
         450      131.814 -6.34054e-05  7.81207e-08     -26.7342 
         450      132.166 -6.35363e-05  7.84984e-08     -26.7342 
         450      132.519 -6.36439e-05  7.91437e-08     -26.7343 
         450      132.872 -6.37259e-05  7.98349e-08     -26.7343 
         450      133.226 -6.37799e-05  8.03205e-08     -26.7344 
         450       133.58 -6.38042e-05  8.03227e-08     -26.7344 
         450      133.934 -6.37976e-05  7.95369e-08     -26.7344 
         450      134.289 -6.37596e-05  7.76341e-08     -26.7345 
         450      134.645 -6.36898e-05  7.42551e-08     -26.7345 
         450          135 -6.35889e-05  6.90251e-08     -26.7345 
         450      135.357 -6.34576e-05  6.15308e-08     -26.7346 
         450      135.714 -6.32978e-05  5.13566e-08     -26.7346 
         450      136.071 -6.31115e-05  3.80354e-08     -26.7346 
         450      136.429 -6.29014e-05  2.11013e-08     -26.7346 
         450      136.787 -6.26712e-05  7.85754e-11     -26.7346 
         450      137.146 -6.24244e-05 -2.55805e-08     -26.7346 
         450      137.505 -6.21658e-05  -5.6368e-08     -26.7346 
         450      137.865 -6.19001e-05 -9.28858e-08     -26.7346 
         450      138.225  -6.1633e-05 -1.35645e-07     -26.7346 
         450      138.586 -6.13701e-05 -1.85302e-07     -26.7345 
         450      138.947 -6.11179e-05 -2.42429e-07     -26.7345 
         450      139.309 -6.08832e-05 -3.07589e-07     -26.7345 
         450      139.671 -6.06726e-05  -3.8152e-07     -26.7344 
         450      140.033 -6.04936e-05  -4.6475e-07     -26.7344 
         450      140.397 -5.97494e-05 -5.16747e-07     -26.7342 
         450       140.76 -5.90477e-05 -5.54085e-07     -26.7341 
         450      141.124 -5.85247e-05 -5.83122e-07      -26.734 
         450      141.488 -5.82056e-05 -6.04418e-07     -26.7338 
         450      141.853 -5.81122e-05 -6.18562e-07     -26.7337 
         450      142.219 -5.82623e-05 -6.26173e-07     -26.7335 
         450      142.584 -5.86678e-05 -6.27822e-07     -26.7333 
         450      142.951 -5.93343e-05 -6.24084e-07     -26.7331 
         450      143.317 -6.02564e-05 -6.15513e-07      -26.733 
         450      143.685 -6.14204e-05 -6.02621e-07     -26.7328 
         450      144.052 -6.27958e-05 -5.85919e-07     -26.7326 
         450      144.421 -6.43409e-05 -5.65837e-07     -26.7324 
         450      144.789 -6.59931e-05 -5.42798e-07     -26.7322 
         450      145.158 -6.76693e-05  -5.1719e-07     -26.7321 
         450      145.528 -6.92674e-05 -4.89284e-07     -26.7319 
         450      145.898 -7.06552e-05 -4.59381e-07     -26.7317 
         450      146.269 -7.16763e-05 -4.27626e-07     -26.7315 
         450       146.64 -7.21395e-05 -3.94199e-07     -26.7314 
         450      147.011 -7.18209e-05 -3.59103e-07     -26.7312 
         450      147.383 -7.04575e-05 -3.22348e-07     -26.7311 
         450      147.755  -6.7748e-05  -2.8387e-07      -26.731 
         450      148.128 -6.33393e-05  -2.4343e-07     -26.7309 
         450      148.502  -5.6841e-05 -2.00831e-07     -26.7308 
         450      148.876 -4.77925e-05 -1.55654e-07     -26.7307 
         450       149.25 -3.57011e-05  -1.0753e-07     -26.7306 
         450      149.625 -1.99791e-05 -5.58438e-08     -26.7306 
         450          150 -8.07853e-19 -2.10345e-21     -26.7306 
