Variables = x, y, u, v, p

Zone, I=800, F=POINT
         650            0            0            0     -18.1978 
         650     0.000234  5.87968e-07 -3.89536e-12     -18.1978 
         650     0.000939  1.93217e-06  -6.6022e-11     -18.1978 
         650     0.002113  2.85796e-06 -3.41622e-10     -18.1978 
         650     0.003759  1.75665e-06 -1.10492e-09     -18.1978 
         650     0.005872 -2.98577e-06 -2.76422e-09     -18.1978 
         650     0.008457 -1.25709e-05 -5.89926e-09     -18.1978 
         650      0.01151 -2.74219e-05 -1.12795e-08     -18.1978 
         650     0.015036 -4.71258e-05  -1.9925e-08     -18.1978 
         650     0.019031 -7.04916e-05 -3.31146e-08     -18.1978 
         650     0.023493 -9.59939e-05 -5.24392e-08     -18.1978 
         650     0.028429 -0.000122345 -7.98915e-08     -18.1978 
         650     0.033831 -0.000148848 -1.17781e-07     -18.1978 
         650     0.039706 -0.000175768 -1.68938e-07     -18.1978 
         650     0.046047  -0.00020393 -2.36531e-07     -18.1978 
         650     0.052863 -0.000234064 -3.24365e-07     -18.1978 
         650      0.06015  -0.00026563 -4.36592e-07     -18.1978 
         650       0.0679 -0.000296446  -5.7772e-07     -18.1978 
         650     0.076126 -0.000324812 -7.53092e-07     -18.1978 
         650     0.084816 -0.000355337  -9.6798e-07     -18.1978 
         650     0.093982 -0.000383892 -1.22862e-06     -18.1978 
         650     0.103611 -0.000411537 -1.54089e-06     -18.1978 
         650     0.113718 -0.000437995 -1.91179e-06     -18.1978 
         650     0.124286  -0.00046294  -2.3474e-06     -18.1978 
         650     0.135333 -0.000486176 -2.85527e-06     -18.1978 
         650      0.14685 -0.000507491 -3.44189e-06     -18.1978 
         650     0.158827 -0.000526726 -4.11344e-06     -18.1978 
         650     0.171284 -0.000543801 -4.87759e-06     -18.1978 
         650     0.184201 -0.000558611  -5.7394e-06     -18.1978 
         650     0.197599 -0.000571117 -6.70618e-06     -18.1978 
         650     0.211455 -0.000581256  -7.7817e-06     -18.1978 
         650     0.225792 -0.000589031 -8.97265e-06     -18.1978 
         650       0.2406  -0.00059448 -1.02826e-05     -18.1978 
         650     0.255865 -0.000597726  -1.1714e-05     -18.1978 
         650     0.271613 -0.000598802 -1.32719e-05     -18.1978 
         650     0.287818 -0.000597854  -1.4956e-05     -18.1978 
         650     0.304506 -0.000595027 -1.67703e-05     -18.1978 
         650      0.32165 -0.000590486 -1.87128e-05     -18.1978 
         650     0.339278   -0.0005844 -2.07863e-05     -18.1978 
         650     0.357377  -0.00057696 -2.29886e-05     -18.1978 
         650      0.37593 -0.000568369 -2.53161e-05     -18.1978 
         650     0.394968 -0.000558811 -2.77703e-05     -18.1978 
         650     0.414461   -0.0005485 -3.03446e-05     -18.1978 
         650      0.43444 -0.000537613 -3.30398e-05     -18.1978 
         650     0.454872 -0.000526357 -3.58477e-05     -18.1978 
         650     0.475791 -0.000514892 -3.87688e-05     -18.1978 
         650     0.497163 -0.000503401  -4.1794e-05     -18.1978 
         650     0.519021 -0.000492017 -4.49233e-05     -18.1978 
         650      0.54135 -0.000480883 -4.81498e-05     -18.1978 
         650     0.564131 -0.000470127 -5.14652e-05     -18.1978 
         650       0.5874 -0.000459833 -5.48692e-05     -18.1978 
         650     0.611121   -0.0004501   -5.835e-05     -18.1978 
         650      0.63533 -0.000440962 -6.19108e-05     -18.1978 
         650      0.65999 -0.000432514 -6.55399e-05     -18.1978 
         650     0.685139 -0.000424756 -6.92371e-05     -18.1978 
         650     0.710759 -0.000417698  -7.2994e-05     -18.1978 
         650     0.736828 -0.000411335 -7.68019e-05     -18.1978 
         650     0.763387 -0.000405631 -8.06611e-05     -18.1978 
         650     0.790396 -0.000400559 -8.45602e-05     -18.1978 
         650     0.817896 -0.000396064 -8.84996e-05     -18.1978 
         650     0.845843 -0.000392092 -9.24675e-05     -18.1978 
         650     0.874283 -0.000388567 -9.64653e-05     -18.1978 
         650      0.90317 -0.000385417 -0.000100481     -18.1978 
         650     0.932551  -0.00038255 -0.000104516     -18.1978 
         650     0.962401  -0.00037988 -0.000108562     -18.1978 
         650     0.992697 -0.000377315  -0.00011261     -18.1978 
         650      1.02349 -0.000374757 -0.000116662     -18.1978 
         650      1.05472 -0.000372117 -0.000120706     -18.1978 
         650      1.08645 -0.000369304 -0.000124744     -18.1978 
         650      1.11863  -0.00036624 -0.000128765     -18.1978 
         650       1.1513  -0.00036285  -0.00013277     -18.1978 
         650      1.18444 -0.000359074 -0.000136752     -18.1978 
         650      1.21802 -0.000354869 -0.000140702     -18.1978 
         650      1.25211 -0.000350192 -0.000144625     -18.1978 
         650      1.28663 -0.000345034 -0.000148508     -18.1978 
         650      1.32165  -0.00033938 -0.000152357     -18.1978 
         650      1.35712  -0.00033325 -0.000156163     -18.1978 
         650      1.39308 -0.000326653 -0.000159932     -18.1978 
         650      1.42951 -0.000319617 -0.000163661     -18.1978 
         650      1.46638 -0.000312175 -0.000167352     -18.1978 
         650      1.50375 -0.000304331 -0.000171016     -18.1978 
         650      1.54156  -0.00029601 -0.000174558     -18.1978 
         650      1.57987 -0.000287478 -0.000178063     -18.1978 
         650      1.61863 -0.000278783 -0.000181527     -18.1978 
         650      1.65788 -0.000269928 -0.000184951     -18.1978 
         650      1.69757 -0.000260946 -0.000188326     -18.1978 
         650      1.73776 -0.000251837 -0.000191651     -18.1978 
         650      1.77842 -0.000242621 -0.000194921     -18.1978 
         650      1.81952  -0.00023332 -0.000198129     -18.1978 
         650      1.86113 -0.000223926 -0.000201275     -18.1978 
         650      1.90316 -0.000214466  -0.00020435     -18.1978 
         650      1.94571 -0.000204929 -0.000207357     -18.1978 
         650      1.98869 -0.000195338 -0.000210287     -18.1978 
         650      2.03217 -0.000185682  -0.00021314     -18.1978 
         650      2.07612 -0.000175972 -0.000215912     -18.1978 
         650      2.12051 -0.000166218 -0.000218596     -18.1978 
         650       2.1654 -0.000156407 -0.000221195     -18.1978 
         650      2.21073 -0.000146555   -0.0002237     -18.1978 
         650      2.25656 -0.000136648 -0.000226114     -18.1978 
         650      2.30283 -0.000126703 -0.000228429     -18.1978 
         650       2.3496 -0.000116706 -0.000230645     -18.1978 
         650      2.39685 -0.000106666  -0.00023276     -18.1978 
         650      2.44452 -9.65944e-05 -0.000234767     -18.1978 
         650      2.49271 -8.64791e-05 -0.000236668     -18.1978 
         650      2.54132 -7.63411e-05 -0.000238458     -18.1978 
         650      2.59044 -6.61709e-05 -0.000240135     -18.1978 
         650         2.64 -5.59933e-05 -0.000241695     -18.1978 
         650      2.69006  -4.5803e-05 -0.000243138     -18.1978 
         650      2.74056 -3.56287e-05 -0.000244459     -18.1978 
         650      2.79156 -2.54693e-05 -0.000245658     -18.1978 
         650      2.84304 -1.53503e-05 -0.000246731     -18.1978 
         650      2.89494 -5.29925e-06 -0.000247675     -18.1978 
         650      2.94735  4.67788e-06 -0.000248491     -18.1978 
         650       3.0002  1.45411e-05 -0.000249175     -18.1978 
         650      3.05355  2.42803e-05 -0.000249727     -18.1978 
         650      3.10733   3.3853e-05 -0.000250145     -18.1978 
         650      3.16163  4.32466e-05  -0.00025043     -18.1978 
         650      3.21639  5.24252e-05 -0.000250583     -18.1978 
         650      3.27158  6.13547e-05 -0.000250604     -18.1978 
         650      3.32729   7.0024e-05 -0.000250496     -18.1978 
         650      3.38342  7.83973e-05 -0.000250264     -18.1978 
         650      3.44007  8.64704e-05 -0.000249912     -18.1977 
         650      3.49714  9.42202e-05 -0.000249448     -18.1977 
         650      3.55472  0.000101657 -0.000248882     -18.1977 
         650      3.61273  0.000108778 -0.000248225     -18.1977 
         650      3.67125  0.000115619 -0.000247492     -18.1977 
         650      3.73025  0.000122213 -0.000246702     -18.1977 
         650      3.78967  0.000128432 -0.000245686     -18.1977 
         650      3.84961  0.000134164 -0.000244489     -18.1977 
         650      3.90996  0.000139451 -0.000243201     -18.1977 
         650      3.97084  0.000144311 -0.000241825     -18.1977 
         650      4.03214  0.000148745 -0.000240367     -18.1977 
         650      4.09395  0.000152773  -0.00023883     -18.1977 
         650      4.15624  0.000156401 -0.000237219     -18.1977 
         650      4.21895  0.000159639 -0.000235539     -18.1977 
         650      4.28217  0.000162507 -0.000233793     -18.1977 
         650      4.34582  0.000165012 -0.000231987     -18.1977 
         650      4.40998  0.000167174 -0.000230122     -18.1977 
         650      4.47457  0.000169003 -0.000228206     -18.1977 
         650      4.53968  0.000170519 -0.000226238     -18.1977 
         650      4.60525  0.000171735 -0.000224224     -18.1977 
         650      4.67125  0.000172667 -0.000222169     -18.1977 
         650      4.73777  0.000173333 -0.000220074     -18.1977 
         650       4.8047  0.000173748 -0.000217945     -18.1977 
         650      4.87216  0.000173929 -0.000215782     -18.1977 
         650      4.94003  0.000173893 -0.000213592     -18.1977 
         650      5.00843  0.000173657 -0.000211374     -18.1977 
         650      5.07724  0.000173236 -0.000209136     -18.1977 
         650      5.14658  0.000172647 -0.000206875     -18.1977 
         650      5.21639  0.000171906 -0.000204598     -18.1977 
         650      5.28661  0.000171028 -0.000202308     -18.1977 
         650      5.35736  0.000170026 -0.000200005     -18.1977 
         650      5.42852  0.000168918 -0.000197695     -18.1977 
         650      5.50021  0.000167714 -0.000195377     -18.1977 
         650      5.57231  0.000166428 -0.000193058     -18.1977 
         650      5.64493  0.000165072 -0.000190735     -18.1977 
         650      5.71803  0.000163656 -0.000188413     -18.1977 
         650      5.79154  0.000162192 -0.000186095     -18.1977 
         650      5.86558  0.000160686 -0.000183781     -18.1977 
         650      5.94003  0.000159149 -0.000181475     -18.1977 
         650      6.01501  0.000157585 -0.000179175     -18.1977 
         650       6.0904  0.000156043 -0.000176881     -18.1977 
         650      6.16632   0.00015452 -0.000174594     -18.1977 
         650      6.24271  0.000152989  -0.00017232     -18.1977 
         650       6.3195  0.000151454 -0.000170064     -18.1977 
         650      6.39683  0.000149919 -0.000167822     -18.1977 
         650      6.47457  0.000148389 -0.000165599     -18.1977 
         650      6.55284  0.000146864 -0.000163392     -18.1977 
         650      6.63152  0.000145347 -0.000161205     -18.1977 
         650      6.71073  0.000143838 -0.000159033     -18.1977 
         650      6.79034  0.000142341  -0.00015688     -18.1977 
         650      6.87049  0.000140852 -0.000154739     -18.1977 
         650      6.95111  0.000139373  -0.00015261     -18.1977 
         650      7.03214  0.000137905  -0.00015049     -18.1977 
         650       7.1137  0.000136446 -0.000148372     -18.1977 
         650      7.19566  0.000134997 -0.000146251     -18.1977 
         650      7.27816  0.000133556 -0.000144117     -18.1977 
         650      7.36106  0.000132126 -0.000141963     -18.1977 
         650      7.44451  0.000130705 -0.000139774     -18.1977 
         650      7.52842  0.000129368 -0.000137771     -18.1977 
         650      7.61273  0.000128054 -0.000135826     -18.1977 
         650      7.69758  0.000126742 -0.000133878     -18.1977 
         650      7.78283  0.000125433 -0.000131933     -18.1977 
         650      7.86862  0.000124126 -0.000129991     -18.1977 
         650      7.95481   0.00012282 -0.000128056     -18.1977 
         650      8.04155  0.000121512 -0.000126126     -18.1977 
         650      8.12868  0.000120199 -0.000124205     -18.1977 
         650      8.21635  0.000118875 -0.000122289     -18.1977 
         650      8.30449  0.000117536  -0.00012038     -18.1977 
         650      8.39303  0.000116177 -0.000118478     -18.1977 
         650      8.48211  0.000114904 -0.000116645     -18.1977 
         650      8.57159  0.000113675 -0.000114832     -18.1977 
         650      8.66161  0.000112461 -0.000113022     -18.1977 
         650      8.75203  0.000111265 -0.000111221     -18.1977 
         650      8.84299  0.000110085 -0.000109432     -18.1977 
         650      8.93443  0.000108921 -0.000107657     -18.1977 
         650      9.02626  0.000107774 -0.000105901     -18.1977 
         650      9.11863  0.000106642 -0.000104162     -18.1977 
         650      9.21139  0.000105525 -0.000102445     -18.1977 
         650      9.30471  0.000104421 -0.000100747     -18.1977 
         650      9.39841  0.000103332 -9.90727e-05     -18.1977 
         650      9.49267  0.000102254 -9.74191e-05     -18.1977 
         650      9.58739  0.000101188 -9.57874e-05     -18.1977 
         650      9.68251  0.000100134 -9.41789e-05     -18.1977 
         650      9.77817  9.90897e-05 -9.25906e-05     -18.1977 
         650      9.87422  9.80567e-05 -9.10243e-05     -18.1977 
         650      9.97083  9.70329e-05 -8.94771e-05     -18.1977 
         650      10.0678    9.602e-05 -8.79508e-05     -18.1977 
         650      10.1654  9.50162e-05 -8.64421e-05     -18.1977 
         650      10.2633  9.40235e-05 -8.49529e-05     -18.1977 
         650      10.3618  9.30407e-05 -8.34802e-05     -18.1977 
         650      10.4607   9.2069e-05 -8.20246e-05     -18.1977 
         650      10.5601  9.11098e-05 -8.05869e-05     -18.1977 
         650        10.66  9.01624e-05 -7.91645e-05     -18.1977 
         650      10.7603  8.92288e-05 -7.77596e-05     -18.1977 
         650      10.8611  8.83085e-05 -7.63698e-05     -18.1977 
         650      10.9623  8.74035e-05 -7.49976e-05     -18.1977 
         650      11.0641  8.65129e-05 -7.36411e-05     -18.1977 
         650      11.1663  8.56376e-05 -7.23018e-05     -18.1977 
         650       11.269  8.47783e-05 -7.09813e-05     -18.1977 
         650      11.3721   8.3933e-05 -6.96783e-05     -18.1977 
         650      11.4757   8.3102e-05 -6.83954e-05     -18.1977 
         650      11.5798   8.2282e-05 -6.71313e-05     -18.1977 
         650      11.6844  8.14715e-05 -6.58886e-05     -18.1977 
         650      11.7894  8.06652e-05 -6.46659e-05     -18.1977 
         650       11.895  7.98586e-05 -6.34643e-05     -18.1977 
         650      12.0009  7.90455e-05 -6.22847e-05     -18.1977 
         650      12.1073  7.82847e-05 -6.11137e-05     -18.1977 
         650      12.2142  7.75497e-05 -5.99519e-05     -18.1977 
         650      12.3216  7.67986e-05 -5.88038e-05     -18.1977 
         650      12.4294  7.60415e-05 -5.76711e-05     -18.1977 
         650      12.5378  7.52844e-05  -5.6552e-05     -18.1977 
         650      12.6465  7.45344e-05 -5.54484e-05     -18.1977 
         650      12.7558  7.37951e-05 -5.43585e-05     -18.1977 
         650      12.8656  7.30704e-05 -5.32833e-05     -18.1977 
         650      12.9757  7.23634e-05 -5.22239e-05     -18.1977 
         650      13.0864  7.16744e-05 -5.11786e-05     -18.1977 
         650      13.1975  7.10052e-05 -5.01493e-05     -18.1977 
         650      13.3092  7.03547e-05 -4.91344e-05     -18.1977 
         650      13.4212  6.97234e-05 -4.81359e-05     -18.1977 
         650      13.5338  6.91093e-05 -4.71522e-05     -18.1977 
         650      13.6468  6.85113e-05 -4.61843e-05     -18.1977 
         650      13.7603  6.79283e-05 -4.52331e-05     -18.1977 
         650      13.8743  6.73576e-05  -4.4297e-05     -18.1977 
         650      13.9886  6.67981e-05 -4.33777e-05     -18.1977 
         650      14.1036  6.62471e-05 -4.24736e-05     -18.1977 
         650      14.2189  6.57038e-05 -4.15863e-05     -18.1977 
         650      14.3348  6.51657e-05 -4.07143e-05     -18.1977 
         650       14.451  6.46323e-05 -3.98588e-05     -18.1977 
         650      14.5678  6.41018e-05 -3.90183e-05     -18.1977 
         650      14.6851  6.35739e-05 -3.81934e-05     -18.1977 
         650      14.8028  6.30487e-05 -3.73844e-05     -18.1977 
         650       14.921  6.25255e-05 -3.65899e-05     -18.1977 
         650      15.0396  6.20055e-05 -3.58107e-05     -18.1977 
         650      15.1588  6.14888e-05 -3.50454e-05     -18.1977 
         650      15.2783  6.09773e-05 -3.42948e-05     -18.1977 
         650      15.3984  6.04718e-05 -3.35574e-05     -18.1977 
         650       15.519  5.99743e-05 -3.28335e-05     -18.1977 
         650        15.64   5.9487e-05 -3.21232e-05     -18.1977 
         650      15.7615   5.9011e-05 -3.14253e-05     -18.1977 
         650      15.8834  5.85488e-05 -3.07405e-05     -18.1977 
         650      16.0058   5.8101e-05 -3.00676e-05     -18.1977 
         650      16.1286  5.76693e-05 -2.94075e-05     -18.1977 
         650       16.252  5.72531e-05 -2.87593e-05     -18.1977 
         650      16.3759  5.68522e-05 -2.81236e-05     -18.1977 
         650      16.5002  5.64647e-05 -2.75013e-05     -18.1977 
         650       16.625  5.60864e-05  -2.6892e-05     -18.1977 
         650      16.7501  5.57125e-05 -2.62972e-05     -18.1977 
         650      16.8759  5.53343e-05 -2.57172e-05     -18.1977 
         650       17.002  5.49237e-05  -2.5119e-05     -18.1977 
         650      17.1287   5.4514e-05 -2.45368e-05     -18.1977 
         650      17.2557  5.41237e-05 -2.39909e-05     -18.1977 
         650      17.3834  5.37077e-05 -2.34703e-05     -18.1977 
         650      17.5115  5.32293e-05 -2.29489e-05     -18.1977 
         650      17.6399  5.27865e-05 -2.24424e-05     -18.1977 
         650       17.769  5.24449e-05 -2.19281e-05     -18.1977 
         650      17.8984  5.22149e-05 -2.13949e-05     -18.1977 
         650      18.0284  5.19771e-05 -2.08726e-05     -18.1977 
         650      18.1587  5.17325e-05  -2.0362e-05     -18.1977 
         650      18.2896  5.14814e-05 -1.98621e-05     -18.1977 
         650       18.421  5.12247e-05 -1.93732e-05     -18.1977 
         650      18.5528  5.09633e-05 -1.88955e-05     -18.1977 
         650      18.6851  5.06978e-05 -1.84281e-05     -18.1977 
         650      18.8178  5.04292e-05 -1.79714e-05     -18.1977 
         650      18.9511  5.01581e-05 -1.75244e-05     -18.1977 
         650      19.0847  4.98856e-05 -1.70876e-05     -18.1977 
         650      19.2189  4.96122e-05 -1.66599e-05     -18.1977 
         650      19.3535  4.93391e-05 -1.62416e-05     -18.1977 
         650      19.4886  4.90668e-05 -1.58319e-05     -18.1977 
         650      19.6242  4.87964e-05 -1.54305e-05     -18.1977 
         650      19.7602  4.85287e-05 -1.50375e-05     -18.1977 
         650      19.8968  4.82643e-05 -1.46519e-05     -18.1977 
         650      20.0337  4.80043e-05  -1.4274e-05     -18.1977 
         650      20.1712  4.77489e-05 -1.39027e-05     -18.1977 
         650      20.3091  4.74993e-05 -1.35383e-05     -18.1977 
         650      20.4475  4.72557e-05 -1.31799e-05     -18.1977 
         650      20.5864  4.70188e-05 -1.28275e-05     -18.1977 
         650      20.7257  4.67894e-05 -1.24811e-05     -18.1977 
         650      20.8655  4.65674e-05 -1.21399e-05     -18.1977 
         650      21.0058  4.63535e-05 -1.18042e-05     -18.1977 
         650      21.1465  4.61477e-05 -1.14735e-05     -18.1977 
         650      21.2877  4.59504e-05 -1.11481e-05     -18.1977 
         650      21.4294  4.57613e-05 -1.08275e-05     -18.1977 
         650      21.5716  4.55805e-05 -1.05121e-05     -18.1977 
         650      21.7142  4.54079e-05 -1.02022e-05     -18.1977 
         650      21.8573  4.52428e-05 -9.89749e-06     -18.1977 
         650      22.0008   4.5085e-05 -9.59889e-06     -18.1977 
         650      22.1449  4.49337e-05 -9.30634e-06     -18.1977 
         650      22.2893  4.47882e-05 -9.02087e-06     -18.1977 
         650      22.4344  4.46472e-05 -8.74271e-06     -18.1977 
         650      22.5797  4.45099e-05 -8.47314e-06     -18.1977 
         650      22.7257  4.43745e-05 -8.21272e-06     -18.1977 
         650      22.8721  4.42397e-05 -7.96282e-06     -18.1977 
         650      23.0189  4.41037e-05 -7.72496e-06     -18.1977 
         650      23.1663  4.39643e-05 -7.50026e-06     -18.1977 
         650       23.314  4.38193e-05 -7.29079e-06     -18.1977 
         650      23.4623  4.36662e-05 -7.09817e-06     -18.1977 
         650       23.611  4.35022e-05 -6.92484e-06     -18.1977 
         650      23.7602  4.33241e-05 -6.77293e-06     -18.1977 
         650        23.91  4.31287e-05 -6.64525e-06     -18.1977 
         650        24.06  4.29669e-05 -6.50998e-06     -18.1977 
         650      24.2107  4.29816e-05 -6.25446e-06     -18.1977 
         650      24.3617  4.29456e-05 -6.01554e-06     -18.1977 
         650      24.5133  4.28714e-05 -5.79147e-06     -18.1977 
         650      24.6653    4.277e-05 -5.58122e-06     -18.1977 
         650      24.8178  4.26503e-05 -5.38301e-06     -18.1977 
         650      24.9708  4.25201e-05 -5.19556e-06     -18.1977 
         650      25.1242  4.23855e-05 -5.01758e-06     -18.1977 
         650      25.2781  4.22512e-05 -4.84737e-06     -18.1977 
         650      25.4324  4.21211e-05 -4.68384e-06     -18.1977 
         650      25.5873  4.19977e-05 -4.52542e-06     -18.1977 
         650      25.7426  4.18827e-05 -4.37115e-06     -18.1977 
         650      25.8984  4.17768e-05 -4.21965e-06     -18.1977 
         650      26.0546  4.16804e-05 -4.07017e-06     -18.1977 
         650      26.2114  4.15929e-05  -3.9216e-06     -18.1977 
         650      26.3686  4.15134e-05 -3.77334e-06     -18.1977 
         650      26.5262  4.14406e-05 -3.62498e-06     -18.1977 
         650      26.6844  4.13731e-05 -3.47593e-06     -18.1977 
         650      26.8429  4.13092e-05 -3.32626e-06     -18.1977 
         650       27.002  4.12472e-05 -3.17581e-06     -18.1977 
         650      27.1615  4.11856e-05 -3.02514e-06     -18.1977 
         650      27.3216   4.1123e-05 -2.87455e-06     -18.1977 
         650      27.4821  4.10584e-05 -2.72499e-06     -18.1977 
         650       27.643  4.09911e-05 -2.57768e-06     -18.1977 
         650      27.8044  4.09207e-05 -2.43378e-06     -18.1977 
         650      27.9663  4.08479e-05 -2.29521e-06     -18.1977 
         650      28.1287  4.07733e-05 -2.16378e-06     -18.1977 
         650      28.2914   4.0699e-05 -2.04201e-06     -18.1977 
         650      28.4548  4.06272e-05 -1.93241e-06     -18.1977 
         650      28.6185  4.05615e-05 -1.83815e-06     -18.1977 
         650      28.7828   4.0506e-05 -1.76245e-06     -18.1977 
         650      28.9475  4.04659e-05 -1.70912e-06     -18.1977 
         650      29.1126  4.04474e-05 -1.68225e-06     -18.1977 
         650      29.2784  4.04155e-05 -1.63507e-06     -18.1977 
         650      29.4444  4.02888e-05 -1.46597e-06     -18.1977 
         650       29.611  4.01791e-05 -1.30871e-06     -18.1977 
         650       29.778  4.00888e-05 -1.16496e-06     -18.1977 
         650      29.9456   4.0019e-05 -1.03537e-06     -18.1977 
         650      30.1137    3.997e-05 -9.20446e-07     -18.1977 
         650      30.2821  3.99408e-05 -8.20218e-07     -18.1977 
         650      30.4511   3.9929e-05 -7.34085e-07     -18.1977 
         650      30.6204  3.99314e-05 -6.61431e-07     -18.1977 
         650      30.7903  3.99429e-05 -6.01143e-07     -18.1977 
         650      30.9606  3.99573e-05 -5.52163e-07     -18.1977 
         650      31.1315  3.99667e-05 -5.13183e-07     -18.1978 
         650      31.3028  3.99618e-05 -4.83048e-07     -18.1978 
         650      31.4745  3.99313e-05 -4.60711e-07     -18.1978 
         650      31.6468  3.98624e-05 -4.45329e-07     -18.1978 
         650      31.8194  3.96858e-05 -3.56575e-07     -18.1978 
         650      31.9926  3.95499e-05 -2.75972e-07     -18.1978 
         650      32.1662  3.94519e-05 -2.06091e-07     -18.1978 
         650      32.3404  3.93843e-05 -1.45215e-07     -18.1978 
         650      32.5149  3.93406e-05 -9.18388e-08     -18.1978 
         650        32.69   3.9315e-05 -4.42998e-08     -18.1978 
         650      32.8655  3.93022e-05 -1.09965e-09     -18.1978 
         650      33.0414  3.92978e-05  3.92224e-08     -18.1978 
         650       33.218  3.92979e-05  7.81575e-08     -18.1978 
         650      33.3948  3.92992e-05   1.1699e-07     -18.1978 
         650      33.5723  3.92992e-05  1.57036e-07     -18.1978 
         650        33.75  3.92958e-05  1.99378e-07     -18.1978 
         650      33.9284  3.92874e-05  2.45111e-07     -18.1978 
         650      34.1073  3.92731e-05  2.95095e-07     -18.1978 
         650      34.2865  3.92524e-05  3.50027e-07     -18.1978 
         650      34.4663  3.92251e-05  4.10579e-07     -18.1978 
         650      34.6465  3.91918e-05  4.77062e-07     -18.1978 
         650      34.8272  3.91532e-05  5.49801e-07     -18.1978 
         650      35.0083  3.91106e-05  6.28703e-07     -18.1978 
         650        35.19  3.90653e-05  7.13702e-07     -18.1978 
         650      35.3721  3.90168e-05   7.9175e-07     -18.1978 
         650      35.5546  3.89613e-05  8.20943e-07     -18.1978 
         650      35.7377  3.89111e-05  8.48951e-07     -18.1978 
         650      35.9211  3.88662e-05  8.75526e-07     -18.1978 
         650      36.1052  3.88265e-05  9.00578e-07     -18.1978 
         650      36.2895  3.87922e-05  9.24001e-07     -18.1978 
         650      36.4745   3.8763e-05  9.45821e-07     -18.1978 
         650      36.6598   3.8739e-05  9.66039e-07     -18.1978 
         650      36.8457  3.87198e-05  9.84767e-07     -18.1978 
         650      37.0321  3.87053e-05  1.00211e-06     -18.1978 
         650      37.2188  3.86953e-05  1.01818e-06     -18.1978 
         650      37.4062  3.86895e-05  1.03319e-06     -18.1978 
         650      37.5938  3.86875e-05  1.04727e-06     -18.1978 
         650      37.7821  3.86891e-05  1.06064e-06     -18.1978 
         650      37.9707  3.86937e-05  1.07347e-06     -18.1978 
         650      38.1599   3.8701e-05  1.08593e-06     -18.1978 
         650      38.3496  3.87105e-05   1.0982e-06     -18.1978 
         650      38.5396  3.87217e-05   1.1104e-06     -18.1978 
         650      38.7302  3.87341e-05  1.12266e-06     -18.1978 
         650      38.9211   3.8747e-05  1.13506e-06     -18.1978 
         650      39.1127    3.876e-05  1.14765e-06     -18.1978 
         650      39.3046  3.87724e-05  1.16041e-06     -18.1978 
         650      39.4971  3.87835e-05  1.17332e-06     -18.1978 
         650      39.6899  3.87926e-05  1.18625e-06     -18.1978 
         650      39.8833  3.87991e-05  1.19904e-06     -18.1978 
         650      40.0772  3.88021e-05  1.21145e-06     -18.1978 
         650      40.2714  3.88011e-05  1.22316e-06     -18.1978 
         650      40.4663  3.87951e-05  1.23382e-06     -18.1978 
         650      40.6615  3.87834e-05  1.24293e-06     -18.1978 
         650      40.8573  3.87653e-05  1.24997e-06     -18.1978 
         650      41.0534  3.87399e-05   1.2543e-06     -18.1978 
         650      41.2501  3.87063e-05  1.25519e-06     -18.1978 
         650      41.4473  3.86637e-05  1.25182e-06     -18.1979 
         650      41.6448  3.86114e-05  1.24329e-06     -18.1979 
         650      41.8429  3.85485e-05  1.22856e-06     -18.1979 
         650      42.0414  3.84742e-05  1.20657e-06     -18.1979 
         650      42.2405  3.83875e-05  1.17604e-06     -18.1979 
         650      42.4399   3.8449e-05  1.19047e-06     -18.1979 
         650      42.6399   3.8494e-05  1.20168e-06     -18.1979 
         650      42.8404  3.85242e-05  1.20882e-06     -18.1979 
         650      43.0412  3.85424e-05  1.21165e-06     -18.1979 
         650      43.2426  3.85511e-05  1.21008e-06     -18.1979 
         650      43.4444  3.85524e-05  1.20418e-06     -18.1979 
         650      43.6467  3.85481e-05  1.19412e-06     -18.1979 
         650      43.8494  3.85398e-05  1.18022e-06     -18.1979 
         650      44.0527  3.85288e-05   1.1629e-06     -18.1979 
         650      44.2563  3.85162e-05   1.1427e-06     -18.1979 
         650      44.4606  3.85028e-05   1.1202e-06     -18.1979 
         650      44.6653  3.84894e-05  1.09613e-06     -18.1979 
         650      44.8704  3.84767e-05  1.07126e-06     -18.1979 
         650       45.076   3.8465e-05  1.04639e-06     -18.1979 
         650       45.282  3.84548e-05  1.02243e-06     -18.1979 
         650      45.4886  3.84462e-05  1.00027e-06     -18.1979 
         650      45.6955  3.84396e-05  9.80869e-07     -18.1979 
         650       45.903   3.8435e-05  9.65159e-07     -18.1979 
         650      46.1111  3.84326e-05  9.54116e-07     -18.1979 
         650      46.3194  3.84325e-05  9.48691e-07     -18.1979 
         650      46.5283  3.84347e-05  9.49807e-07     -18.1979 
         650      46.7376  3.84393e-05  9.58356e-07     -18.1979 
         650      46.9475  3.84465e-05  9.75205e-07     -18.1979 
         650      47.1577  3.84561e-05  1.00112e-06     -18.1979 
         650      47.3685  3.84684e-05  1.03687e-06     -18.1979 
         650      47.5798  3.84832e-05  1.08309e-06     -18.1979 
         650      47.7914  3.85008e-05  1.14027e-06     -18.1979 
         650      48.0037  3.85212e-05  1.20894e-06     -18.1979 
         650      48.2162  3.85324e-05  1.27392e-06     -18.1979 
         650      48.4294   3.8449e-05  1.21562e-06     -18.1979 
         650      48.6429  3.83762e-05  1.16405e-06     -18.1979 
         650       48.857  3.83151e-05  1.11936e-06     -18.1979 
         650      49.0714  3.82664e-05  1.08181e-06     -18.1979 
         650      49.2865  3.82299e-05  1.05146e-06     -18.1979 
         650       49.502  3.82053e-05  1.02841e-06      -18.198 
         650      49.7179  3.81915e-05  1.01265e-06      -18.198 
         650      49.9343   3.8187e-05  1.00402e-06      -18.198 
         650      50.1511  3.81903e-05  1.00229e-06      -18.198 
         650      50.3685  3.81992e-05  1.00704e-06      -18.198 
         650      50.5862  3.82116e-05   1.0177e-06      -18.198 
         650      50.8046  3.82254e-05  1.03347e-06      -18.198 
         650      51.0234  3.82382e-05  1.05332e-06      -18.198 
         650      51.2425  3.82482e-05   1.0759e-06      -18.198 
         650      51.4623  3.82536e-05  1.09959e-06      -18.198 
         650      51.6824  3.82533e-05  1.12232e-06      -18.198 
         650      51.9031  3.82466e-05  1.14167e-06      -18.198 
         650      52.1241   3.8234e-05  1.15465e-06      -18.198 
         650      52.3457  3.82166e-05  1.15779e-06      -18.198 
         650      52.5676  3.81971e-05  1.14698e-06      -18.198 
         650      52.7902  3.81793e-05   1.1174e-06      -18.198 
         650      53.0133  3.81691e-05  1.06351e-06      -18.198 
         650      53.2366  3.81742e-05  9.78984e-07      -18.198 
         650      53.4606  3.82045e-05  8.56362e-07      -18.198 
         650      53.6849  3.82724e-05  6.87506e-07      -18.198 
         650      53.9099  3.82191e-05  6.99022e-07      -18.198 
         650      54.1351  3.81345e-05  7.81268e-07      -18.198 
         650       54.361  3.80793e-05  8.46484e-07      -18.198 
         650      54.5873  3.80473e-05  8.96459e-07      -18.198 
         650      54.8139  3.80335e-05  9.33015e-07      -18.198 
         650      55.0412   3.8033e-05  9.58024e-07      -18.198 
         650      55.2688  3.80418e-05  9.73218e-07      -18.198 
         650       55.497  3.80567e-05   9.8034e-07      -18.198 
         650      55.7255  3.80747e-05  9.81032e-07      -18.198 
         650      55.9547  3.80935e-05  9.76877e-07      -18.198 
         650      56.1844  3.81114e-05  9.69368e-07      -18.198 
         650      56.4143  3.81268e-05  9.59921e-07      -18.198 
         650      56.6449  3.81388e-05  9.49826e-07     -18.1981 
         650      56.8757  3.81467e-05  9.40298e-07     -18.1981 
         650      57.1072  3.81501e-05  9.32409e-07     -18.1981 
         650       57.339  3.81491e-05  9.27143e-07     -18.1981 
         650      57.5715  3.81437e-05  9.25344e-07     -18.1981 
         650      57.8042  3.81343e-05  9.27742e-07     -18.1981 
         650      58.0376  3.81215e-05  9.34949e-07     -18.1981 
         650      58.2715   3.8106e-05  9.47446e-07     -18.1981 
         650      58.5057  3.80886e-05  9.65578e-07     -18.1981 
         650      58.7405    3.807e-05  9.89613e-07     -18.1981 
         650      58.9756  3.80513e-05  1.01964e-06     -18.1981 
         650      59.2113  3.80333e-05  1.05572e-06     -18.1981 
         650      59.4473   3.8017e-05  1.09771e-06     -18.1981 
         650       59.684  3.80032e-05  1.14548e-06     -18.1981 
         650      59.9212  3.79927e-05  1.19875e-06     -18.1981 
         650      60.1586  3.79981e-05  1.24346e-06     -18.1981 
         650      60.3967  3.80684e-05  1.20828e-06     -18.1981 
         650      60.6351  3.81202e-05  1.18011e-06     -18.1981 
         650      60.8741  3.81565e-05  1.15784e-06     -18.1981 
         650      61.1135  3.81799e-05   1.1405e-06     -18.1981 
         650      61.3534   3.8193e-05  1.12719e-06     -18.1981 
         650      61.5939  3.81984e-05  1.11715e-06     -18.1981 
         650      61.8346  3.81982e-05  1.10974e-06     -18.1981 
         650       62.076  3.81946e-05  1.10441e-06     -18.1981 
         650      62.3177  3.81894e-05  1.10076e-06     -18.1981 
         650        62.56  3.81841e-05  1.09851e-06     -18.1981 
         650      62.8026    3.818e-05  1.09749e-06     -18.1982 
         650      63.0459   3.8178e-05  1.09765e-06     -18.1982 
         650      63.2894  3.81789e-05  1.09904e-06     -18.1982 
         650      63.5336  3.81828e-05  1.10181e-06     -18.1982 
         650      63.7783  3.81896e-05  1.10619e-06     -18.1982 
         650      64.0233   3.8199e-05  1.11249e-06     -18.1982 
         650      64.2689  3.82101e-05  1.12105e-06     -18.1982 
         650      64.5148  3.82215e-05  1.13225e-06     -18.1982 
         650      64.7613  3.82316e-05  1.14649e-06     -18.1982 
         650      65.0082  3.82383e-05   1.1641e-06     -18.1982 
         650      65.2557   3.8239e-05  1.18542e-06     -18.1982 
         650      65.5036  3.82307e-05  1.21067e-06     -18.1982 
         650      65.7519    3.821e-05  1.23992e-06     -18.1982 
         650      66.0008   3.8173e-05  1.27318e-06     -18.1982 
         650        66.25  3.81155e-05  1.31011e-06     -18.1982 
         650      66.4998  3.80326e-05  1.35027e-06     -18.1982 
         650        66.75  3.80175e-05  1.37791e-06     -18.1982 
         650      67.0007  3.80764e-05   1.3844e-06     -18.1982 
         650      67.2518  3.81211e-05  1.38247e-06     -18.1982 
         650      67.5035  3.81543e-05  1.37352e-06     -18.1982 
         650      67.7557  3.81783e-05  1.35883e-06     -18.1982 
         650      68.0082   3.8195e-05  1.33964e-06     -18.1982 
         650      68.2614   3.8206e-05  1.31708e-06     -18.1982 
         650      68.5148  3.82127e-05  1.29221e-06     -18.1983 
         650      68.7688  3.82159e-05  1.26598e-06     -18.1983 
         650      69.0232  3.82166e-05  1.23927e-06     -18.1983 
         650      69.2782  3.82154e-05  1.21281e-06     -18.1983 
         650      69.5337  3.82125e-05  1.18729e-06     -18.1983 
         650      69.7895  3.82083e-05  1.16328e-06     -18.1983 
         650      70.0459  3.82028e-05  1.14118e-06     -18.1983 
         650      70.3026  3.81961e-05  1.12137e-06     -18.1983 
         650        70.56  3.81881e-05  1.10404e-06     -18.1983 
         650      70.8176  3.81786e-05  1.08932e-06     -18.1983 
         650      71.0759  3.81676e-05  1.07718e-06     -18.1983 
         650      71.3347  3.81548e-05  1.06751e-06     -18.1983 
         650      71.5938    3.814e-05  1.06005e-06     -18.1983 
         650      71.8535  3.81232e-05  1.05444e-06     -18.1983 
         650      72.1135  3.81042e-05  1.05021e-06     -18.1983 
         650      72.3741  3.80831e-05  1.04674e-06     -18.1983 
         650       72.635  3.80598e-05  1.04332e-06     -18.1983 
         650      72.8967  3.80347e-05  1.03911e-06     -18.1983 
         650      73.1585  3.80078e-05  1.03318e-06     -18.1983 
         650      73.4211  3.79796e-05  1.02445e-06     -18.1983 
         650      73.6841  3.79506e-05  1.01177e-06     -18.1983 
         650      73.9473  3.79214e-05  9.93881e-07     -18.1984 
         650      74.2113  3.78929e-05   9.6938e-07     -18.1984 
         650      74.4755  3.79037e-05  9.63578e-07     -18.1984 
         650      74.7404  3.79685e-05  9.93292e-07     -18.1984 
         650      75.0056  3.80194e-05  1.01421e-06     -18.1984 
         650      75.2714  3.80574e-05  1.02736e-06     -18.1984 
         650      75.5377   3.8084e-05  1.03372e-06     -18.1984 
         650      75.8043  3.81004e-05  1.03428e-06     -18.1984 
         650      76.0715  3.81082e-05  1.02998e-06     -18.1984 
         650       76.339   3.8109e-05  1.02173e-06     -18.1984 
         650      76.6072  3.81044e-05  1.01039e-06     -18.1984 
         650      76.8756   3.8096e-05  9.96786e-07     -18.1984 
         650      77.1448  3.80856e-05  9.81623e-07     -18.1984 
         650      77.4141  3.80747e-05  9.65594e-07     -18.1984 
         650      77.6842  3.80647e-05  9.49263e-07     -18.1984 
         650      77.9547   3.8057e-05  9.33148e-07     -18.1984 
         650      78.2255  3.80529e-05  9.17684e-07     -18.1984 
         650       78.497  3.80531e-05  9.03176e-07     -18.1984 
         650      78.7687  3.80586e-05  8.89891e-07     -18.1984 
         650      79.0411  3.80694e-05  8.77962e-07     -18.1985 
         650      79.3138  3.80857e-05  8.67474e-07     -18.1985 
         650      79.5872   3.8107e-05  8.58393e-07     -18.1985 
         650       79.861  3.81323e-05  8.50631e-07     -18.1985 
         650      80.1351  3.81599e-05  8.44019e-07     -18.1985 
         650      80.4098  3.81877e-05  8.38309e-07     -18.1985 
         650      80.6849  3.82128e-05  8.33212e-07     -18.1985 
         650      80.9606  3.82313e-05  8.28376e-07     -18.1985 
         650      81.2365  3.82387e-05  8.23428e-07     -18.1985 
         650      81.5132  3.82295e-05  8.17959e-07     -18.1985 
         650      81.7903  3.81968e-05  8.11566e-07     -18.1985 
         650      82.0676   3.8133e-05  8.03859e-07     -18.1985 
         650      82.3457  3.80806e-05  8.14349e-07     -18.1985 
         650       82.624  3.80748e-05   8.4037e-07     -18.1985 
         650       82.903   3.8061e-05  8.54809e-07     -18.1985 
         650      83.1822  3.80425e-05  8.59672e-07     -18.1986 
         650      83.4622  3.80214e-05  8.56821e-07     -18.1986 
         650      83.7424      3.8e-05  8.47939e-07     -18.1986 
         650      84.0232  3.79795e-05  8.34525e-07     -18.1986 
         650      84.3046  3.79611e-05  8.17933e-07     -18.1986 
         650      84.5862  3.79457e-05  7.99375e-07     -18.1986 
         650      84.8685  3.79337e-05  7.79865e-07     -18.1986 
         650       85.151  3.79252e-05  7.60336e-07     -18.1986 
         650      85.4342  3.79204e-05  7.41518e-07     -18.1986 
         650      85.7177   3.7919e-05  7.24075e-07     -18.1986 
         650      86.0019  3.79207e-05  7.08488e-07     -18.1986 
         650      86.2865  3.79251e-05  6.95164e-07     -18.1986 
         650      86.5714  3.79317e-05  6.84394e-07     -18.1986 
         650       86.857    3.794e-05   6.7634e-07     -18.1986 
         650      87.1428  3.79493e-05  6.71098e-07     -18.1986 
         650      87.4293  3.79591e-05  6.68658e-07     -18.1986 
         650      87.7161   3.7969e-05  6.68939e-07     -18.1986 
         650      88.0035  3.79784e-05  6.71787e-07     -18.1986 
         650      88.2914  3.79869e-05  6.76981e-07     -18.1986 
         650      88.5796  3.79942e-05  6.84238e-07     -18.1986 
         650      88.8685  3.80001e-05  6.93247e-07     -18.1987 
         650      89.1576  3.80043e-05   7.0363e-07     -18.1987 
         650      89.4474  3.80069e-05  7.15008e-07     -18.1987 
         650      89.7374  3.80079e-05   7.2695e-07     -18.1987 
         650      90.0282  3.80074e-05  7.39044e-07     -18.1987 
         650      90.3192  3.80057e-05  7.50841e-07     -18.1987 
         650      90.6109  3.80031e-05   7.6193e-07     -18.1987 
         650       90.903  3.79999e-05  7.71892e-07     -18.1987 
         650      91.1954  3.79966e-05  7.80333e-07     -18.1987 
         650      91.4885  3.79936e-05  7.86914e-07     -18.1987 
         650      91.7819  3.79913e-05  7.91316e-07     -18.1987 
         650      92.0759  3.79901e-05  7.93294e-07     -18.1987 
         650      92.3702  3.79903e-05  7.92656e-07     -18.1988 
         650      92.6652  3.79922e-05  7.89288e-07     -18.1988 
         650      92.9606  3.79957e-05  7.83164e-07     -18.1988 
         650      93.2563  3.80006e-05  7.74361e-07     -18.1988 
         650      93.5527  3.80066e-05  7.63044e-07     -18.1988 
         650      93.8493  3.80127e-05  7.49527e-07     -18.1988 
         650      94.1466  3.80179e-05  7.34219e-07     -18.1988 
         650      94.4442  3.80204e-05  7.17711e-07     -18.1988 
         650      94.7425   3.8018e-05  7.00701e-07     -18.1988 
         650       95.041  3.80079e-05  6.84104e-07     -18.1988 
         650      95.3402  3.79864e-05  6.68961e-07     -18.1988 
         650      95.6399  3.79492e-05  6.56542e-07     -18.1988 
         650      95.9398  3.79223e-05  6.53773e-07     -18.1988 
         650      96.2404  3.79395e-05  6.61246e-07     -18.1988 
         650      96.5412  3.79632e-05  6.69099e-07     -18.1988 
         650      96.8428  3.79931e-05  6.76841e-07     -18.1988 
         650      97.1446  3.80274e-05  6.84011e-07     -18.1988 
         650      97.4471  3.80631e-05  6.90166e-07     -18.1988 
         650      97.7501  3.80958e-05   6.9477e-07     -18.1988 
         650      98.0533  3.81197e-05  6.97152e-07     -18.1988 
         650      98.3572  3.81277e-05  6.96428e-07     -18.1988 
         650      98.6613  3.81112e-05  6.91426e-07     -18.1988 
         650      98.9662  3.80598e-05  6.80594e-07     -18.1989 
         650      99.2712  3.79622e-05  6.61958e-07     -18.1989 
         650       99.577  3.78047e-05  6.32966e-07     -18.1989 
         650      99.8833  3.75726e-05  5.90482e-07     -18.1989 
         650       100.19  3.76626e-05   5.9079e-07     -18.1989 
         650      100.497   3.7799e-05  5.91364e-07     -18.1989 
         650      100.804  3.78979e-05  5.82393e-07     -18.1989 
         650      101.113  3.79665e-05  5.67184e-07     -18.1989 
         650      101.421   3.8011e-05  5.48517e-07     -18.1989 
         650       101.73  3.80368e-05   5.2861e-07     -18.1989 
         650      102.039  3.80487e-05  5.09273e-07      -18.199 
         650      102.349  3.80505e-05  4.91833e-07      -18.199 
         650       102.66  3.80456e-05  4.77286e-07      -18.199 
         650      102.971  3.80368e-05  4.66281e-07      -18.199 
         650      103.282  3.80263e-05  4.59146e-07      -18.199 
         650      103.594  3.80158e-05  4.55983e-07      -18.199 
         650      103.906  3.80065e-05  4.56657e-07      -18.199 
         650      104.219  3.79993e-05  4.60856e-07      -18.199 
         650      104.532  3.79948e-05  4.68128e-07      -18.199 
         650      104.846  3.79932e-05  4.77897e-07      -18.199 
         650       105.16  3.79945e-05  4.89499e-07      -18.199 
         650      105.474  3.79984e-05  5.02245e-07      -18.199 
         650      105.789  3.80045e-05   5.1538e-07      -18.199 
         650      106.105  3.80123e-05  5.28194e-07      -18.199 
         650      106.421  3.80212e-05   5.3996e-07      -18.199 
         650      106.738  3.80304e-05  5.50036e-07      -18.199 
         650      107.055  3.80394e-05  5.57816e-07     -18.1991 
         650      107.372  3.80473e-05  5.62785e-07     -18.1991 
         650       107.69  3.80536e-05  5.64538e-07     -18.1991 
         650      108.008  3.80576e-05  5.62771e-07     -18.1991 
         650      108.327  3.80588e-05    5.573e-07     -18.1991 
         650      108.646   3.8057e-05  5.48082e-07     -18.1991 
         650      108.966  3.80518e-05  5.35183e-07     -18.1991 
         650      109.286  3.80433e-05  5.18841e-07     -18.1991 
         650      109.607  3.80314e-05  4.99383e-07     -18.1991 
         650      109.928  3.80166e-05  4.77304e-07     -18.1991 
         650       110.25  3.79994e-05  4.53234e-07     -18.1991 
         650      110.572  3.79804e-05  4.27859e-07     -18.1991 
         650      110.895  3.79607e-05  4.02044e-07     -18.1991 
         650      111.218  3.79414e-05  3.76663e-07     -18.1991 
         650      111.541   3.7924e-05  3.52735e-07     -18.1991 
         650      111.865    3.791e-05  3.31244e-07     -18.1991 
         650       112.19  3.79012e-05  3.13253e-07     -18.1992 
         650      112.515  3.78998e-05    2.998e-07     -18.1992 
         650       112.84   3.7908e-05  2.91843e-07     -18.1992 
         650      113.166  3.79282e-05  2.90292e-07     -18.1992 
         650      113.492  3.79629e-05  2.95915e-07     -18.1992 
         650      113.819   3.8015e-05  3.09298e-07     -18.1992 
         650      114.147  3.80872e-05  3.30839e-07     -18.1992 
         650      114.474  3.81824e-05  3.60602e-07     -18.1992 
         650      114.803  3.83036e-05  3.98397e-07     -18.1992 
         650      115.131  3.84538e-05  4.43569e-07     -18.1992 
         650       115.46  3.86358e-05   4.9497e-07     -18.1992 
         650       115.79  3.86057e-05  5.88447e-07     -18.1992 
         650       116.12  3.84326e-05   6.6541e-07     -18.1992 
         650      116.451  3.82236e-05  7.03881e-07     -18.1993 
         650      116.782  3.79835e-05  7.06184e-07     -18.1993 
         650      117.113  3.77159e-05  6.74187e-07     -18.1993 
         650      117.446   3.7425e-05  6.09083e-07     -18.1993 
         650      117.778  3.71149e-05  5.11375e-07     -18.1994 
         650      118.111  3.67891e-05  3.80359e-07     -18.1994 
         650      118.444  3.70552e-05  3.19366e-07     -18.1994 
         650      118.778  3.76228e-05  3.20407e-07     -18.1994 
         650      119.112  3.80511e-05  3.16491e-07     -18.1994 
         650      119.447  3.83612e-05  3.08832e-07     -18.1993 
         650      119.783  3.85709e-05  2.98519e-07     -18.1993 
         650      120.118  3.86971e-05  2.86517e-07     -18.1993 
         650      120.455  3.87549e-05  2.73642e-07     -18.1993 
         650      120.791  3.87578e-05  2.60633e-07     -18.1992 
         650      121.128  3.87178e-05  2.48078e-07     -18.1992 
         650      121.466  3.86458e-05  2.36505e-07     -18.1992 
         650      121.804  3.85509e-05  2.26308e-07     -18.1992 
         650      122.143  3.84415e-05  2.17824e-07     -18.1992 
         650      122.482  3.83244e-05  2.11281e-07     -18.1992 
         650      122.821  3.82056e-05  2.06849e-07     -18.1992 
         650      123.161    3.809e-05   2.0462e-07     -18.1992 
         650      123.502  3.79816e-05  2.04619e-07     -18.1992 
         650      123.843  3.78834e-05  2.06813e-07     -18.1992 
         650      124.184  3.77978e-05  2.11122e-07     -18.1992 
         650      124.526  3.77265e-05  2.17405e-07     -18.1992 
         650      124.868  3.76702e-05  2.25499e-07     -18.1992 
         650      125.211  3.76295e-05  2.35189e-07     -18.1992 
         650      125.554  3.76041e-05   2.4622e-07     -18.1992 
         650      125.898  3.75934e-05  2.58342e-07     -18.1993 
         650      126.242  3.75963e-05  2.71245e-07     -18.1993 
         650      126.587  3.76116e-05   2.8464e-07     -18.1993 
         650      126.932  3.76376e-05  2.98187e-07     -18.1993 
         650      127.278  3.76723e-05  3.11578e-07     -18.1994 
         650      127.624  3.77139e-05   3.2447e-07     -18.1994 
         650      127.971  3.77599e-05  3.36519e-07     -18.1994 
         650      128.318  3.78083e-05  3.47418e-07     -18.1995 
         650      128.665  3.78568e-05  3.56826e-07     -18.1995 
         650      129.013  3.79031e-05  3.64448e-07     -18.1996 
         650      129.361   3.7945e-05  3.69976e-07     -18.1996 
         650       129.71  3.79805e-05  3.73136e-07     -18.1996 
         650       130.06  3.80075e-05  3.73662e-07     -18.1997 
         650       130.41  3.80243e-05  3.71317e-07     -18.1997 
         650       130.76  3.80294e-05  3.65881e-07     -18.1997 
         650      131.111  3.80214e-05  3.57172e-07     -18.1998 
         650      131.462  3.79991e-05  3.45014e-07     -18.1998 
         650      131.814  3.79618e-05  3.29289e-07     -18.1999 
         650      132.166   3.7909e-05  3.09869e-07     -18.1999 
         650      132.519  3.78405e-05  2.86709e-07     -18.1999 
         650      132.872  3.77564e-05  2.59726e-07     -18.1999 
         650      133.226  3.76571e-05  2.28924e-07        -18.2 
         650       133.58  3.75436e-05  1.94348e-07        -18.2 
         650      133.934  3.74168e-05  1.55989e-07        -18.2 
         650      134.289  3.72785e-05  1.13984e-07        -18.2 
         650      134.645  3.71303e-05  6.83689e-08        -18.2 
         650          135  3.69745e-05  1.93443e-08        -18.2 
         650      135.357  3.68134e-05 -3.30145e-08     -18.1999 
         650      135.714  3.66501e-05 -8.84495e-08     -18.1999 
         650      136.071  3.64872e-05 -1.46856e-07     -18.1999 
         650      136.429  3.63282e-05  -2.0798e-07     -18.1998 
         650      136.787  3.61769e-05  -2.7155e-07     -18.1998 
         650      137.146  3.60365e-05 -3.37436e-07     -18.1997 
         650      137.505  3.59111e-05 -4.05301e-07     -18.1996 
         650      137.865  3.58045e-05  -4.7502e-07     -18.1995 
         650      138.225  3.57208e-05 -5.46257e-07     -18.1994 
         650      138.586  3.56638e-05 -6.18912e-07     -18.1993 
         650      138.947  3.56374e-05 -6.92732e-07     -18.1991 
         650      139.309  3.56454e-05 -7.67489e-07      -18.199 
         650      139.671  3.56913e-05 -8.43164e-07     -18.1988 
         650      140.033  3.57782e-05 -9.19539e-07     -18.1986 
         650      140.397  3.59092e-05 -9.96687e-07     -18.1983 
         650       140.76  3.60863e-05 -1.07449e-06     -18.1981 
         650      141.124  3.63118e-05 -1.15316e-06     -18.1978 
         650      141.488  3.65867e-05 -1.23277e-06     -18.1975 
         650      141.853   3.6911e-05 -1.31351e-06     -18.1972 
         650      142.219  3.72849e-05 -1.39583e-06     -18.1969 
         650      142.584  3.77063e-05 -1.48006e-06     -18.1965 
         650      142.951  3.81733e-05 -1.56689e-06     -18.1961 
         650      143.317  3.86811e-05 -1.65689e-06     -18.1957 
         650      143.685  3.92254e-05 -1.75106e-06     -18.1952 
         650      144.052  3.97985e-05 -1.85025e-06     -18.1947 
         650      144.421  4.03928e-05 -1.95581e-06     -18.1942 
         650      144.789  4.09955e-05 -1.98762e-06     -18.1937 
         650      145.158   4.1617e-05 -1.91919e-06     -18.1932 
         650      145.528  4.22167e-05 -1.83985e-06     -18.1928 
         650      145.898  4.27196e-05 -1.74968e-06     -18.1924 
         650      146.269  4.30357e-05 -1.64848e-06      -18.192 
         650       146.64  4.30554e-05 -1.53634e-06     -18.1917 
         650      147.011  4.26489e-05 -1.41301e-06     -18.1914 
         650      147.383  4.16636e-05 -1.27844e-06     -18.1911 
         650      147.755   3.9924e-05  -1.1326e-06     -18.1909 
         650      148.128  3.72233e-05 -9.75026e-07     -18.1908 
         650      148.502  3.33326e-05 -8.05685e-07     -18.1907 
         650      148.876  2.79807e-05 -6.23935e-07     -18.1906 
         650       149.25  2.08771e-05 -4.29601e-07     -18.1906 
         650      149.625   1.1674e-05 -2.21803e-07     -18.1907 
         650          150           -0           -0     -18.1908 
