Variables = x, y, u, v, p

Zone, I=800, F=POINT
         650            0            0            0      47.5012 
         650     0.000234  6.16745e-06   8.6169e-12      47.5012 
         650     0.000939  2.29056e-05  1.49214e-10      47.5012 
         650     0.002113  4.51405e-05  7.59285e-10      47.5012 
         650     0.003759  6.60923e-05  2.38459e-09      47.5012 
         650     0.005872  7.89886e-05  5.73865e-09      47.5012 
         650     0.008457  7.91763e-05  1.16834e-08      47.5012 
         650      0.01151  6.53417e-05  2.11505e-08      47.5012 
         650     0.015036  3.98865e-05  3.51251e-08      47.5012 
         650     0.019031  8.12116e-06   5.4526e-08      47.5012 
         650     0.023493 -2.37627e-05  8.01631e-08      47.5012 
         650     0.028429 -5.12505e-05  1.12724e-07      47.5012 
         650     0.033831 -7.34569e-05  1.52549e-07      47.5012 
         650     0.039706 -9.38927e-05  1.99758e-07      47.5012 
         650     0.046047 -0.000118495   2.5397e-07      47.5012 
         650     0.052863 -0.000151408  3.14482e-07      47.5012 
         650      0.06015 -0.000189739  3.79971e-07      47.5012 
         650       0.0679 -0.000222547  4.48521e-07      47.5012 
         650     0.076126 -0.000243907   5.1782e-07      47.5012 
         650     0.084816 -0.000285003  5.84745e-07      47.5012 
         650     0.093982 -0.000313726   6.4574e-07      47.5012 
         650     0.103611  -0.00034439  6.96495e-07      47.5012 
         650     0.113718 -0.000375577    7.323e-07      47.5012 
         650     0.124286 -0.000406122  7.47789e-07      47.5012 
         650     0.135333 -0.000435356   7.3721e-07      47.5012 
         650      0.14685 -0.000462898   6.9437e-07      47.5012 
         650     0.158827 -0.000488652  6.12879e-07      47.5012 
         650     0.171284 -0.000512719  4.85927e-07      47.5012 
         650     0.184201 -0.000535082  3.06952e-07      47.5012 
         650     0.197599 -0.000555612  6.89016e-08      47.5012 
         650     0.211455 -0.000573893 -2.34443e-07      47.5012 
         650     0.225792 -0.000589555 -6.09994e-07      47.5012 
         650       0.2406 -0.000602763 -1.06368e-06      47.5012 
         650     0.255865 -0.000614376 -1.60064e-06      47.5012 
         650     0.271613 -0.000623173 -2.22677e-06      47.5012 
         650     0.287818 -0.000629763 -2.94561e-06      47.5012 
         650     0.304506 -0.000634205 -3.76209e-06      47.5012 
         650      0.32165 -0.000636569 -4.67796e-06      47.5012 
         650     0.339278 -0.000636969 -5.69702e-06      47.5012 
         650     0.357377 -0.000635533  -6.8201e-06      47.5012 
         650      0.37593  -0.00063242 -8.04673e-06      47.5012 
         650     0.394968 -0.000627796 -9.37879e-06      47.5012 
         650     0.414461 -0.000621852 -1.08133e-05      47.5012 
         650      0.43444 -0.000614765 -1.23507e-05      47.5012 
         650     0.454872 -0.000606735 -1.39863e-05      47.5012 
         650     0.475791 -0.000597929 -1.57195e-05      47.5012 
         650     0.497163 -0.000588532 -1.75441e-05      47.5012 
         650     0.519021 -0.000578686 -1.94587e-05      47.5012 
         650      0.54135  -0.00056854 -2.14573e-05      47.5012 
         650     0.564131 -0.000558234 -2.35331e-05      47.5012 
         650       0.5874 -0.000547882 -2.56834e-05      47.5012 
         650     0.611121 -0.000537629 -2.78988e-05      47.5012 
         650      0.63533 -0.000527464 -3.01804e-05      47.5012 
         650      0.65999 -0.000517554  -3.2516e-05      47.5012 
         650     0.685139 -0.000507904 -3.49026e-05      47.5012 
         650     0.710759 -0.000498532 -3.73323e-05      47.5012 
         650     0.736828 -0.000489443 -3.97965e-05      47.5012 
         650     0.763387 -0.000480609 -4.22928e-05      47.5012 
         650     0.790396 -0.000472018 -4.48112e-05      47.5012 
         650     0.817896 -0.000463624 -4.73497e-05      47.5012 
         650     0.845843 -0.000455397 -4.98985e-05      47.5012 
         650     0.874283 -0.000447272 -5.24562e-05      47.5012 
         650      0.90317 -0.000439209 -5.50135e-05      47.5012 
         650     0.932551 -0.000431135 -5.75699e-05      47.5012 
         650     0.962401 -0.000422997 -6.01187e-05      47.5012 
         650     0.992697 -0.000414743 -6.26539e-05      47.5012 
         650      1.02349 -0.000406305 -6.51763e-05      47.5012 
         650      1.05472 -0.000397649 -6.76784e-05      47.5012 
         650      1.08645 -0.000388721 -7.01619e-05      47.5012 
         650      1.11863 -0.000379507 -7.26205e-05      47.5012 
         650       1.1513 -0.000369977 -7.50565e-05      47.5012 
         650      1.18444 -0.000360134 -7.74667e-05      47.5012 
         650      1.21802 -0.000350002 -7.98487e-05      47.5012 
         650      1.25211  -0.00033959 -8.22059e-05      47.5012 
         650      1.28663 -0.000328955 -8.45348e-05      47.5012 
         650      1.32165 -0.000318128   -8.684e-05      47.5012 
         650      1.35712 -0.000307182 -8.91188e-05      47.5012 
         650      1.39308 -0.000296151 -9.13765e-05      47.5012 
         650      1.42951 -0.000285083 -9.36136e-05      47.5012 
         650      1.46638 -0.000274003 -9.58308e-05      47.5012 
         650      1.50375 -0.000262868 -9.80349e-05      47.5012 
         650      1.54156 -0.000251682 -0.000100218      47.5012 
         650      1.57987 -0.000240649 -0.000102383      47.5012 
         650      1.61863 -0.000229766 -0.000104528      47.5012 
         650      1.65788 -0.000218987 -0.000106653      47.5012 
         650      1.69757 -0.000208304 -0.000108755      47.5012 
         650      1.73776 -0.000197673 -0.000110833      47.5012 
         650      1.77842  -0.00018708 -0.000112886      47.5012 
         650      1.81952 -0.000176512 -0.000114909      47.5012 
         650      1.86113 -0.000165933 -0.000116904      47.5012 
         650      1.90316 -0.000155343 -0.000118865      47.5012 
         650      1.94571  -0.00014471 -0.000120793      47.5012 
         650      1.98869 -0.000134038 -0.000122684      47.5012 
         650      2.03217 -0.000123299 -0.000124537      47.5012 
         650      2.07612 -0.000112496 -0.000126349      47.5012 
         650      2.12051 -0.000101631 -0.000128116      47.5012 
         650       2.1654 -9.06835e-05 -0.000129838      47.5012 
         650      2.21073 -7.96716e-05  -0.00013151      47.5012 
         650      2.25656 -6.85797e-05 -0.000133132      47.5012 
         650      2.30283 -5.74298e-05 -0.000134699      47.5012 
         650       2.3496 -4.62117e-05 -0.000136211      47.5012 
         650      2.39685 -3.49428e-05 -0.000137666      47.5012 
         650      2.44452  -2.3644e-05 -0.000139058      47.5012 
         650      2.49271 -1.23107e-05 -0.000140389      47.5012 
         650      2.54132 -9.75848e-07 -0.000141654      47.5012 
         650      2.59044  1.03616e-05 -0.000142853      47.5012 
         650         2.64  2.16654e-05 -0.000143983      47.5012 
         650      2.69006  3.29335e-05 -0.000145044      47.5012 
         650      2.74056  4.41274e-05 -0.000146033      47.5012 
         650      2.79156  5.52433e-05  -0.00014695      47.5012 
         650      2.84304  6.62501e-05 -0.000147792      47.5012 
         650      2.89494  7.71168e-05  -0.00014856      47.5012 
         650      2.94735  8.78381e-05 -0.000149253      47.5012 
         650       3.0002  9.83745e-05 -0.000149869      47.5012 
         650      3.05355   0.00010872 -0.000150409      47.5012 
         650      3.10733  0.000118839 -0.000150871      47.5012 
         650      3.16163  0.000128724 -0.000151257      47.5012 
         650      3.21639   0.00013835 -0.000151566      47.5012 
         650      3.27158  0.000147691 -0.000151796      47.5012 
         650      3.32729  0.000156744 -0.000151948      47.5012 
         650      3.38342  0.000165481 -0.000152022      47.5012 
         650      3.44007  0.000173901 -0.000152016      47.5012 
         650      3.49714   0.00018198 -0.000151928      47.5012 
         650      3.55472  0.000189719 -0.000151758      47.5012 
         650      3.61273  0.000197097 -0.000151501      47.5013 
         650      3.67125  0.000204118 -0.000151156      47.5013 
         650      3.73025  0.000210768 -0.000150716      47.5013 
         650      3.78967  0.000217037 -0.000150268      47.5013 
         650      3.84961  0.000222858 -0.000149794      47.5013 
         650      3.90996  0.000228224 -0.000149255      47.5013 
         650      3.97084  0.000233157 -0.000148652      47.5013 
         650      4.03214  0.000237668 -0.000147987      47.5013 
         650      4.09395  0.000241777 -0.000147262      47.5013 
         650      4.15624  0.000245499 -0.000146479      47.5013 
         650      4.21895  0.000248846 -0.000145641      47.5013 
         650      4.28217  0.000251839 -0.000144748      47.5013 
         650      4.34582   0.00025449 -0.000143803      47.5013 
         650      4.40998  0.000256818 -0.000142808      47.5013 
         650      4.47457  0.000258834 -0.000141767      47.5013 
         650      4.53968  0.000260558  -0.00014068      47.5013 
         650      4.60525  0.000262001  -0.00013955      47.5013 
         650      4.67125  0.000263177  -0.00013838      47.5013 
         650      4.73777  0.000264103 -0.000137172      47.5013 
         650       4.8047  0.000264791 -0.000135928      47.5013 
         650      4.87216  0.000265255 -0.000134651      47.5013 
         650      4.94003  0.000265508 -0.000133344      47.5013 
         650      5.00843  0.000265561 -0.000132007      47.5013 
         650      5.07724  0.000265427 -0.000130646      47.5013 
         650      5.14658  0.000265118 -0.000129259      47.5013 
         650      5.21639  0.000264644 -0.000127851      47.5013 
         650      5.28661  0.000264016 -0.000126426      47.5013 
         650      5.35736  0.000263244 -0.000124982      47.5013 
         650      5.42852  0.000262337 -0.000123524      47.5013 
         650      5.50021  0.000261304 -0.000122052      47.5013 
         650      5.57231  0.000260154 -0.000120571      47.5013 
         650      5.64493  0.000258893  -0.00011908      47.5013 
         650      5.71803  0.000257529 -0.000117582      47.5013 
         650      5.79154  0.000256071 -0.000116079      47.5013 
         650      5.86558  0.000254523 -0.000114572      47.5013 
         650      5.94003  0.000252892 -0.000113063      47.5013 
         650      6.01501  0.000251181 -0.000111553      47.5013 
         650       6.0904  0.000249473 -0.000110086      47.5013 
         650      6.16632  0.000247765 -0.000108653      47.5013 
         650      6.24271  0.000246002 -0.000107225      47.5013 
         650       6.3195  0.000244189 -0.000105807      47.5013 
         650      6.39683  0.000242327 -0.000104404      47.5013 
         650      6.47457  0.000240422  -0.00010302      47.5013 
         650      6.55284  0.000238476 -0.000101659      47.5013 
         650      6.63152  0.000236497 -0.000100323      47.5013 
         650      6.71073  0.000234486 -9.90109e-05      47.5013 
         650      6.79034  0.000232452 -9.77254e-05      47.5013 
         650      6.87049  0.000230398 -9.64617e-05      47.5013 
         650      6.95111  0.000228331 -9.52168e-05      47.5013 
         650      7.03214  0.000226258 -9.39855e-05      47.5014 
         650       7.1137  0.000224184 -9.27571e-05      47.5014 
         650      7.19566  0.000222118 -9.15221e-05      47.5014 
         650      7.27816  0.000220062 -9.02641e-05      47.5014 
         650      7.36106  0.000218025 -8.89669e-05      47.5014 
         650      7.44451  0.000216008 -8.76065e-05      47.5014 
         650      7.52842  0.000214093 -8.65244e-05      47.5014 
         650      7.61273  0.000212202 -8.54871e-05      47.5014 
         650      7.69758  0.000210318 -8.44082e-05      47.5014 
         650      7.78283  0.000208452 -8.33003e-05      47.5014 
         650      7.86862  0.000206608 -8.21719e-05      47.5014 
         650      7.95481  0.000204792 -8.10345e-05      47.5014 
         650      8.04155     0.000203 -7.98951e-05      47.5014 
         650      8.12868  0.000201234 -7.87634e-05      47.5014 
         650      8.21635  0.000199486 -7.76443e-05      47.5014 
         650      8.30449  0.000197749 -7.65443e-05      47.5014 
         650      8.39303  0.000196013 -7.54682e-05      47.5014 
         650      8.48211  0.000194383 -7.44255e-05      47.5014 
         650      8.57159  0.000192794 -7.33968e-05      47.5014 
         650      8.66161  0.000191218 -7.23762e-05      47.5014 
         650      8.75203  0.000189656 -7.13655e-05      47.5014 
         650      8.84299  0.000188107 -7.03631e-05      47.5014 
         650      8.93443  0.000186573 -6.93698e-05      47.5014 
         650      9.02626  0.000185055 -6.83865e-05      47.5014 
         650      9.11863  0.000183552 -6.74117e-05      47.5014 
         650      9.21139  0.000182067 -6.64469e-05      47.5014 
         650      9.30471    0.0001806 -6.54905e-05      47.5014 
         650      9.39841  0.000179153 -6.45441e-05      47.5014 
         650      9.49267  0.000177724 -6.36059e-05      47.5014 
         650      9.58739  0.000176317 -6.26767e-05      47.5014 
         650      9.68251  0.000174933 -6.17568e-05      47.5014 
         650      9.77817   0.00017357 -6.08447e-05      47.5014 
         650      9.87422  0.000172231 -5.99414e-05      47.5014 
         650      9.97083  0.000170916 -5.90452e-05      47.5014 
         650      10.0678  0.000169625 -5.81572e-05      47.5014 
         650      10.1654  0.000168358 -5.72755e-05      47.5014 
         650      10.2633  0.000167116 -5.64012e-05      47.5014 
         650      10.3618  0.000165898 -5.55325e-05      47.5014 
         650      10.4607  0.000164703 -5.46698e-05      47.5014 
         650      10.5601  0.000163532 -5.38135e-05      47.5014 
         650        10.66  0.000162384 -5.29619e-05      47.5014 
         650      10.7603  0.000161258 -5.21164e-05      47.5014 
         650      10.8611  0.000160153 -5.12758e-05      47.5014 
         650      10.9623  0.000159069 -5.04416e-05      47.5014 
         650      11.0641  0.000158003  -4.9613e-05      47.5014 
         650      11.1663  0.000156956 -4.87915e-05      47.5014 
         650       11.269  0.000155929  -4.7979e-05      47.5015 
         650      11.3721  0.000154918 -4.71759e-05      47.5015 
         650      11.4757  0.000153925 -4.63854e-05      47.5015 
         650      11.5798  0.000152949 -4.56091e-05      47.5015 
         650      11.6844  0.000151993 -4.48515e-05      47.5015 
         650      11.7894  0.000151056 -4.41158e-05      47.5015 
         650       11.895  0.000150141 -4.34074e-05      47.5015 
         650      12.0009  0.000149253 -4.27329e-05      47.5015 
         650      12.1073  0.000148319 -4.20073e-05      47.5015 
         650      12.2142  0.000147377  -4.1255e-05      47.5015 
         650      12.3216  0.000146475 -4.05318e-05      47.5015 
         650      12.4294  0.000145607 -3.98324e-05      47.5015 
         650      12.5378  0.000144764 -3.91506e-05      47.5015 
         650      12.6465  0.000143943 -3.84832e-05      47.5015 
         650      12.7558  0.000143138 -3.78256e-05      47.5015 
         650      12.8656  0.000142347 -3.71755e-05      47.5015 
         650      12.9757  0.000141569 -3.65314e-05      47.5015 
         650      13.0864  0.000140799 -3.58906e-05      47.5015 
         650      13.1975  0.000140039 -3.52532e-05      47.5015 
         650      13.3092  0.000139288 -3.46177e-05      47.5015 
         650      13.4212  0.000138546  -3.3985e-05      47.5015 
         650      13.5338  0.000137813 -3.33542e-05      47.5015 
         650      13.6468  0.000137091 -3.27263e-05      47.5015 
         650      13.7603  0.000136381 -3.21026e-05      47.5015 
         650      13.8743  0.000135683 -3.14827e-05      47.5015 
         650      13.9886     0.000135 -3.08687e-05      47.5015 
         650      14.1036  0.000134333 -3.02604e-05      47.5015 
         650      14.2189  0.000133682 -2.96598e-05      47.5015 
         650      14.3348  0.000133049 -2.90668e-05      47.5015 
         650       14.451  0.000132435 -2.84832e-05      47.5015 
         650      14.5678   0.00013184 -2.79086e-05      47.5015 
         650      14.6851  0.000131264 -2.73443e-05      47.5015 
         650      14.8028  0.000130709 -2.67909e-05      47.5015 
         650       14.921  0.000130172 -2.62478e-05      47.5015 
         650      15.0396  0.000129654  -2.5716e-05      47.5015 
         650      15.1588  0.000129152 -2.51945e-05      47.5015 
         650      15.2783  0.000128667 -2.46839e-05      47.5015 
         650      15.3984  0.000128196 -2.41832e-05      47.5015 
         650       15.519  0.000127737 -2.36925e-05      47.5015 
         650        15.64  0.000127289 -2.32116e-05      47.5016 
         650      15.7615  0.000126849 -2.27397e-05      47.5016 
         650      15.8834  0.000126415 -2.22775e-05      47.5016 
         650      16.0058  0.000125985 -2.18242e-05      47.5016 
         650      16.1286  0.000125558 -2.13814e-05      47.5016 
         650       16.252  0.000125132 -2.09493e-05      47.5016 
         650      16.3759  0.000124708 -2.05302e-05      47.5016 
         650      16.5002  0.000124285  -2.0127e-05      47.5016 
         650       16.625  0.000123866  -1.9743e-05      47.5016 
         650      16.7501  0.000123454 -1.93836e-05      47.5016 
         650      16.8759  0.000123054  -1.9055e-05      47.5016 
         650       17.002  0.000122678 -1.86264e-05      47.5016 
         650      17.1287  0.000122257 -1.80848e-05      47.5016 
         650      17.2557  0.000121763 -1.74531e-05      47.5016 
         650      17.3834  0.000121255 -1.69874e-05      47.5016 
         650      17.5115  0.000120877 -1.68808e-05      47.5016 
         650      17.6399  0.000120538 -1.66346e-05      47.5016 
         650       17.769  0.000120208 -1.62821e-05      47.5016 
         650      17.8984  0.000119849  -1.5933e-05      47.5016 
         650      18.0284  0.000119506 -1.55849e-05      47.5016 
         650      18.1587  0.000119179 -1.52381e-05      47.5016 
         650      18.2896  0.000118863 -1.48923e-05      47.5016 
         650       18.421  0.000118559 -1.45482e-05      47.5016 
         650      18.5528  0.000118264 -1.42065e-05      47.5016 
         650      18.6851  0.000117979 -1.38673e-05      47.5016 
         650      18.8178  0.000117701 -1.35317e-05      47.5016 
         650      18.9511  0.000117429 -1.32002e-05      47.5016 
         650      19.0847  0.000117165 -1.28739e-05      47.5016 
         650      19.2189  0.000116907 -1.25531e-05      47.5016 
         650      19.3535  0.000116656 -1.22392e-05      47.5016 
         650      19.4886   0.00011641 -1.19324e-05      47.5017 
         650      19.6242   0.00011617 -1.16337e-05      47.5017 
         650      19.7602  0.000115936 -1.13437e-05      47.5017 
         650      19.8968  0.000115708 -1.10626e-05      47.5017 
         650      20.0337  0.000115486 -1.07913e-05      47.5017 
         650      20.1712   0.00011527 -1.05294e-05      47.5017 
         650      20.3091  0.000115059 -1.02776e-05      47.5017 
         650      20.4475  0.000114855 -1.00355e-05      47.5017 
         650      20.5864  0.000114656 -9.80296e-06      47.5017 
         650      20.7257  0.000114463 -9.57994e-06      47.5017 
         650      20.8655  0.000114275 -9.36559e-06      47.5017 
         650      21.0058  0.000114092 -9.15963e-06      47.5017 
         650      21.1465  0.000113914 -8.96099e-06      47.5017 
         650      21.2877  0.000113741 -8.76915e-06      47.5017 
         650      21.4294  0.000113571 -8.58284e-06      47.5017 
         650      21.5716  0.000113405 -8.40121e-06      47.5017 
         650      21.7142  0.000113243 -8.22334e-06      47.5017 
         650      21.8573  0.000113083 -8.04792e-06      47.5017 
         650      22.0008  0.000112926 -7.87419e-06      47.5017 
         650      22.1449  0.000112772 -7.70099e-06      47.5017 
         650      22.2893   0.00011262 -7.52779e-06      47.5017 
         650      22.4344  0.000112471 -7.35377e-06      47.5017 
         650      22.5797  0.000112326 -7.17891e-06      47.5017 
         650      22.7257  0.000112185 -7.00299e-06      47.5017 
         650      22.8721   0.00011205 -6.82664e-06      47.5018 
         650      23.0189  0.000111922 -6.65104e-06      47.5018 
         650      23.1663  0.000111803 -6.47755e-06      47.5018 
         650       23.314  0.000111698 -6.30886e-06      47.5018 
         650      23.4623  0.000111609 -6.14796e-06      47.5018 
         650       23.611  0.000111542 -5.99936e-06      47.5018 
         650      23.7602  0.000111501 -5.86821e-06      47.5018 
         650        23.91  0.000111495 -5.76132e-06      47.5018 
         650        24.06  0.000111455  -5.6572e-06      47.5018 
         650      24.2107  0.000111177 -5.46093e-06      47.5018 
         650      24.3617  0.000110969 -5.28454e-06      47.5018 
         650      24.5133  0.000110813 -5.12372e-06      47.5018 
         650      24.6653  0.000110697 -4.97539e-06      47.5018 
         650      24.8178  0.000110608 -4.83658e-06      47.5018 
         650      24.9708  0.000110536 -4.70522e-06      47.5018 
         650      25.1242  0.000110473 -4.57976e-06      47.5018 
         650      25.2781  0.000110415 -4.45878e-06      47.5018 
         650      25.4324  0.000110356 -4.34168e-06      47.5018 
         650      25.5873  0.000110295 -4.22783e-06      47.5018 
         650      25.7426   0.00011023 -4.11725e-06      47.5018 
         650      25.8984   0.00011016 -4.00985e-06      47.5019 
         650      26.0546  0.000110086 -3.90609e-06      47.5019 
         650      26.2114  0.000110008 -3.80618e-06      47.5019 
         650      26.3686  0.000109928 -3.71069e-06      47.5019 
         650      26.5262  0.000109848 -3.62014e-06      47.5019 
         650      26.6844  0.000109769 -3.53481e-06      47.5019 
         650      26.8429  0.000109692 -3.45512e-06      47.5019 
         650       27.002  0.000109619 -3.38106e-06      47.5019 
         650      27.1615  0.000109551 -3.31263e-06      47.5019 
         650      27.3216  0.000109487 -3.24928e-06      47.5019 
         650      27.4821  0.000109429 -3.19026e-06      47.5019 
         650       27.643  0.000109376 -3.13439e-06      47.5019 
         650      27.8044  0.000109325 -3.07983e-06      47.5019 
         650      27.9663  0.000109275 -3.02438e-06      47.5019 
         650      28.1287  0.000109223 -2.96502e-06      47.5019 
         650      28.2914  0.000109165 -2.89823e-06      47.5019 
         650      28.4548  0.000109098 -2.81953e-06       47.502 
         650      28.6185  0.000109015 -2.72386e-06       47.502 
         650      28.7828  0.000108912 -2.60497e-06       47.502 
         650      28.9475  0.000108783  -2.4559e-06       47.502 
         650      29.1126   0.00010862 -2.26877e-06       47.502 
         650      29.2784  0.000108512 -2.13479e-06       47.502 
         650      29.4444   0.00010863 -2.23378e-06       47.502 
         650       29.611  0.000108722 -2.29587e-06       47.502 
         650       29.778  0.000108787 -2.32447e-06       47.502 
         650      29.9456  0.000108822 -2.32375e-06       47.502 
         650      30.1137  0.000108826 -2.29837e-06       47.502 
         650      30.2821  0.000108799 -2.25358e-06       47.502 
         650      30.4511  0.000108744 -2.19492e-06       47.502 
         650      30.6204  0.000108662 -2.12846e-06       47.502 
         650      30.7903  0.000108558 -2.06028e-06       47.502 
         650      30.9606  0.000108438 -1.99685e-06      47.5021 
         650      31.1315   0.00010831 -1.94448e-06      47.5021 
         650      31.3028  0.000108184 -1.90956e-06      47.5021 
         650      31.4745  0.000108072 -1.89823e-06      47.5021 
         650      31.6468  0.000107988 -1.91629e-06      47.5021 
         650      31.8194  0.000108261 -1.80407e-06      47.5021 
         650      31.9926  0.000108465 -1.70567e-06      47.5021 
         650      32.1662  0.000108595 -1.62496e-06      47.5021 
         650      32.3404  0.000108663 -1.55843e-06      47.5021 
         650      32.5149   0.00010868  -1.5034e-06      47.5021 
         650        32.69  0.000108658 -1.45754e-06      47.5021 
         650      32.8655  0.000108605 -1.41909e-06      47.5021 
         650      33.0414  0.000108532 -1.38671e-06      47.5021 
         650       33.218  0.000108446 -1.35935e-06      47.5022 
         650      33.3948  0.000108355 -1.33631e-06      47.5022 
         650      33.5723  0.000108265 -1.31707e-06      47.5022 
         650        33.75  0.000108181 -1.30132e-06      47.5022 
         650      33.9284  0.000108109 -1.28881e-06      47.5022 
         650      34.1073  0.000108051 -1.27935e-06      47.5022 
         650      34.2865  0.000108013 -1.27272e-06      47.5022 
         650      34.4663  0.000107995 -1.26857e-06      47.5022 
         650      34.6465  0.000107999 -1.26643e-06      47.5022 
         650      34.8272  0.000108026 -1.26556e-06      47.5022 
         650      35.0083  0.000108075 -1.26494e-06      47.5022 
         650        35.19  0.000108145 -1.26316e-06      47.5022 
         650      35.3721  0.000108216 -1.25112e-06      47.5023 
         650      35.5546  0.000108218 -1.21141e-06      47.5023 
         650      35.7377  0.000108219 -1.17662e-06      47.5023 
         650      35.9211  0.000108217 -1.14647e-06      47.5023 
         650      36.1052  0.000108214 -1.12043e-06      47.5023 
         650      36.2895  0.000108209   -1.098e-06      47.5023 
         650      36.4745  0.000108202 -1.07856e-06      47.5023 
         650      36.6598  0.000108194 -1.06153e-06      47.5023 
         650      36.8457  0.000108185 -1.04627e-06      47.5023 
         650      37.0321  0.000108174 -1.03222e-06      47.5023 
         650      37.2188  0.000108163 -1.01883e-06      47.5023 
         650      37.4062   0.00010815 -1.00561e-06      47.5024 
         650      37.5938  0.000108137 -9.92171e-07      47.5024 
         650      37.7821  0.000108123 -9.78174e-07      47.5024 
         650      37.9707  0.000108109 -9.63415e-07      47.5024 
         650      38.1599  0.000108094 -9.47748e-07      47.5024 
         650      38.3496  0.000108079 -9.31161e-07      47.5024 
         650      38.5396  0.000108063 -9.13748e-07      47.5024 
         650      38.7302  0.000108047 -8.95656e-07      47.5024 
         650      38.9211  0.000108029 -8.77177e-07      47.5024 
         650      39.1127  0.000108011 -8.58616e-07      47.5024 
         650      39.3046  0.000107992 -8.40396e-07      47.5025 
         650      39.4971  0.000107971 -8.22913e-07      47.5025 
         650      39.6899  0.000107949  -8.0663e-07      47.5025 
         650      39.8833  0.000107926 -7.91934e-07      47.5025 
         650      40.0772    0.0001079 -7.79188e-07      47.5025 
         650      40.2714  0.000107873  -7.6865e-07      47.5025 
         650      40.4663  0.000107845 -7.60405e-07      47.5025 
         650      40.6615  0.000107816 -7.54363e-07      47.5025 
         650      40.8573  0.000107786 -7.50149e-07      47.5025 
         650      41.0534  0.000107756 -7.47081e-07      47.5026 
         650      41.2501  0.000107726 -7.44062e-07      47.5026 
         650      41.4473    0.0001077 -7.39525e-07      47.5026 
         650      41.6448  0.000107677 -7.31341e-07      47.5026 
         650      41.8429   0.00010766 -7.16708e-07      47.5026 
         650      42.0414  0.000107652 -6.92101e-07      47.5026 
         650      42.2405  0.000107656 -6.53063e-07      47.5026 
         650      42.4399  0.000107659  -7.4183e-07      47.5026 
         650      42.6399  0.000107661 -8.03026e-07      47.5026 
         650      42.8404  0.000107664  -8.4147e-07      47.5027 
         650      43.0412  0.000107669 -8.62603e-07      47.5027 
         650      43.2426  0.000107677 -8.71176e-07      47.5027 
         650      43.4444  0.000107689 -8.71202e-07      47.5027 
         650      43.6467  0.000107704 -8.66069e-07      47.5027 
         650      43.8494  0.000107723 -8.58572e-07      47.5027 
         650      44.0527  0.000107745 -8.50937e-07      47.5027 
         650      44.2563   0.00010777 -8.44905e-07      47.5027 
         650      44.4606  0.000107796 -8.41729e-07      47.5028 
         650      44.6653  0.000107822 -8.42256e-07      47.5028 
         650      44.8704  0.000107847  -8.4694e-07      47.5028 
         650       45.076  0.000107871 -8.55908e-07      47.5028 
         650       45.282  0.000107891 -8.68963e-07      47.5028 
         650      45.4886  0.000107906 -8.85684e-07      47.5028 
         650      45.6955  0.000107916 -9.05376e-07      47.5028 
         650       45.903  0.000107919 -9.27218e-07      47.5028 
         650      46.1111  0.000107914 -9.50186e-07      47.5029 
         650      46.3194  0.000107901 -9.73134e-07      47.5029 
         650      46.5283  0.000107879 -9.94886e-07      47.5029 
         650      46.7376  0.000107847 -1.01414e-06      47.5029 
         650      46.9475  0.000107807 -1.02962e-06      47.5029 
         650      47.1577  0.000107758    -1.04e-06      47.5029 
         650      47.3685  0.000107701 -1.04403e-06      47.5029 
         650      47.5798  0.000107637 -1.04044e-06      47.5029 
         650      47.7914  0.000107567 -1.02809e-06       47.503 
         650      48.0037  0.000107495 -1.00586e-06       47.503 
         650      48.2162  0.000107427 -9.74833e-07       47.503 
         650      48.4294  0.000107417 -9.56735e-07       47.503 
         650      48.6429   0.00010743 -9.40164e-07       47.503 
         650       48.857   0.00010746 -9.25713e-07       47.503 
         650      49.0714  0.000107504 -9.13664e-07       47.503 
         650      49.2865  0.000107557 -9.03942e-07      47.5031 
         650       49.502  0.000107615 -8.96235e-07      47.5031 
         650      49.7179  0.000107673 -8.90003e-07      47.5031 
         650      49.9343  0.000107729 -8.84518e-07      47.5031 
         650      50.1511  0.000107779 -8.78948e-07      47.5031 
         650      50.3685  0.000107821 -8.72369e-07      47.5031 
         650      50.5862  0.000107853 -8.63856e-07      47.5032 
         650      50.8046  0.000107873 -8.52491e-07      47.5032 
         650      51.0234  0.000107881 -8.37461e-07      47.5032 
         650      51.2425  0.000107876 -8.18107e-07      47.5032 
         650      51.4623  0.000107859 -7.93919e-07      47.5032 
         650      51.6824  0.000107831 -7.64717e-07      47.5032 
         650      51.9031  0.000107796 -7.30551e-07      47.5032 
         650      52.1241  0.000107755 -6.91949e-07      47.5033 
         650      52.3457  0.000107713 -6.49765e-07      47.5033 
         650      52.5676  0.000107675 -6.05483e-07      47.5033 
         650      52.7902  0.000107648 -5.61019e-07      47.5033 
         650      53.0133  0.000107637 -5.19031e-07      47.5033 
         650      53.2366  0.000107652 -4.82872e-07      47.5033 
         650      53.4606  0.000107701  -4.5658e-07      47.5034 
         650      53.6849  0.000107796 -4.45127e-07      47.5034 
         650      53.9099  0.000107771 -5.39182e-07      47.5034 
         650      54.1351  0.000107716 -6.35314e-07      47.5034 
         650       54.361   0.00010769 -6.96701e-07      47.5034 
         650      54.5873  0.000107686 -7.29894e-07      47.5034 
         650      54.8139  0.000107697 -7.40791e-07      47.5035 
         650      55.0412  0.000107719 -7.34613e-07      47.5035 
         650      55.2688  0.000107746 -7.15926e-07      47.5035 
         650       55.497  0.000107774 -6.88672e-07      47.5035 
         650      55.7255  0.000107802 -6.56321e-07      47.5035 
         650      55.9547  0.000107825 -6.21758e-07      47.5035 
         650      56.1844  0.000107843 -5.87501e-07      47.5036 
         650      56.4143  0.000107853 -5.55666e-07      47.5036 
         650      56.6449  0.000107856  -5.2794e-07      47.5036 
         650      56.8757  0.000107851 -5.05795e-07      47.5036 
         650      57.1072  0.000107838 -4.90356e-07      47.5036 
         650       57.339  0.000107818  -4.8258e-07      47.5036 
         650      57.5715   0.00010779 -4.83202e-07      47.5037 
         650      57.8042  0.000107757  -4.9282e-07      47.5037 
         650      58.0376  0.000107719 -5.11936e-07      47.5037 
         650      58.2715  0.000107677 -5.40953e-07      47.5037 
         650      58.5057  0.000107633 -5.80197e-07      47.5037 
         650      58.7405  0.000107589 -6.30077e-07      47.5038 
         650      58.9756  0.000107545 -6.90869e-07      47.5038 
         650      59.2113  0.000107503 -7.63066e-07      47.5038 
         650      59.4473  0.000107465 -8.47006e-07      47.5038 
         650       59.684  0.000107431 -9.43358e-07      47.5038 
         650      59.9212  0.000107404  -1.0527e-06      47.5039 
         650      60.1586  0.000107376 -1.12621e-06      47.5039 
         650      60.3967  0.000107325 -9.16543e-07      47.5039 
         650      60.6351  0.000107311  -7.4676e-07      47.5039 
         650      60.8741  0.000107329 -6.12832e-07      47.5039 
         650      61.1135  0.000107371 -5.11218e-07       47.504 
         650      61.3534  0.000107433 -4.38037e-07       47.504 
         650      61.5939  0.000107508 -3.89734e-07       47.504 
         650      61.8346  0.000107591 -3.62781e-07       47.504 
         650       62.076  0.000107676 -3.53722e-07       47.504 
         650      62.3177  0.000107759 -3.59317e-07      47.5041 
         650        62.56  0.000107833 -3.76484e-07      47.5041 
         650      62.8026  0.000107897 -4.02287e-07      47.5041 
         650      63.0459  0.000107945 -4.34038e-07      47.5041 
         650      63.2894  0.000107976 -4.69148e-07      47.5041 
         650      63.5336  0.000107987 -5.05305e-07      47.5042 
         650      63.7783  0.000107977  -5.4028e-07      47.5042 
         650      64.0233  0.000107948 -5.71994e-07      47.5042 
         650      64.2689  0.000107899 -5.98562e-07      47.5042 
         650      64.5148  0.000107835 -6.18096e-07      47.5042 
         650      64.7613   0.00010776 -6.28829e-07      47.5043 
         650      65.0082  0.000107681 -6.28946e-07      47.5043 
         650      65.2557  0.000107606 -6.16592e-07      47.5043 
         650      65.5036  0.000107546 -5.89787e-07      47.5043 
         650      65.7519  0.000107515  -5.4641e-07      47.5044 
         650      66.0008  0.000107529 -4.83956e-07      47.5044 
         650        66.25  0.000107606 -3.99734e-07      47.5044 
         650      66.4998  0.000107771  -2.9036e-07      47.5044 
         650        66.75  0.000107793 -2.93541e-07      47.5044 
         650      67.0007  0.000107657 -3.94166e-07      47.5045 
         650      67.2518  0.000107585 -4.58922e-07      47.5045 
         650      67.5035  0.000107561 -4.94754e-07      47.5045 
         650      67.7557  0.000107573 -5.07666e-07      47.5045 
         650      68.0082  0.000107609 -5.02995e-07      47.5046 
         650      68.2614   0.00010766 -4.85366e-07      47.5046 
         650      68.5148  0.000107718 -4.58782e-07      47.5046 
         650      68.7688  0.000107777 -4.26573e-07      47.5046 
         650      69.0232  0.000107832 -3.91594e-07      47.5047 
         650      69.2782  0.000107879 -3.56074e-07      47.5047 
         650      69.5337  0.000107916 -3.21847e-07      47.5047 
         650      69.7895  0.000107941 -2.90304e-07      47.5047 
         650      70.0459  0.000107953 -2.62366e-07      47.5048 
         650      70.3026  0.000107953 -2.38692e-07      47.5048 
         650        70.56   0.00010794 -2.19548e-07      47.5048 
         650      70.8176  0.000107916 -2.04993e-07      47.5048 
         650      71.0759  0.000107883 -1.94799e-07      47.5049 
         650      71.3347  0.000107841  -1.8858e-07      47.5049 
         650      71.5938  0.000107792 -1.85782e-07      47.5049 
         650      71.8535  0.000107739 -1.85727e-07      47.5049 
         650      72.1135  0.000107683 -1.87662e-07       47.505 
         650      72.3741  0.000107625 -1.90792e-07       47.505 
         650       72.635  0.000107568 -1.94303e-07       47.505 
         650      72.8967  0.000107512 -1.97419e-07       47.505 
         650      73.1585  0.000107458  -1.9941e-07      47.5051 
         650      73.4211  0.000107407 -1.99645e-07      47.5051 
         650      73.6841  0.000107359 -1.97609e-07      47.5051 
         650      73.9473  0.000107314 -1.92946e-07      47.5051 
         650      74.2113   0.00010727 -1.85469e-07      47.5052 
         650      74.4755  0.000107259 -1.79979e-07      47.5052 
         650      74.7404  0.000107309 -1.82734e-07      47.5052 
         650      75.0056  0.000107369 -1.85657e-07      47.5052 
         650      75.2714  0.000107437 -1.87231e-07      47.5053 
         650      75.5377  0.000107509 -1.86271e-07      47.5053 
         650      75.8043  0.000107584 -1.81939e-07      47.5053 
         650      76.0715  0.000107657 -1.73726e-07      47.5054 
         650       76.339  0.000107726  -1.6147e-07      47.5054 
         650      76.6072  0.000107789 -1.45293e-07      47.5054 
         650      76.8756  0.000107842 -1.25647e-07      47.5054 
         650      77.1448  0.000107883 -1.03191e-07      47.5055 
         650      77.4141   0.00010791  -7.8869e-08      47.5055 
         650      77.6842   0.00010792 -5.37296e-08      47.5055 
         650      77.9547  0.000107913 -2.90029e-08      47.5055 
         650      78.2255  0.000107888 -5.97961e-09      47.5056 
         650       78.497  0.000107845  1.41123e-08      47.5056 
         650      78.7687  0.000107784  3.00632e-08      47.5056 
         650      79.0411  0.000107709  4.08937e-08      47.5057 
         650      79.3138  0.000107622  4.58525e-08      47.5057 
         650      79.5872  0.000107529  4.45895e-08      47.5057 
         650       79.861  0.000107436  3.72325e-08      47.5057 
         650      80.1351  0.000107352  2.45473e-08      47.5058 
         650      80.4098  0.000107287  8.02204e-09      47.5058 
         650      80.6849  0.000107254 -9.90869e-09      47.5058 
         650      80.9606  0.000107269 -2.58021e-08      47.5059 
         650      81.2365   0.00010735 -3.49364e-08      47.5059 
         650      81.5132  0.000107519 -3.12133e-08      47.5059 
         650      81.7903  0.000107801 -6.89968e-09       47.506 
         650      82.0676  0.000108223  4.74796e-08       47.506 
         650      82.3457  0.000108359  7.31945e-08       47.506 
         650       82.624  0.000108027  3.71292e-08      47.5061 
         650       82.903  0.000107784  1.85168e-08      47.5061 
         650      83.1822  0.000107616   1.3057e-08      47.5061 
         650      83.4622  0.000107512   1.7062e-08      47.5062 
         650      83.7424  0.000107459  2.74508e-08      47.5062 
         650      84.0232  0.000107446  4.17095e-08      47.5062 
         650      84.3046  0.000107465  5.77961e-08      47.5062 
         650      84.5862  0.000107507  7.41073e-08      47.5063 
         650      84.8685  0.000107563  8.94761e-08      47.5063 
         650       85.151  0.000107629  1.03035e-07      47.5063 
         650      85.4342  0.000107698  1.14264e-07      47.5064 
         650      85.7177  0.000107765  1.22867e-07      47.5064 
         650      86.0019  0.000107827  1.28796e-07      47.5064 
         650      86.2865   0.00010788  1.32161e-07      47.5064 
         650      86.5714  0.000107924  1.33223e-07      47.5065 
         650       86.857  0.000107955   1.3235e-07      47.5065 
         650      87.1428  0.000107974  1.29986e-07      47.5065 
         650      87.4293   0.00010798  1.26613e-07      47.5066 
         650      87.7161  0.000107973   1.2274e-07      47.5066 
         650      88.0035  0.000107955  1.18857e-07      47.5066 
         650      88.2914  0.000107927  1.15432e-07      47.5067 
         650      88.5796  0.000107891  1.12884e-07      47.5067 
         650      88.8685  0.000107848  1.11562e-07      47.5068 
         650      89.1576  0.000107801  1.11742e-07      47.5068 
         650      89.4474  0.000107752  1.13611e-07      47.5068 
         650      89.7374  0.000107703  1.17258e-07      47.5069 
         650      90.0282  0.000107658  1.22686e-07      47.5069 
         650      90.3192  0.000107618  1.29786e-07       47.507 
         650      90.6109  0.000107586   1.3838e-07       47.507 
         650       90.903  0.000107564  1.48188e-07      47.5071 
         650      91.1954  0.000107552  1.58859e-07      47.5071 
         650      91.4885  0.000107552  1.70011e-07      47.5071 
         650      91.7819  0.000107564  1.81196e-07      47.5072 
         650      92.0759  0.000107588  1.91994e-07      47.5072 
         650      92.3702  0.000107623  2.01972e-07      47.5072 
         650      92.6652  0.000107666  2.10787e-07      47.5073 
         650      92.9606  0.000107714  2.18164e-07      47.5073 
         650      93.2563  0.000107762  2.23976e-07      47.5073 
         650      93.5527  0.000107805  2.28298e-07      47.5073 
         650      93.8493  0.000107835  2.31428e-07      47.5074 
         650      94.1466  0.000107843  2.33986e-07      47.5074 
         650      94.4442  0.000107818  2.36946e-07      47.5074 
         650      94.7425  0.000107748  2.41735e-07      47.5074 
         650       95.041  0.000107616   2.5028e-07      47.5074 
         650      95.3402  0.000107407  2.65134e-07      47.5075 
         650      95.6399    0.0001071  2.89521e-07      47.5075 
         650      95.9398  0.000107037  2.86636e-07      47.5075 
         650      96.2404  0.000107426  2.37685e-07      47.5075 
         650      96.5412  0.000107741  1.97401e-07      47.5075 
         650      96.8428  0.000107976  1.60777e-07      47.5076 
         650      97.1446  0.000108127  1.25104e-07      47.5076 
         650      97.4471  0.000108198  8.96847e-08      47.5077 
         650      97.7501  0.000108192  5.59901e-08      47.5077 
         650      98.0533  0.000108118  2.75248e-08      47.5078 
         650      98.3572  0.000107991  9.72431e-09      47.5078 
         650      98.6613  0.000107826  1.00455e-08      47.5079 
         650      98.9662  0.000107648  3.78417e-08      47.5079 
         650      99.2712  0.000107483  1.04286e-07       47.508 
         650       99.577  0.000107363  2.22552e-07      47.5081 
         650      99.8833  0.000107326  4.07485e-07      47.5081 
         650       100.19  0.000107472  3.42335e-07      47.5082 
         650      100.497  0.000107585  2.47253e-07      47.5082 
         650      100.804  0.000107649  1.87319e-07      47.5083 
         650      101.113  0.000107677  1.54609e-07      47.5083 
         650      101.421   0.00010768  1.42403e-07      47.5084 
         650       101.73  0.000107668  1.44876e-07      47.5084 
         650      102.039  0.000107648  1.57119e-07      47.5084 
         650      102.349  0.000107625  1.75069e-07      47.5085 
         650       102.66  0.000107604   1.9539e-07      47.5085 
         650      102.971  0.000107588  2.15421e-07      47.5085 
         650      103.282  0.000107578  2.33169e-07      47.5086 
         650      103.594  0.000107574  2.47137e-07      47.5086 
         650      103.906  0.000107578  2.56366e-07      47.5086 
         650      104.219  0.000107588  2.60289e-07      47.5086 
         650      104.532  0.000107602  2.58729e-07      47.5087 
         650      104.846  0.000107621  2.51815e-07      47.5087 
         650       105.16  0.000107641  2.39949e-07      47.5087 
         650      105.474  0.000107661  2.23713e-07      47.5088 
         650      105.789  0.000107679  2.03896e-07      47.5088 
         650      106.105  0.000107694  1.81342e-07      47.5088 
         650      106.421  0.000107704  1.57035e-07      47.5088 
         650      106.738  0.000107708  1.31919e-07      47.5089 
         650      107.055  0.000107704  1.06991e-07      47.5089 
         650      107.372  0.000107693  8.32128e-08       47.509 
         650       107.69  0.000107674  6.14196e-08       47.509 
         650      108.008  0.000107647  4.24274e-08       47.509 
         650      108.327  0.000107613  2.68723e-08      47.5091 
         650      108.646  0.000107574  1.53101e-08      47.5091 
         650      108.966   0.00010753  8.10509e-09      47.5091 
         650      109.286  0.000107484  5.49082e-09      47.5092 
         650      109.607  0.000107438  7.51869e-09      47.5092 
         650      109.928  0.000107393  1.40788e-08      47.5093 
         650       110.25  0.000107354  2.48798e-08      47.5093 
         650      110.572  0.000107322   3.9497e-08      47.5094 
         650      110.895  0.000107299  5.73164e-08      47.5094 
         650      111.218  0.000107289  7.76422e-08      47.5094 
         650      111.541  0.000107293  9.96059e-08      47.5095 
         650      111.865  0.000107312   1.2232e-07      47.5095 
         650       112.19  0.000107347   1.4479e-07      47.5096 
         650      112.515  0.000107397  1.66004e-07      47.5096 
         650       112.84  0.000107461  1.85027e-07      47.5096 
         650      113.166  0.000107536  2.00934e-07      47.5097 
         650      113.492  0.000107616  2.12981e-07      47.5097 
         650      113.819  0.000107695  2.20569e-07      47.5098 
         650      114.147  0.000107763  2.23385e-07      47.5098 
         650      114.474  0.000107808  2.21424e-07      47.5098 
         650      114.803  0.000107815   2.1509e-07      47.5099 
         650      115.131  0.000107765  2.05282e-07      47.5099 
         650       115.46  0.000107635  1.93497e-07        47.51 
         650       115.79  0.000107307  1.54234e-07        47.51 
         650       116.12     0.000107  1.11311e-07        47.51 
         650      116.451  0.000106796  7.43341e-08      47.5101 
         650      116.782  0.000106699   3.9823e-08      47.5101 
         650      117.113  0.000106708  6.48929e-09      47.5102 
         650      117.446  0.000106823 -2.40767e-08      47.5103 
         650      117.778  0.000107038 -4.69834e-08      47.5104 
         650      118.111  0.000107345 -5.35295e-08      47.5105 
         650      118.444  0.000107854 -2.52731e-08      47.5106 
         650      118.778  0.000108299  9.71766e-09      47.5106 
         650      119.112  0.000108566  3.89572e-08      47.5105 
         650      119.447  0.000108687  6.27847e-08      47.5105 
         650      119.783  0.000108693  8.14739e-08      47.5105 
         650      120.118  0.000108608  9.53211e-08      47.5105 
         650      120.455  0.000108456  1.04659e-07      47.5105 
         650      120.791  0.000108257  1.09787e-07      47.5105 
         650      121.128  0.000108029  1.11033e-07      47.5105 
         650      121.466  0.000107788  1.08713e-07      47.5105 
         650      121.804  0.000107547  1.03149e-07      47.5105 
         650      122.143  0.000107316  9.46713e-08      47.5105 
         650      122.482  0.000107105  8.35915e-08      47.5105 
         650      122.821  0.000106921  7.02387e-08      47.5105 
         650      123.161  0.000106769  5.49484e-08      47.5106 
         650      123.502  0.000106653  3.80164e-08      47.5106 
         650      123.843  0.000106576   1.9787e-08      47.5106 
         650      124.184  0.000106539  5.45028e-10      47.5107 
         650      124.526  0.000106542 -1.93692e-08      47.5107 
         650      124.868  0.000106584 -3.96823e-08      47.5108 
         650      125.211  0.000106662 -6.00787e-08      47.5109 
         650      125.554  0.000106774 -8.02487e-08       47.511 
         650      125.898  0.000106917 -9.99375e-08       47.511 
         650      126.242  0.000107087 -1.18834e-07      47.5111 
         650      126.587  0.000107278 -1.36697e-07      47.5112 
         650      126.932  0.000107487 -1.53234e-07      47.5113 
         650      127.278  0.000107708 -1.68216e-07      47.5114 
         650      127.624  0.000107936 -1.81385e-07      47.5115 
         650      127.971  0.000108165 -1.92495e-07      47.5116 
         650      128.318  0.000108391 -2.01339e-07      47.5117 
         650      128.665  0.000108608 -2.07687e-07      47.5118 
         650      129.013  0.000108812 -2.11346e-07      47.5119 
         650      129.361  0.000108996 -2.12114e-07      47.5121 
         650       129.71  0.000109158 -2.09813e-07      47.5122 
         650       130.06  0.000109293 -2.04275e-07      47.5123 
         650       130.41  0.000109398 -1.95332e-07      47.5124 
         650       130.76  0.000109469 -1.82841e-07      47.5125 
         650      131.111  0.000109504 -1.66683e-07      47.5126 
         650      131.462  0.000109502 -1.46708e-07      47.5127 
         650      131.814   0.00010946 -1.22839e-07      47.5128 
         650      132.166  0.000109379 -9.49394e-08      47.5129 
         650      132.519  0.000109258 -6.29697e-08      47.5129 
         650      132.872  0.000109098 -2.68049e-08       47.513 
         650      133.226  0.000108901  1.35919e-08      47.5131 
         650       133.58  0.000108668  5.82328e-08      47.5131 
         650      133.934  0.000108403  1.07226e-07      47.5131 
         650      134.289  0.000108108  1.60521e-07      47.5132 
         650      134.645  0.000107789  2.18215e-07      47.5132 
         650          135  0.000107449  2.80223e-07      47.5131 
         650      135.357  0.000107094  3.46636e-07      47.5131 
         650      135.714  0.000106729  4.17332e-07      47.5131 
         650      136.071  0.000106362    4.924e-07       47.513 
         650      136.429  0.000105998  5.71749e-07      47.5129 
         650      136.787  0.000105644   6.5527e-07      47.5128 
         650      137.146  0.000105308  7.43046e-07      47.5126 
         650      137.505  0.000104996  8.34879e-07      47.5125 
         650      137.865  0.000104717  9.30856e-07      47.5123 
         650      138.225  0.000104477  1.03075e-06       47.512 
         650      138.586  0.000104283  1.13466e-06      47.5118 
         650      138.947  0.000104142  1.24243e-06      47.5115 
         650      139.309  0.000104061  1.35389e-06      47.5111 
         650      139.671  0.000104043  1.46913e-06      47.5108 
         650      140.033  0.000104095  1.58791e-06      47.5103 
         650      140.397   0.00010422  1.71033e-06      47.5099 
         650       140.76   0.00010442  1.83614e-06      47.5094 
         650      141.124  0.000104696  1.96545e-06      47.5089 
         650      141.488  0.000105047  2.09811e-06      47.5083 
         650      141.853  0.000105472  2.23396e-06      47.5077 
         650      142.219  0.000105965  2.37316e-06       47.507 
         650      142.584  0.000106518  2.51547e-06      47.5063 
         650      142.951  0.000107125  2.66109e-06      47.5055 
         650      143.317  0.000107769  2.80978e-06      47.5046 
         650      143.685  0.000108438  2.96179e-06      47.5038 
         650      144.052   0.00010911   3.1169e-06      47.5028 
         650      144.421  0.000109764  3.27541e-06      47.5018 
         650      144.789  0.000111267  3.28087e-06      47.5008 
         650      145.158  0.000113853  3.09801e-06      47.4998 
         650      145.528  0.000116375  2.90496e-06      47.4989 
         650      145.898  0.000118605  2.70245e-06      47.4981 
         650      146.269  0.000120276   2.4906e-06      47.4973 
         650       146.64   0.00012106  2.27024e-06      47.4966 
         650      147.011  0.000120572  2.04151e-06       47.496 
         650      147.383  0.000118362  1.80515e-06      47.4954 
         650      147.755  0.000113908  1.56199e-06      47.4949 
         650      148.128  0.000106605  1.31231e-06      47.4945 
         650      148.502  9.57765e-05  1.05727e-06      47.4943 
         650      148.876  8.06277e-05  7.97343e-07      47.4941 
         650       149.25  6.03055e-05  5.33901e-07      47.4941 
         650      149.625   3.3792e-05  2.67631e-07      47.4942 
         650          150           -0           -0      47.4944 
