Variables = x, y, u, v, p

Zone, I=800, F=POINT
         -10            0 -7.17934e-20  1.07742e-24      40.9374 
         -10     0.000234 -3.55438e-06   5.4668e-11      40.9374 
         -10     0.000939 -1.33638e-05  2.21893e-10      40.9374 
         -10     0.002113 -2.69507e-05  5.12352e-10      40.9374 
         -10     0.003759 -4.10266e-05  9.56546e-10      40.9374 
         -10     0.005872 -5.23054e-05  1.61513e-09      40.9374 
         -10     0.008457 -5.85791e-05  2.59815e-09      40.9374 
         -10      0.01151 -5.92635e-05  4.06969e-09      40.9374 
         -10     0.015036 -5.56074e-05  6.25908e-09      40.9374 
         -10     0.019031 -5.02279e-05  9.44749e-09      40.9374 
         -10     0.023493 -4.61139e-05  1.39593e-08      40.9374 
         -10     0.028429  -4.5368e-05  2.01559e-08      40.9374 
         -10     0.033831 -4.81836e-05   2.8392e-08      40.9374 
         -10     0.039706 -5.25719e-05  3.90448e-08      40.9374 
         -10     0.046047 -5.53196e-05  5.24744e-08      40.9374 
         -10     0.052863 -5.42275e-05   6.9096e-08      40.9374 
         -10      0.06015 -5.07155e-05   8.9336e-08      40.9374 
         -10       0.0679 -5.03725e-05  1.13619e-07      40.9374 
         -10     0.076126 -5.64275e-05  1.42325e-07      40.9374 
         -10     0.084816 -5.31294e-05  1.75458e-07      40.9374 
         -10     0.093982 -5.51206e-05  2.14031e-07      40.9374 
         -10     0.103611  -5.6356e-05  2.58005e-07      40.9374 
         -10     0.113718 -5.72612e-05  3.07751e-07      40.9374 
         -10     0.124286 -5.81401e-05  3.63444e-07      40.9374 
         -10     0.135333 -5.91674e-05  4.25393e-07      40.9374 
         -10      0.14685 -6.03907e-05  4.93712e-07      40.9374 
         -10     0.158827 -6.17624e-05  5.68436e-07      40.9374 
         -10     0.171284 -6.31937e-05  6.49729e-07      40.9374 
         -10     0.184201 -6.46059e-05  7.37435e-07      40.9374 
         -10     0.197599 -6.59916e-05  8.31621e-07      40.9374 
         -10     0.211455 -6.74217e-05  9.32004e-07      40.9374 
         -10     0.225792 -6.89966e-05  1.03862e-06      40.9374 
         -10       0.2406 -7.06447e-05  1.15127e-06      40.9374 
         -10     0.255865 -7.20631e-05  1.26982e-06      40.9374 
         -10     0.271613 -7.36136e-05  1.39357e-06      40.9374 
         -10     0.287818 -7.51226e-05  1.52198e-06      40.9374 
         -10     0.304506 -7.65877e-05  1.65524e-06      40.9374 
         -10      0.32165 -7.80005e-05  1.79299e-06      40.9374 
         -10     0.339278 -7.93569e-05  1.93523e-06      40.9374 
         -10     0.357377 -8.06483e-05  2.08151e-06      40.9374 
         -10      0.37593 -8.18662e-05  2.23132e-06      40.9374 
         -10     0.394968 -8.30052e-05  2.38451e-06      40.9374 
         -10     0.414461 -8.40567e-05  2.54045e-06      40.9374 
         -10      0.43444 -8.50161e-05  2.69907e-06      40.9374 
         -10     0.454872  -8.5877e-05  2.85985e-06      40.9374 
         -10     0.475791 -8.66374e-05  3.02285e-06      40.9374 
         -10     0.497163 -8.72939e-05  3.18769e-06      40.9374 
         -10     0.519021 -8.78469e-05  3.35449e-06      40.9374 
         -10      0.54135 -8.82957e-05  3.52285e-06      40.9374 
         -10     0.564131 -8.86395e-05  3.69206e-06      40.9374 
         -10       0.5874 -8.88758e-05   3.8612e-06      40.9373 
         -10     0.611121 -8.89972e-05  4.02896e-06      40.9373 
         -10      0.63533 -8.90177e-05  4.20508e-06      40.9373 
         -10      0.65999 -8.89352e-05  4.37941e-06      40.9373 
         -10     0.685139 -8.87508e-05  4.55299e-06      40.9373 
         -10     0.710759 -8.84663e-05  4.72628e-06      40.9373 
         -10     0.736828  -8.8085e-05  4.89955e-06      40.9373 
         -10     0.763387 -8.76094e-05  5.07331e-06      40.9373 
         -10     0.790396 -8.70446e-05  5.24735e-06      40.9373 
         -10     0.817896 -8.63945e-05  5.42185e-06      40.9373 
         -10     0.845843 -8.56657e-05  5.59628e-06      40.9373 
         -10     0.874283  -8.4863e-05  5.77058e-06      40.9373 
         -10      0.90317 -8.39944e-05    5.944e-06      40.9373 
         -10     0.932551 -8.30656e-05   6.1163e-06      40.9373 
         -10     0.962401 -8.20848e-05  6.28675e-06      40.9373 
         -10     0.992697 -8.10605e-05  6.45465e-06      40.9373 
         -10      1.02349 -7.99987e-05  6.61973e-06      40.9373 
         -10      1.05472 -7.89092e-05  6.78119e-06      40.9373 
         -10      1.08645 -7.77977e-05   6.9389e-06      40.9373 
         -10      1.11863 -7.66733e-05  7.09225e-06      40.9373 
         -10       1.1513 -7.55408e-05  7.24126e-06      40.9373 
         -10      1.18444 -7.44073e-05  7.38567e-06      40.9373 
         -10      1.21802 -7.32785e-05  7.52528e-06      40.9373 
         -10      1.25211 -7.21564e-05  7.66027e-06      40.9373 
         -10      1.28663 -7.10454e-05  7.79029e-06      40.9373 
         -10      1.32165 -6.99441e-05  7.91526e-06      40.9373 
         -10      1.35712 -6.88533e-05  8.03435e-06      40.9373 
         -10      1.39308 -6.77676e-05  8.14659e-06      40.9372 
         -10      1.42951 -6.66819e-05  8.24992e-06      40.9372 
         -10      1.46638 -6.55885e-05  8.34119e-06      40.9372 
         -10      1.50375 -6.44739e-05  8.41591e-06      40.9372 
         -10      1.54156 -6.37833e-05  8.45672e-06      40.9372 
         -10      1.57987 -6.28592e-05  8.51871e-06      40.9372 
         -10      1.61863 -6.17076e-05  8.59774e-06      40.9372 
         -10      1.65788 -6.03738e-05  8.68755e-06      40.9372 
         -10      1.69757 -5.89048e-05  8.78204e-06      40.9372 
         -10      1.73776 -5.73405e-05  8.87591e-06      40.9372 
         -10      1.77842 -5.57216e-05  8.96414e-06      40.9372 
         -10      1.81952 -5.40858e-05   9.0423e-06      40.9372 
         -10      1.86113 -5.24637e-05  9.10673e-06      40.9371 
         -10      1.90316 -5.08878e-05  9.15419e-06      40.9371 
         -10      1.94571  -4.9382e-05  9.18227e-06      40.9371 
         -10      1.98869 -4.79712e-05  9.18911e-06      40.9371 
         -10      2.03217 -4.66721e-05  9.17358e-06      40.9371 
         -10      2.07612 -4.55011e-05  9.13525e-06      40.9371 
         -10      2.12051 -4.44703e-05  9.07444e-06      40.9371 
         -10       2.1654 -4.35857e-05  8.99203e-06      40.9371 
         -10      2.21073 -4.28524e-05  8.88979e-06       40.937 
         -10      2.25656 -4.22695e-05  8.76989e-06       40.937 
         -10      2.30283 -4.18346e-05  8.63546e-06       40.937 
         -10       2.3496 -4.15404e-05  8.48985e-06       40.937 
         -10      2.39685 -4.13777e-05  8.33728e-06       40.937 
         -10      2.44452 -4.13338e-05   8.1825e-06       40.937 
         -10      2.49271 -4.13936e-05   8.0303e-06       40.937 
         -10      2.54132 -4.15399e-05  7.88635e-06      40.9369 
         -10      2.59044 -4.17539e-05  7.75609e-06      40.9369 
         -10         2.64 -4.20151e-05  7.64559e-06      40.9369 
         -10      2.69006 -4.23027e-05  7.56061e-06      40.9369 
         -10      2.74056 -4.25948e-05  7.50717e-06      40.9369 
         -10      2.79156 -4.28709e-05  7.49086e-06      40.9368 
         -10      2.84304 -4.31103e-05  7.51711e-06      40.9368 
         -10      2.89494 -4.32942e-05  7.59073e-06      40.9368 
         -10      2.94735 -4.34063e-05  7.71603e-06      40.9368 
         -10       3.0002 -4.34329e-05  7.89618e-06      40.9368 
         -10      3.05355 -4.33639e-05  8.13379e-06      40.9367 
         -10      3.10733 -4.31938e-05  8.42955e-06      40.9367 
         -10      3.16163 -4.29218e-05   8.7835e-06      40.9367 
         -10      3.21639 -4.25536e-05  9.19331e-06      40.9367 
         -10      3.27158 -4.21016e-05  9.65447e-06      40.9366 
         -10      3.32729 -4.15849e-05  1.01614e-05      40.9366 
         -10      3.38342 -4.10321e-05  1.07044e-05      40.9366 
         -10      3.44007 -4.04793e-05  1.12727e-05      40.9365 
         -10      3.49714 -3.99738e-05  1.18506e-05      40.9365 
         -10      3.55472 -3.95721e-05  1.24208e-05      40.9365 
         -10      3.61273 -3.93425e-05  1.29606e-05      40.9364 
         -10      3.67125 -3.93644e-05  1.34446e-05      40.9364 
         -10      3.73025 -3.97296e-05  1.38419e-05      40.9364 
         -10      3.78967 -3.99769e-05  1.42379e-05      40.9363 
         -10      3.84961 -4.00144e-05  1.46028e-05      40.9363 
         -10      3.90996 -4.00591e-05  1.49139e-05      40.9363 
         -10      3.97084  -4.0127e-05  1.51909e-05      40.9362 
         -10      4.03214 -4.02284e-05    1.544e-05      40.9362 
         -10      4.09395 -4.03694e-05   1.5658e-05      40.9362 
         -10      4.15624 -4.05522e-05  1.58331e-05      40.9361 
         -10      4.21895 -4.07762e-05  1.59482e-05      40.9361 
         -10      4.28217 -4.09659e-05    1.618e-05       40.936 
         -10      4.34582 -4.11607e-05  1.63502e-05       40.936 
         -10      4.40998 -4.13777e-05  1.64311e-05      40.9359 
         -10      4.47457 -4.16131e-05  1.64586e-05      40.9359 
         -10      4.53968 -4.18639e-05  1.64637e-05      40.9358 
         -10      4.60525  -4.2127e-05  1.64705e-05      40.9358 
         -10      4.67125 -4.23988e-05  1.64936e-05      40.9357 
         -10      4.73777 -4.26768e-05  1.65383e-05      40.9357 
         -10       4.8047 -4.29574e-05  1.66009e-05      40.9356 
         -10      4.87216 -4.32379e-05  1.66708e-05      40.9356 
         -10      4.94003 -4.35149e-05  1.67341e-05      40.9355 
         -10      5.00843  -4.3786e-05   1.6779e-05      40.9355 
         -10      5.07724 -4.40486e-05  1.68036e-05      40.9354 
         -10      5.14658 -4.43021e-05  1.68252e-05      40.9353 
         -10      5.21639 -4.45462e-05  1.68931e-05      40.9353 
         -10      5.28661 -4.48027e-05  1.70383e-05      40.9352 
         -10      5.35736 -4.51316e-05  1.69349e-05      40.9351 
         -10      5.42852 -4.53935e-05  1.68806e-05      40.9351 
         -10      5.50021 -4.55955e-05  1.68671e-05       40.935 
         -10      5.57231 -4.57472e-05  1.68848e-05      40.9349 
         -10      5.64493 -4.58601e-05  1.69234e-05      40.9349 
         -10      5.71803 -4.59462e-05   1.6973e-05      40.9348 
         -10      5.79154 -4.60177e-05  1.70246e-05      40.9347 
         -10      5.86558 -4.60861e-05   1.7071e-05      40.9346 
         -10      5.94003 -4.61609e-05  1.71069e-05      40.9345 
         -10      6.01501 -4.62503e-05  1.71295e-05      40.9345 
         -10       6.0904 -4.63593e-05  1.71383e-05      40.9344 
         -10      6.16632  -4.6491e-05  1.71347e-05      40.9343 
         -10      6.24271 -4.66453e-05  1.71216e-05      40.9342 
         -10       6.3195 -4.68199e-05  1.71027e-05      40.9341 
         -10      6.39683 -4.70107e-05  1.70807e-05       40.934 
         -10      6.47457 -4.72118e-05  1.70563e-05      40.9339 
         -10      6.55284 -4.74179e-05  1.70255e-05      40.9338 
         -10      6.63152 -4.76243e-05  1.69774e-05      40.9337 
         -10      6.71073   -4.783e-05  1.68905e-05      40.9336 
         -10      6.79034 -4.80385e-05  1.67298e-05      40.9335 
         -10      6.87049 -4.82623e-05  1.64412e-05      40.9334 
         -10      6.95111 -4.85504e-05  1.61216e-05      40.9333 
         -10      7.03214 -4.88979e-05  1.64904e-05      40.9332 
         -10       7.1137  -4.9177e-05  1.62967e-05       40.933 
         -10      7.19566 -4.93635e-05    1.623e-05      40.9329 
         -10      7.27816 -4.95509e-05  1.61252e-05      40.9328 
         -10      7.36106 -4.97097e-05   1.6008e-05      40.9327 
         -10      7.44451 -4.98309e-05   1.5908e-05      40.9325 
         -10      7.52842 -4.99179e-05  1.58272e-05      40.9324 
         -10      7.61273 -4.99813e-05  1.57495e-05      40.9323 
         -10      7.69758 -5.00357e-05  1.56498e-05      40.9321 
         -10      7.78283 -5.00947e-05   1.5503e-05       40.932 
         -10      7.86862 -5.01688e-05   1.5289e-05      40.9319 
         -10      7.95481  -5.0263e-05  1.49993e-05      40.9317 
         -10      8.04155 -5.03756e-05   1.4638e-05      40.9316 
         -10      8.12868 -5.04981e-05  1.42245e-05      40.9314 
         -10      8.21635 -5.06164e-05  1.37898e-05      40.9312 
         -10      8.30449 -5.07129e-05  1.33742e-05      40.9311 
         -10      8.39303 -5.07706e-05  1.30189e-05      40.9309 
         -10      8.48211 -5.07787e-05  1.27546e-05      40.9308 
         -10      8.57159 -5.07395e-05  1.25892e-05      40.9306 
         -10      8.66161  -5.0678e-05  1.24874e-05      40.9304 
         -10      8.75203  -5.0653e-05    1.235e-05      40.9302 
         -10      8.84299 -5.07709e-05  1.19849e-05      40.9301 
         -10      8.93443 -5.10194e-05  1.16922e-05      40.9299 
         -10      9.02626 -5.10558e-05  1.18152e-05      40.9297 
         -10      9.11863 -5.10588e-05  1.17484e-05      40.9295 
         -10      9.21139  -5.1091e-05  1.15007e-05      40.9293 
         -10      9.30471  -5.1149e-05  1.11198e-05      40.9291 
         -10      9.39841 -5.11806e-05  1.07632e-05      40.9289 
         -10      9.49267 -5.11053e-05  1.07766e-05      40.9287 
         -10      9.58739 -5.11035e-05  1.06109e-05      40.9285 
         -10      9.68251 -5.12094e-05  1.03042e-05      40.9282 
         -10      9.77817 -5.13147e-05  1.01615e-05       40.928 
         -10      9.87422 -5.14085e-05   1.0089e-05      40.9278 
         -10      9.97083 -5.14861e-05  1.00206e-05      40.9276 
         -10      10.0678 -5.15478e-05  9.91431e-06      40.9273 
         -10      10.1654 -5.15989e-05  9.74896e-06      40.9271 
         -10      10.2633 -5.16483e-05  9.52053e-06      40.9268 
         -10      10.3618  -5.1707e-05  9.23701e-06      40.9266 
         -10      10.4607 -5.17868e-05  8.91487e-06      40.9263 
         -10      10.5601 -5.18975e-05  8.57365e-06      40.9261 
         -10        10.66 -5.20446e-05  8.22959e-06      40.9258 
         -10      10.7603 -5.22255e-05  7.89178e-06      40.9255 
         -10      10.8611 -5.24267e-05  7.55368e-06      40.9253 
         -10      10.9623 -5.26182e-05  7.18874e-06       40.925 
         -10      11.0641 -5.27497e-05  6.74096e-06      40.9247 
         -10      11.1663 -5.27489e-05   6.1457e-06      40.9244 
         -10       11.269 -5.27921e-05  6.32483e-06      40.9241 
         -10      11.3721 -5.27938e-05  6.48863e-06      40.9238 
         -10      11.4757  -5.2786e-05   6.5875e-06      40.9235 
         -10      11.5798 -5.27907e-05  6.58784e-06      40.9232 
         -10      11.6844 -5.28198e-05   6.4731e-06      40.9229 
         -10      11.7894 -5.28747e-05  6.24512e-06      40.9226 
         -10       11.895 -5.29464e-05  5.92544e-06      40.9223 
         -10      12.0009 -5.30145e-05  5.55605e-06      40.9219 
         -10      12.1073 -5.30486e-05  5.19832e-06      40.9216 
         -10      12.2142 -5.30068e-05  4.93481e-06      40.9212 
         -10      12.3216 -5.28372e-05  4.86657e-06      40.9209 
         -10      12.4294 -5.24778e-05  5.11318e-06      40.9205 
         -10      12.5378 -5.23901e-05  5.04842e-06      40.9202 
         -10      12.6465 -5.26111e-05  4.48522e-06      40.9198 
         -10      12.7558 -5.26654e-05  4.10994e-06      40.9194 
         -10      12.8656 -5.26205e-05  3.88304e-06      40.9191 
         -10      12.9757 -5.25317e-05  3.76445e-06      40.9187 
         -10      13.0864 -5.24399e-05  3.71577e-06      40.9183 
         -10      13.1975 -5.23716e-05  3.70249e-06      40.9179 
         -10      13.3092 -5.23387e-05  3.69511e-06      40.9175 
         -10      13.4212 -5.23399e-05  3.67059e-06      40.9171 
         -10      13.5338 -5.23628e-05  3.61326e-06      40.9167 
         -10      13.6468 -5.23877e-05  3.51561e-06      40.9162 
         -10      13.7603 -5.23921e-05   3.3788e-06      40.9158 
         -10      13.8743 -5.23569e-05  3.21221e-06      40.9154 
         -10      13.9886 -5.22738e-05  3.03393e-06      40.9149 
         -10      14.1036 -5.21543e-05  2.86893e-06      40.9145 
         -10      14.2189 -5.20407e-05  2.74895e-06       40.914 
         -10      14.3348  -5.1999e-05  2.73532e-06      40.9136 
         -10       14.451 -5.19697e-05  2.83156e-06      40.9131 
         -10      14.5678 -5.19567e-05  2.89777e-06      40.9126 
         -10      14.6851 -5.19544e-05  2.92567e-06      40.9122 
         -10      14.8028 -5.19579e-05  2.91174e-06      40.9117 
         -10       14.921 -5.19628e-05  2.85627e-06      40.9112 
         -10      15.0396 -5.19653e-05  2.76283e-06      40.9107 
         -10      15.1588 -5.19626e-05   2.6371e-06      40.9102 
         -10      15.2783 -5.19526e-05  2.48684e-06      40.9096 
         -10      15.3984 -5.19339e-05  2.32043e-06      40.9091 
         -10       15.519 -5.19063e-05  2.14701e-06      40.9086 
         -10        15.64 -5.18702e-05  1.97559e-06       40.908 
         -10      15.7615 -5.18267e-05  1.81406e-06      40.9075 
         -10      15.8834 -5.17779e-05   1.6697e-06      40.9069 
         -10      16.0058 -5.17262e-05   1.5477e-06      40.9064 
         -10      16.1286 -5.16746e-05  1.45177e-06      40.9058 
         -10       16.252 -5.16265e-05  1.38308e-06      40.9052 
         -10      16.3759 -5.15854e-05  1.34065e-06      40.9047 
         -10      16.5002 -5.15544e-05  1.32094e-06      40.9041 
         -10       16.625 -5.15364e-05   1.3179e-06      40.9035 
         -10      16.7501 -5.15335e-05  1.32315e-06      40.9029 
         -10      16.8759 -5.15466e-05  1.32614e-06      40.9022 
         -10       17.002  -5.1575e-05  1.31448e-06      40.9016 
         -10      17.1287  -5.1616e-05  1.27443e-06       40.901 
         -10      17.2557 -5.16644e-05  1.19158e-06      40.9003 
         -10      17.3834 -5.17116e-05  1.05131e-06      40.8997 
         -10      17.5115 -5.17452e-05  8.40111e-07       40.899 
         -10      17.6399 -5.17483e-05  5.46693e-07      40.8984 
         -10       17.769 -5.16986e-05    1.623e-07      40.8977 
         -10      17.8984 -5.15677e-05 -3.16014e-07       40.897 
         -10      18.0284 -5.13196e-05 -8.86204e-07      40.8963 
         -10      18.1587 -5.14979e-05 -8.53305e-07      40.8957 
         -10      18.2896 -5.11303e-05 -5.37735e-07      40.8949 
         -10       18.421 -5.07073e-05 -1.81877e-07      40.8942 
         -10      18.5528 -5.09463e-05 -2.48026e-07      40.8935 
         -10      18.6851 -5.11602e-05 -3.22547e-07      40.8928 
         -10      18.8178 -5.13378e-05 -4.34721e-07       40.892 
         -10      18.9511 -5.14708e-05 -5.95592e-07      40.8913 
         -10      19.0847  -5.1553e-05 -8.01758e-07      40.8905 
         -10      19.2189 -5.15814e-05 -1.04063e-06      40.8898 
         -10      19.3535 -5.15559e-05 -1.29301e-06       40.889 
         -10      19.4886 -5.14794e-05 -1.53808e-06      40.8882 
         -10      19.6242 -5.13581e-05 -1.75497e-06      40.8874 
         -10      19.7602 -5.12008e-05 -1.92612e-06      40.8866 
         -10      19.8968 -5.10188e-05 -2.03951e-06      40.8858 
         -10      20.0337 -5.08258e-05 -2.08939e-06       40.885 
         -10      20.1712 -5.06365e-05 -2.07774e-06      40.8842 
         -10      20.3091 -5.04665e-05 -2.01418e-06      40.8833 
         -10      20.4475 -5.03307e-05 -1.91537e-06      40.8825 
         -10      20.5864 -5.02427e-05 -1.80401e-06      40.8816 
         -10      20.7257  -5.0213e-05 -1.70661e-06      40.8808 
         -10      20.8655 -5.02477e-05 -1.65021e-06      40.8799 
         -10      21.0058 -5.03464e-05 -1.65895e-06       40.879 
         -10      21.1465 -5.05003e-05 -1.74893e-06      40.8781 
         -10      21.2877 -5.06898e-05 -1.92209e-06      40.8772 
         -10      21.4294 -5.08822e-05 -2.15981e-06      40.8763 
         -10      21.5716 -5.10285e-05 -2.41381e-06      40.8754 
         -10      21.7142 -5.10601e-05 -2.59708e-06      40.8745 
         -10      21.8573 -5.08862e-05 -2.57356e-06      40.8735 
         -10      22.0008 -5.03893e-05 -2.14552e-06      40.8726 
         -10      22.1449 -4.94205e-05 -1.03905e-06      40.8716 
         -10      22.2893 -4.97131e-05  -2.2539e-06      40.8707 
         -10      22.4344 -5.01742e-05 -3.09433e-06      40.8697 
         -10      22.5797 -5.05568e-05 -3.38521e-06      40.8687 
         -10      22.7257  -5.0842e-05 -3.36851e-06      40.8677 
         -10      22.8721 -5.10093e-05 -3.22548e-06      40.8667 
         -10      23.0189 -5.10444e-05 -3.08112e-06      40.8657 
         -10      23.1663 -5.09463e-05 -3.00764e-06      40.8647 
         -10       23.314 -5.07337e-05 -3.03049e-06      40.8636 
         -10      23.4623 -5.04514e-05  -3.1344e-06      40.8626 
         -10       23.611 -5.01786e-05 -3.27083e-06      40.8616 
         -10      23.7602 -5.00341e-05 -3.36723e-06      40.8605 
         -10        23.91 -5.01844e-05  -3.3364e-06      40.8594 
         -10        24.06 -5.04837e-05 -3.13004e-06      40.8583 
         -10      24.2107 -4.99871e-05 -3.07895e-06      40.8572 
         -10      24.3617  -4.9702e-05 -3.16741e-06      40.8561 
         -10      24.5133 -4.95664e-05 -3.33308e-06       40.855 
         -10      24.6653 -4.95319e-05  -3.5275e-06      40.8539 
         -10      24.8178 -4.95615e-05 -3.71522e-06      40.8528 
         -10      24.9708 -4.96284e-05 -3.87111e-06      40.8516 
         -10      25.1242 -4.97146e-05 -3.97943e-06      40.8505 
         -10      25.2781 -4.98096e-05 -4.03274e-06      40.8493 
         -10      25.4324 -4.99077e-05 -4.03018e-06      40.8481 
         -10      25.5873 -5.00065e-05   -3.977e-06      40.8469 
         -10      25.7426 -5.01045e-05 -3.88384e-06      40.8457 
         -10      25.8984 -5.01983e-05   -3.766e-06      40.8445 
         -10      26.0546 -5.02797e-05 -3.64379e-06      40.8433 
         -10      26.2114 -5.03332e-05 -3.54201e-06      40.8421 
         -10      26.3686 -5.03318e-05 -3.49099e-06      40.8409 
         -10      26.5262 -5.02341e-05 -3.52682e-06      40.8396 
         -10      26.6844 -4.99798e-05  -3.6927e-06      40.8384 
         -10      26.8429 -4.94862e-05 -4.03987e-06      40.8371 
         -10       27.002  -4.8654e-05 -4.62026e-06      40.8358 
         -10      27.1615  -4.9037e-05 -4.22549e-06      40.8345 
         -10      27.3216 -4.92974e-05 -4.09664e-06      40.8332 
         -10      27.4821 -4.94614e-05 -4.13019e-06      40.8319 
         -10       27.643 -4.95488e-05 -4.24785e-06      40.8306 
         -10      27.8044 -4.95741e-05 -4.39418e-06      40.8293 
         -10      27.9663 -4.95471e-05 -4.53257e-06      40.8279 
         -10      28.1287 -4.94751e-05 -4.64288e-06      40.8266 
         -10      28.2914 -4.93636e-05 -4.71751e-06      40.8252 
         -10      28.4548 -4.92174e-05 -4.75911e-06      40.8238 
         -10      28.6185  -4.9042e-05 -4.77718e-06      40.8224 
         -10      28.7828 -4.88435e-05 -4.78556e-06       40.821 
         -10      28.9475 -4.86308e-05 -4.79969e-06      40.8196 
         -10      29.1126  -4.8415e-05 -4.83406e-06      40.8182 
         -10      29.2784 -4.82101e-05 -4.89997e-06      40.8168 
         -10      29.4444 -4.80342e-05 -5.00311e-06      40.8154 
         -10       29.611 -4.79083e-05 -5.14198e-06      40.8139 
         -10       29.778 -4.78574e-05 -5.30543e-06      40.8124 
         -10      29.9456 -4.79099e-05 -5.47193e-06       40.811 
         -10      30.1137 -4.80974e-05 -5.60727e-06      40.8095 
         -10      30.2821 -4.84534e-05 -5.66401e-06       40.808 
         -10      30.4511 -4.79769e-05 -5.52703e-06      40.8065 
         -10      30.6204 -4.76552e-05 -5.49211e-06       40.805 
         -10      30.7903 -4.74861e-05 -5.55529e-06      40.8035 
         -10      30.9606  -4.7444e-05 -5.70117e-06      40.8019 
         -10      31.1315 -4.75025e-05 -5.90975e-06      40.8004 
         -10      31.3028 -4.76352e-05  -6.1577e-06      40.7988 
         -10      31.4745 -4.78157e-05 -6.42037e-06      40.7972 
         -10      31.6468 -4.80183e-05 -6.67393e-06      40.7957 
         -10      31.8194 -4.82172e-05 -6.89516e-06      40.7941 
         -10      31.9926 -4.83873e-05 -7.06377e-06      40.7925 
         -10      32.1662 -4.85028e-05 -7.16158e-06      40.7909 
         -10      32.3404 -4.85377e-05  -7.1737e-06      40.7892 
         -10      32.5149 -4.84644e-05 -7.08771e-06      40.7876 
         -10        32.69 -4.82531e-05 -6.89308e-06      40.7859 
         -10      32.8655 -4.78707e-05  -6.5804e-06      40.7843 
         -10      33.0414   -4.728e-05 -6.14014e-06      40.7826 
         -10       33.218 -4.72743e-05 -6.25442e-06      40.7809 
         -10      33.3948 -4.75325e-05 -6.45682e-06      40.7792 
         -10      33.5723 -4.76892e-05 -6.49498e-06      40.7775 
         -10        33.75 -4.77525e-05 -6.44768e-06      40.7758 
         -10      33.9284  -4.7736e-05 -6.37113e-06      40.7741 
         -10      34.1073  -4.7657e-05 -6.30262e-06      40.7724 
         -10      34.2865 -4.75353e-05  -6.2639e-06      40.7706 
         -10      34.4663 -4.73913e-05 -6.26425e-06      40.7689 
         -10      34.6465 -4.72449e-05 -6.30373e-06      40.7671 
         -10      34.8272 -4.71135e-05 -6.37593e-06      40.7653 
         -10      35.0083 -4.70115e-05 -6.47029e-06      40.7635 
         -10        35.19 -4.69483e-05 -6.57475e-06      40.7617 
         -10      35.3721 -4.69278e-05 -6.67731e-06      40.7599 
         -10      35.5546 -4.69468e-05 -6.76783e-06      40.7581 
         -10      35.7377 -4.69942e-05 -6.83969e-06      40.7563 
         -10      35.9211 -4.70503e-05 -6.89023e-06      40.7544 
         -10      36.1052 -4.70857e-05 -6.92185e-06      40.7526 
         -10      36.2895 -4.70607e-05  -6.9419e-06      40.7507 
         -10      36.4745 -4.69252e-05 -6.96277e-06      40.7488 
         -10      36.6598 -4.66177e-05 -7.00104e-06      40.7469 
         -10      36.8457 -4.62429e-05 -7.07383e-06       40.745 
         -10      37.0321 -4.62802e-05 -7.14447e-06      40.7431 
         -10      37.2188 -4.63434e-05 -7.20428e-06      40.7412 
         -10      37.4062 -4.64148e-05 -7.26284e-06      40.7393 
         -10      37.5938 -4.64787e-05 -7.32661e-06      40.7373 
         -10      37.7821 -4.65217e-05 -7.39944e-06      40.7354 
         -10      37.9707 -4.65333e-05 -7.48246e-06      40.7334 
         -10      38.1599 -4.65065e-05 -7.57485e-06      40.7314 
         -10      38.3496 -4.64379e-05 -7.67379e-06      40.7294 
         -10      38.5396  -4.6329e-05 -7.77518e-06      40.7274 
         -10      38.7302 -4.61856e-05 -7.87455e-06      40.7254 
         -10      38.9211 -4.60198e-05 -7.96714e-06      40.7234 
         -10      39.1127 -4.58489e-05  -8.0494e-06      40.7214 
         -10      39.3046 -4.56978e-05 -8.11934e-06      40.7193 
         -10      39.4971 -4.55977e-05 -8.17807e-06      40.7173 
         -10      39.6899 -4.55883e-05 -8.23058e-06      40.7152 
         -10      39.8833 -4.57174e-05 -8.28737e-06      40.7131 
         -10      40.0772 -4.59839e-05 -8.36025e-06       40.711 
         -10      40.2714 -4.58968e-05 -8.43629e-06      40.7089 
         -10      40.4663 -4.58157e-05 -8.55607e-06      40.7068 
         -10      40.6615 -4.57389e-05 -8.70622e-06      40.7047 
         -10      40.8573 -4.56648e-05 -8.87581e-06      40.7026 
         -10      41.0534 -4.55924e-05 -9.05525e-06      40.7004 
         -10      41.2501 -4.55211e-05 -9.23721e-06      40.6983 
         -10      41.4473 -4.54506e-05 -9.41547e-06      40.6961 
         -10      41.6448 -4.53808e-05 -9.58524e-06       40.694 
         -10      41.8429 -4.53116e-05 -9.74339e-06      40.6918 
         -10      42.0414 -4.52432e-05 -9.88738e-06      40.6896 
         -10      42.2405 -4.51759e-05 -1.00161e-05      40.6874 
         -10      42.4399 -4.51097e-05  -1.0129e-05      40.6852 
         -10      42.6399 -4.50449e-05 -1.02263e-05      40.6829 
         -10      42.8404 -4.49813e-05 -1.03089e-05      40.6807 
         -10      43.0412  -4.4919e-05  -1.0378e-05      40.6785 
         -10      43.2426 -4.48578e-05 -1.04353e-05      40.6762 
         -10      43.4444 -4.47972e-05 -1.04825e-05      40.6739 
         -10      43.6467 -4.47368e-05 -1.05219e-05      40.6717 
         -10      43.8494 -4.46759e-05 -1.05553e-05      40.6694 
         -10      44.0527 -4.46137e-05 -1.05848e-05      40.6671 
         -10      44.2563 -4.45492e-05 -1.06121e-05      40.6648 
         -10      44.4606 -4.44813e-05 -1.06389e-05      40.6625 
         -10      44.6653 -4.44091e-05 -1.06665e-05      40.6601 
         -10      44.8704 -4.43314e-05 -1.06959e-05      40.6578 
         -10       45.076 -4.42472e-05 -1.07277e-05      40.6554 
         -10       45.282 -4.41555e-05  -1.0762e-05      40.6531 
         -10      45.4886 -4.40557e-05 -1.07985e-05      40.6507 
         -10      45.6955 -4.39474e-05 -1.08364e-05      40.6483 
         -10       45.903 -4.38306e-05 -1.08746e-05       40.646 
         -10      46.1111 -4.37059e-05 -1.09112e-05      40.6436 
         -10      46.3194 -4.35748e-05  -1.0944e-05      40.6411 
         -10      46.5283  -4.3439e-05 -1.09705e-05      40.6387 
         -10      46.7376  -4.3302e-05 -1.09875e-05      40.6363 
         -10      46.9475 -4.31678e-05 -1.09917e-05      40.6339 
         -10      47.1577 -4.30423e-05 -1.09797e-05      40.6314 
         -10      47.3685 -4.29632e-05 -1.09553e-05       40.629 
         -10      47.5798  -4.3168e-05 -1.09993e-05      40.6265 
         -10      47.7914 -4.33286e-05 -1.10535e-05       40.624 
         -10      48.0037 -4.34362e-05 -1.11177e-05      40.6215 
         -10      48.2162 -4.34861e-05  -1.1189e-05       40.619 
         -10      48.4294 -4.34793e-05  -1.1262e-05      40.6165 
         -10      48.6429 -4.34216e-05 -1.13282e-05       40.614 
         -10       48.857  -4.3324e-05 -1.13772e-05      40.6115 
         -10      49.0714 -4.32027e-05 -1.13953e-05       40.609 
         -10      49.2865 -4.30788e-05 -1.13668e-05      40.6064 
         -10       49.502 -4.29786e-05 -1.12732e-05      40.6039 
         -10      49.7179 -4.29331e-05 -1.10935e-05      40.6013 
         -10      49.9343 -4.29898e-05 -1.11157e-05      40.5987 
         -10      50.1511 -4.30508e-05 -1.13786e-05      40.5962 
         -10      50.3685 -4.30683e-05 -1.15648e-05      40.5936 
         -10      50.5862 -4.30495e-05 -1.16881e-05       40.591 
         -10      50.8046 -4.30014e-05 -1.17615e-05      40.5884 
         -10      51.0234 -4.29306e-05 -1.17962e-05      40.5858 
         -10      51.2425 -4.28436e-05 -1.18025e-05      40.5831 
         -10      51.4623 -4.27462e-05 -1.17895e-05      40.5805 
         -10      51.6824 -4.26441e-05 -1.17652e-05      40.5779 
         -10      51.9031 -4.25424e-05 -1.17361e-05      40.5752 
         -10      52.1241 -4.24461e-05 -1.17083e-05      40.5726 
         -10      52.3457 -4.23593e-05 -1.16862e-05      40.5699 
         -10      52.5676 -4.22862e-05 -1.16737e-05      40.5672 
         -10      52.7902 -4.22299e-05 -1.16737e-05      40.5645 
         -10      53.0133 -4.21937e-05  -1.1688e-05      40.5619 
         -10      53.2366 -4.21799e-05 -1.17179e-05      40.5592 
         -10      53.4606 -4.21907e-05 -1.17638e-05      40.5564 
         -10      53.6849 -4.22274e-05 -1.18253e-05      40.5537 
         -10      53.9099 -4.22911e-05 -1.19016e-05       40.551 
         -10      54.1351 -4.23824e-05 -1.19909e-05      40.5483 
         -10       54.361 -4.25012e-05 -1.20913e-05      40.5455 
         -10      54.5873 -4.26472e-05 -1.22001e-05      40.5428 
         -10      54.8139 -4.28192e-05 -1.23142e-05        40.54 
         -10      55.0412 -4.27084e-05 -1.21861e-05      40.5373 
         -10      55.2688 -4.24647e-05 -1.19788e-05      40.5345 
         -10       55.497 -4.22336e-05 -1.18095e-05      40.5317 
         -10      55.7255 -4.20167e-05 -1.16725e-05      40.5289 
         -10      55.9547 -4.18147e-05 -1.15618e-05      40.5261 
         -10      56.1844 -4.16286e-05 -1.14722e-05      40.5233 
         -10      56.4143 -4.14589e-05  -1.1399e-05      40.5205 
         -10      56.6449 -4.13056e-05 -1.13379e-05      40.5177 
         -10      56.8757 -4.11688e-05 -1.12852e-05      40.5149 
         -10      57.1072  -4.1048e-05 -1.12377e-05      40.5121 
         -10       57.339 -4.09427e-05  -1.1193e-05      40.5092 
         -10      57.5715 -4.08521e-05 -1.11488e-05      40.5064 
         -10      57.8042  -4.0775e-05  -1.1104e-05      40.5035 
         -10      58.0376 -4.07102e-05 -1.10576e-05      40.5007 
         -10      58.2715 -4.06562e-05 -1.10092e-05      40.4978 
         -10      58.5057 -4.06114e-05 -1.09593e-05      40.4949 
         -10      58.7405  -4.0574e-05 -1.09083e-05      40.4921 
         -10      58.9756 -4.05421e-05 -1.08577e-05      40.4892 
         -10      59.2113 -4.05139e-05 -1.08088e-05      40.4863 
         -10      59.4473 -4.04874e-05 -1.07637e-05      40.4834 
         -10       59.684 -4.04608e-05 -1.07245e-05      40.4805 
         -10      59.9212 -4.04323e-05 -1.06936e-05      40.4776 
         -10      60.1586 -4.04004e-05 -1.06736e-05      40.4747 
         -10      60.3967 -4.03636e-05 -1.06668e-05      40.4717 
         -10      60.6351 -4.03208e-05 -1.06756e-05      40.4688 
         -10      60.8741 -4.02715e-05 -1.07024e-05      40.4659 
         -10      61.1135 -4.02153e-05 -1.07487e-05      40.4629 
         -10      61.3534 -4.01526e-05 -1.08159e-05        40.46 
         -10      61.5939 -4.00844e-05 -1.09047e-05       40.457 
         -10      61.8346 -4.00125e-05 -1.10147e-05      40.4541 
         -10       62.076 -3.99393e-05 -1.11449e-05      40.4511 
         -10      62.3177 -3.98686e-05 -1.12925e-05      40.4481 
         -10        62.56 -3.98049e-05 -1.14539e-05      40.4452 
         -10      62.8026 -3.96751e-05 -1.14437e-05      40.4422 
         -10      63.0459 -3.94981e-05 -1.13305e-05      40.4392 
         -10      63.2894 -3.93503e-05 -1.13005e-05      40.4362 
         -10      63.5336 -3.92248e-05 -1.13388e-05      40.4332 
         -10      63.7783 -3.91157e-05  -1.1431e-05      40.4302 
         -10      64.0233 -3.90182e-05 -1.15636e-05      40.4272 
         -10      64.2689 -3.89278e-05 -1.17245e-05      40.4242 
         -10      64.5148 -3.88416e-05 -1.19016e-05      40.4212 
         -10      64.7613 -3.87568e-05 -1.20845e-05      40.4182 
         -10      65.0082 -3.86719e-05 -1.22633e-05      40.4152 
         -10      65.2557 -3.85858e-05 -1.24292e-05      40.4121 
         -10      65.5036 -3.84985e-05 -1.25743e-05      40.4091 
         -10      65.7519 -3.84104e-05 -1.26916e-05      40.4061 
         -10      66.0008 -3.83225e-05 -1.27752e-05       40.403 
         -10        66.25 -3.82366e-05 -1.28203e-05         40.4 
         -10      66.4998 -3.81548e-05 -1.28229e-05      40.3969 
         -10        66.75 -3.80799e-05 -1.27804e-05      40.3939 
         -10      67.0007  -3.8015e-05 -1.26907e-05      40.3908 
         -10      67.2518 -3.79636e-05 -1.25536e-05      40.3878 
         -10      67.5035 -3.79294e-05 -1.23692e-05      40.3847 
         -10      67.7557 -3.79165e-05 -1.21393e-05      40.3817 
         -10      68.0082 -3.79292e-05  -1.1867e-05      40.3786 
         -10      68.2614 -3.79718e-05 -1.15558e-05      40.3755 
         -10      68.5148 -3.78875e-05 -1.15378e-05      40.3724 
         -10      68.7688 -3.78164e-05 -1.15289e-05      40.3694 
         -10      69.0232 -3.77607e-05 -1.15128e-05      40.3663 
         -10      69.2782 -3.77151e-05 -1.14892e-05      40.3632 
         -10      69.5337 -3.76751e-05 -1.14587e-05      40.3601 
         -10      69.7895 -3.76372e-05 -1.14218e-05       40.357 
         -10      70.0459 -3.75979e-05 -1.13797e-05      40.3539 
         -10      70.3026  -3.7555e-05 -1.13337e-05      40.3508 
         -10        70.56 -3.75066e-05 -1.12852e-05      40.3477 
         -10      70.8176 -3.74515e-05 -1.12361e-05      40.3446 
         -10      71.0759 -3.73891e-05 -1.11883e-05      40.3415 
         -10      71.3347 -3.73196e-05 -1.11437e-05      40.3384 
         -10      71.5938 -3.72435e-05 -1.11044e-05      40.3353 
         -10      71.8535 -3.71616e-05 -1.10722e-05      40.3322 
         -10      72.1135 -3.70757e-05  -1.1049e-05      40.3291 
         -10      72.3741 -3.69872e-05 -1.10365e-05       40.326 
         -10       72.635 -3.68983e-05  -1.1036e-05      40.3229 
         -10      72.8967  -3.6811e-05 -1.10485e-05      40.3198 
         -10      73.1585 -3.67275e-05 -1.10745e-05      40.3167 
         -10      73.4211 -3.66499e-05  -1.1114e-05      40.3135 
         -10      73.6841   -3.658e-05 -1.11664e-05      40.3104 
         -10      73.9473 -3.65191e-05 -1.12301e-05      40.3073 
         -10      74.2113 -3.64683e-05 -1.13031e-05      40.3042 
         -10      74.4755 -3.64276e-05 -1.13817e-05      40.3011 
         -10      74.7404 -3.63963e-05 -1.14618e-05      40.2979 
         -10      75.0056 -3.63725e-05 -1.15375e-05      40.2948 
         -10      75.2714 -3.63529e-05  -1.1602e-05      40.2917 
         -10      75.5377 -3.63329e-05 -1.16464e-05      40.2886 
         -10      75.8043 -3.63057e-05 -1.16604e-05      40.2854 
         -10      76.0715 -3.62627e-05 -1.16321e-05      40.2823 
         -10       76.339 -3.61928e-05 -1.15471e-05      40.2792 
         -10      76.6072 -3.60821e-05 -1.13891e-05      40.2761 
         -10      76.8756 -3.59713e-05 -1.12607e-05      40.2729 
         -10      77.1448 -3.59879e-05 -1.14091e-05      40.2698 
         -10      77.4141 -3.59907e-05 -1.15167e-05      40.2667 
         -10      77.6842 -3.59812e-05 -1.15893e-05      40.2636 
         -10      77.9547  -3.5961e-05 -1.16315e-05      40.2604 
         -10      78.2255 -3.59314e-05 -1.16479e-05      40.2573 
         -10       78.497 -3.58933e-05 -1.16426e-05      40.2542 
         -10      78.7687 -3.58479e-05 -1.16191e-05      40.2511 
         -10      79.0411  -3.5796e-05 -1.15809e-05       40.248 
         -10      79.3138 -3.57384e-05 -1.15307e-05      40.2448 
         -10      79.5872 -3.56759e-05 -1.14712e-05      40.2417 
         -10       79.861  -3.5609e-05 -1.14047e-05      40.2386 
         -10      80.1351 -3.55385e-05 -1.13331e-05      40.2355 
         -10      80.4098 -3.54647e-05 -1.12581e-05      40.2324 
         -10      80.6849 -3.53884e-05 -1.11813e-05      40.2293 
         -10      80.9606 -3.53099e-05 -1.11037e-05      40.2262 
         -10      81.2365 -3.52297e-05 -1.10266e-05       40.223 
         -10      81.5132 -3.51481e-05 -1.09506e-05      40.2199 
         -10      81.7903 -3.50658e-05 -1.08765e-05      40.2168 
         -10      82.0676 -3.49832e-05 -1.08048e-05      40.2137 
         -10      82.3457 -3.49005e-05 -1.07359e-05      40.2106 
         -10       82.624 -3.48184e-05 -1.06702e-05      40.2075 
         -10       82.903 -3.47371e-05 -1.06078e-05      40.2044 
         -10      83.1822 -3.46572e-05 -1.05489e-05      40.2013 
         -10      83.4622 -3.45789e-05 -1.04935e-05      40.1983 
         -10      83.7424 -3.45027e-05 -1.04418e-05      40.1952 
         -10      84.0232  -3.4429e-05 -1.03938e-05      40.1921 
         -10      84.3046  -3.4358e-05 -1.03495e-05       40.189 
         -10      84.5862 -3.42901e-05  -1.0309e-05      40.1859 
         -10      84.8685 -3.42254e-05 -1.02724e-05      40.1828 
         -10       85.151 -3.41642e-05 -1.02399e-05      40.1798 
         -10      85.4342 -3.41064e-05 -1.02116e-05      40.1767 
         -10      85.7177  -3.4052e-05 -1.01879e-05      40.1736 
         -10      86.0019 -3.40007e-05 -1.01691e-05      40.1706 
         -10      86.2865 -3.39524e-05 -1.01557e-05      40.1675 
         -10      86.5714 -3.39064e-05 -1.01483e-05      40.1645 
         -10       86.857 -3.38619e-05 -1.01476e-05      40.1614 
         -10      87.1428 -3.38181e-05 -1.01544e-05      40.1584 
         -10      87.4293 -3.37737e-05 -1.01699e-05      40.1553 
         -10      87.7161 -3.37271e-05 -1.01949e-05      40.1523 
         -10      88.0035 -3.36764e-05  -1.0231e-05      40.1493 
         -10      88.2914 -3.36193e-05 -1.02796e-05      40.1462 
         -10      88.5796 -3.35532e-05 -1.03422e-05      40.1432 
         -10      88.8685 -3.34747e-05 -1.04207e-05      40.1402 
         -10      89.1576 -3.33803e-05  -1.0517e-05      40.1372 
         -10      89.4474 -3.32655e-05 -1.06334e-05      40.1342 
         -10      89.7374 -3.31256e-05  -1.0772e-05      40.1312 
         -10      90.0282 -3.30669e-05 -1.07774e-05      40.1282 
         -10      90.3192 -3.31212e-05 -1.06028e-05      40.1252 
         -10      90.6109 -3.31516e-05 -1.04452e-05      40.1222 
         -10       90.903  -3.3161e-05 -1.03055e-05      40.1192 
         -10      91.1954  -3.3152e-05 -1.01838e-05      40.1162 
         -10      91.4885 -3.31269e-05 -1.00801e-05      40.1133 
         -10      91.7819 -3.30882e-05 -9.99401e-06      40.1103 
         -10      92.0759 -3.30377e-05 -9.92483e-06      40.1074 
         -10      92.3702 -3.29778e-05  -9.8717e-06      40.1044 
         -10      92.6652 -3.29105e-05 -9.83327e-06      40.1015 
         -10      92.9606 -3.28378e-05 -9.80803e-06      40.0985 
         -10      93.2563 -3.27622e-05 -9.79414e-06      40.0956 
         -10      93.5527 -3.26861e-05 -9.78942e-06      40.0927 
         -10      93.8493 -3.26123e-05 -9.79146e-06      40.0897 
         -10      94.1466 -3.25438e-05 -9.79756e-06      40.0868 
         -10      94.4442 -3.24842e-05 -9.80476e-06      40.0839 
         -10      94.7425 -3.24373e-05 -9.80984e-06       40.081 
         -10       95.041 -3.24077e-05 -9.80936e-06      40.0781 
         -10      95.3402 -3.24004e-05 -9.79964e-06      40.0753 
         -10      95.6399 -3.24213e-05  -9.7768e-06      40.0724 
         -10      95.9398 -3.24769e-05  -9.7368e-06      40.0695 
         -10      96.2404 -3.24437e-05 -9.71332e-06      40.0667 
         -10      96.5412 -3.22775e-05 -9.71984e-06      40.0638 
         -10      96.8428 -3.21426e-05 -9.70974e-06       40.061 
         -10      97.1446 -3.20342e-05 -9.68501e-06      40.0581 
         -10      97.4471 -3.19478e-05 -9.64749e-06      40.0553 
         -10      97.7501 -3.18793e-05 -9.59899e-06      40.0525 
         -10      98.0533 -3.18253e-05 -9.54126e-06      40.0497 
         -10      98.3572 -3.17826e-05 -9.47582e-06      40.0469 
         -10      98.6613 -3.17484e-05 -9.40428e-06      40.0441 
         -10      98.9662 -3.17204e-05 -9.32793e-06      40.0413 
         -10      99.2712 -3.16965e-05 -9.24821e-06      40.0385 
         -10       99.577 -3.16751e-05 -9.16619e-06      40.0357 
         -10      99.8833 -3.16547e-05 -9.08302e-06       40.033 
         -10       100.19 -3.16341e-05 -8.99975e-06      40.0302 
         -10      100.497 -3.16125e-05 -8.91714e-06      40.0275 
         -10      100.804 -3.15892e-05 -8.83606e-06      40.0248 
         -10      101.113 -3.15637e-05 -8.75706e-06      40.0221 
         -10      101.421 -3.15357e-05 -8.68079e-06      40.0194 
         -10       101.73 -3.15049e-05 -8.60756e-06      40.0167 
         -10      102.039 -3.14716e-05 -8.53783e-06       40.014 
         -10      102.349 -3.14355e-05 -8.47167e-06      40.0113 
         -10       102.66 -3.13971e-05 -8.40926e-06      40.0086 
         -10      102.971 -3.13566e-05 -8.35064e-06       40.006 
         -10      103.282 -3.13142e-05  -8.2956e-06      40.0033 
         -10      103.594 -3.12703e-05 -8.24402e-06      40.0007 
         -10      103.906 -3.12253e-05 -8.19552e-06      39.9981 
         -10      104.219 -3.11797e-05 -8.14977e-06      39.9955 
         -10      104.532 -3.11336e-05 -8.10619e-06      39.9929 
         -10      104.846 -3.10874e-05 -8.06425e-06      39.9903 
         -10       105.16 -3.10416e-05  -8.0233e-06      39.9877 
         -10      105.474 -3.09963e-05 -7.98256e-06      39.9851 
         -10      105.789 -3.09517e-05 -7.94126e-06      39.9826 
         -10      106.105 -3.09078e-05 -7.89846e-06        39.98 
         -10      106.421 -3.08649e-05 -7.85331e-06      39.9775 
         -10      106.738 -3.08226e-05 -7.80474e-06       39.975 
         -10      107.055 -3.07809e-05 -7.75177e-06      39.9725 
         -10      107.372 -3.07394e-05 -7.69338e-06      39.9699 
         -10       107.69 -3.06896e-05 -7.63941e-06      39.9675 
         -10      108.008 -3.06273e-05 -7.59809e-06       39.965 
         -10      108.327 -3.05668e-05 -7.55248e-06      39.9625 
         -10      108.646 -3.05084e-05 -7.50286e-06        39.96 
         -10      108.966 -3.04523e-05 -7.44937e-06      39.9576 
         -10      109.286 -3.03986e-05 -7.39235e-06      39.9552 
         -10      109.607 -3.03476e-05 -7.33193e-06      39.9527 
         -10      109.928 -3.02992e-05 -7.26846e-06      39.9503 
         -10       110.25 -3.02539e-05 -7.20226e-06      39.9479 
         -10      110.572 -3.02118e-05 -7.13357e-06      39.9455 
         -10      110.895 -3.01733e-05 -7.06285e-06      39.9432 
         -10      111.218 -3.01388e-05 -6.99039e-06      39.9408 
         -10      111.541 -3.01088e-05 -6.91673e-06      39.9384 
         -10      111.865 -3.00842e-05 -6.84225e-06      39.9361 
         -10       112.19 -3.00659e-05 -6.76756e-06      39.9338 
         -10      112.515 -3.00552e-05 -6.69332e-06      39.9315 
         -10       112.84 -3.00534e-05  -6.6201e-06      39.9292 
         -10      113.166 -3.00625e-05 -6.54879e-06      39.9269 
         -10      113.492 -3.00847e-05  -6.4801e-06      39.9247 
         -10      113.819 -3.01224e-05  -6.4151e-06      39.9225 
         -10      114.147 -3.01789e-05 -6.35472e-06      39.9203 
         -10      114.474 -3.02576e-05 -6.30024e-06      39.9181 
         -10      114.803 -3.03628e-05 -6.25285e-06      39.9159 
         -10      115.131 -3.02781e-05 -6.22679e-06      39.9137 
         -10       115.46 -3.00844e-05 -6.19734e-06      39.9116 
         -10       115.79 -2.98855e-05 -6.15676e-06      39.9094 
         -10       116.12  -2.9697e-05 -6.10618e-06      39.9073 
         -10      116.451 -2.95298e-05 -6.04661e-06      39.9052 
         -10      116.782 -2.93912e-05  -5.9792e-06      39.9031 
         -10      117.113  -2.9285e-05 -5.90492e-06       39.901 
         -10      117.446 -2.92124e-05 -5.82483e-06      39.8989 
         -10      117.778 -2.91722e-05    -5.74e-06      39.8969 
         -10      118.111 -2.91614e-05 -5.65122e-06      39.8948 
         -10      118.444 -2.91755e-05 -5.55949e-06      39.8928 
         -10      118.778 -2.92093e-05 -5.46547e-06      39.8908 
         -10      119.112 -2.92566e-05 -5.37003e-06      39.8888 
         -10      119.447 -2.93111e-05 -5.27368e-06      39.8868 
         -10      119.783 -2.93668e-05 -5.17707e-06      39.8848 
         -10      120.118 -2.94175e-05 -5.08075e-06      39.8829 
         -10      120.455 -2.94581e-05   -4.985e-06      39.8809 
         -10      120.791 -2.94841e-05 -4.89031e-06       39.879 
         -10      121.128 -2.94918e-05 -4.79679e-06      39.8771 
         -10      121.466  -2.9479e-05 -4.70481e-06      39.8752 
         -10      121.804 -2.94445e-05 -4.61438e-06      39.8733 
         -10      122.143 -2.93884e-05 -4.52576e-06      39.8715 
         -10      122.482 -2.93123e-05  -4.4389e-06      39.8696 
         -10      122.821 -2.92189e-05 -4.35394e-06      39.8678 
         -10      123.161 -2.91126e-05 -4.27102e-06       39.866 
         -10      123.502 -2.89984e-05 -4.19013e-06      39.8642 
         -10      123.843 -2.88827e-05 -4.11155e-06      39.8624 
         -10      124.184 -2.87776e-05  -4.0629e-06      39.8606 
         -10      124.526 -2.87012e-05 -4.09407e-06      39.8589 
         -10      124.868 -2.86433e-05 -4.11936e-06      39.8572 
         -10      125.211 -2.86072e-05 -4.14022e-06      39.8555 
         -10      125.554 -2.85954e-05 -4.15813e-06      39.8538 
         -10      125.898 -2.86095e-05 -4.17451e-06      39.8522 
         -10      126.242   -2.865e-05 -4.19053e-06      39.8505 
         -10      126.587 -2.87157e-05 -4.20713e-06      39.8489 
         -10      126.932 -2.88031e-05  -4.2247e-06      39.8473 
         -10      127.278 -2.89066e-05 -4.24313e-06      39.8458 
         -10      127.624 -2.90169e-05  -4.2615e-06      39.8442 
         -10      127.971 -2.91212e-05 -4.27795e-06      39.8427 
         -10      128.318 -2.92022e-05 -4.28957e-06      39.8412 
         -10      128.665 -2.92377e-05 -4.29208e-06      39.8397 
         -10      129.013 -2.91995e-05  -4.2797e-06      39.8383 
         -10      129.361 -2.90527e-05 -4.24492e-06      39.8369 
         -10       129.71 -2.87547e-05 -4.17814e-06      39.8355 
         -10       130.06 -2.82551e-05 -4.06766e-06      39.8341 
         -10       130.41 -2.74928e-05 -3.89897e-06      39.8328 
         -10       130.76 -2.63973e-05 -3.65495e-06      39.8315 
         -10      131.111 -2.61873e-05 -3.38451e-06      39.8301 
         -10      131.462 -2.80612e-05 -3.22901e-06      39.8287 
         -10      131.814 -2.93125e-05 -3.08465e-06      39.8273 
         -10      132.166 -3.00696e-05 -2.95106e-06      39.8259 
         -10      132.519  -3.0441e-05 -2.82812e-06      39.8245 
         -10      132.872 -3.05219e-05 -2.71504e-06      39.8231 
         -10      133.226 -3.03923e-05 -2.61117e-06      39.8218 
         -10       133.58 -3.01202e-05 -2.51558e-06      39.8205 
         -10      133.934 -2.97608e-05 -2.42696e-06      39.8192 
         -10      134.289 -2.93596e-05 -2.34407e-06       39.818 
         -10      134.645 -2.89512e-05 -2.26525e-06      39.8168 
         -10          135 -2.85628e-05 -2.18892e-06      39.8156 
         -10      135.357 -2.81879e-05 -2.11498e-06      39.8145 
         -10      135.714 -2.74325e-05 -2.08387e-06      39.8132 
         -10      136.071 -2.69181e-05 -2.05633e-06       39.812 
         -10      136.429 -2.66414e-05 -2.03114e-06      39.8109 
         -10      136.787 -2.65834e-05 -2.00703e-06      39.8097 
         -10      137.146 -2.67134e-05 -1.98266e-06      39.8087 
         -10      137.505 -2.69922e-05 -1.95676e-06      39.8076 
         -10      137.865 -2.73767e-05 -1.92805e-06      39.8066 
         -10      138.225 -2.78201e-05 -1.89537e-06      39.8056 
         -10      138.586 -2.82779e-05 -1.85755e-06      39.8047 
         -10      138.947 -2.87068e-05  -1.8136e-06      39.8038 
         -10      139.309 -2.90688e-05 -1.76268e-06      39.8029 
         -10      139.671 -2.93328e-05 -1.70397e-06       39.802 
         -10      140.033 -2.94748e-05 -1.63695e-06      39.8012 
         -10      140.397   -2.948e-05 -1.56111e-06      39.8004 
         -10       140.76 -2.93428e-05 -1.47634e-06      39.7996 
         -10      141.124 -2.90671e-05 -1.38247e-06      39.7988 
         -10      141.488 -2.86668e-05 -1.27972e-06       39.798 
         -10      141.853 -2.81653e-05 -1.16857e-06      39.7973 
         -10      142.219  -2.7593e-05 -1.04946e-06      39.7966 
         -10      142.584 -2.69892e-05 -9.23403e-07      39.7959 
         -10      142.951 -2.63968e-05 -7.91252e-07      39.7952 
         -10      143.317 -2.58639e-05 -6.54505e-07      39.7945 
         -10      143.685 -2.54378e-05 -5.14453e-07      39.7938 
         -10      144.052 -2.51652e-05  -3.7305e-07      39.7932 
         -10      144.421 -2.50863e-05  -2.3202e-07      39.7925 
         -10      144.789 -2.52329e-05 -9.36312e-08      39.7919 
         -10      145.158 -2.56222e-05  3.96561e-08      39.7913 
         -10      145.528 -2.62543e-05  1.65518e-07      39.7907 
         -10      145.898 -2.71039e-05  2.81051e-07      39.7901 
         -10      146.269 -2.81183e-05  3.83579e-07      39.7896 
         -10       146.64 -2.92064e-05  4.69955e-07      39.7891 
         -10      147.011 -3.02373e-05  5.37218e-07      39.7886 
         -10      147.383 -3.10275e-05   5.8211e-07      39.7881 
         -10      147.755  -3.1336e-05  6.01388e-07      39.7877 
         -10      148.128 -3.08557e-05  5.91825e-07      39.7873 
         -10      148.502 -2.92048e-05   5.5019e-07       39.787 
         -10      148.876 -2.59116e-05   4.7321e-07      39.7867 
         -10       149.25 -2.04177e-05  3.57897e-07      39.7865 
         -10      149.625 -1.20427e-05  2.01074e-07      39.7864 
         -10          150            0            0      39.7864 
