Variables = x, y, u, v, p

Zone, I=800, F=POINT
         700            0           -0           -0      18.8491 
         700     0.000234  1.59754e-06 -3.52744e-11      18.8491 
         700     0.000939  6.06348e-06 -5.65333e-10      18.8491 
         700     0.002113  1.24401e-05 -2.85399e-09      18.8491 
         700     0.003759  1.94628e-05 -8.99957e-09      18.8491 
         700     0.005872  2.58624e-05 -2.18623e-08      18.8491 
         700     0.008457   3.0797e-05 -4.51015e-08      18.8491 
         700      0.01151  3.40407e-05 -8.30078e-08      18.8491 
         700     0.015036  3.60788e-05 -1.40607e-07      18.8491 
         700     0.019031  3.79082e-05 -2.23356e-07      18.8491 
         700     0.023493  4.06684e-05 -3.37163e-07      18.8491 
         700     0.028429  4.51797e-05 -4.88559e-07      18.8491 
         700     0.033831  5.15589e-05  -6.8391e-07      18.8491 
         700     0.039706  5.91933e-05 -9.30226e-07      18.8491 
         700     0.046047   6.7133e-05 -1.23401e-06      18.8491 
         700     0.052863  7.50042e-05 -1.60243e-06      18.8491 
         700      0.06015  8.38932e-05 -2.04184e-06      18.8491 
         700       0.0679  9.62351e-05 -2.55793e-06      18.8491 
         700     0.076126  0.000112561 -3.15732e-06      18.8491 
         700     0.084816  0.000124739 -3.84439e-06      18.8491 
         700     0.093982  0.000143224 -4.62467e-06      18.8491 
         700     0.103611  0.000162211 -5.50093e-06      18.8491 
         700     0.113718  0.000182186 -6.47764e-06      18.8491 
         700     0.124286  0.000203388 -7.55537e-06      18.8491 
         700     0.135333  0.000225922  -8.7373e-06      18.8491 
         700      0.14685  0.000249654 -1.00229e-05      18.8491 
         700     0.158827  0.000274314 -1.14105e-05      18.8491 
         700     0.171284  0.000299627 -1.29011e-05      18.8491 
         700     0.184201  0.000325262 -1.44899e-05      18.8491 
         700     0.197599   0.00035106 -1.61765e-05      18.8491 
         700     0.211455  0.000376892 -1.79542e-05      18.8491 
         700     0.225792  0.000402734 -1.98215e-05      18.8491 
         700       0.2406  0.000428237 -2.17722e-05      18.8491 
         700     0.255865  0.000452763 -2.37987e-05      18.8491 
         700     0.271613  0.000476779 -2.58992e-05      18.8491 
         700     0.287818  0.000499781 -2.80642e-05      18.8491 
         700     0.304506  0.000521674 -3.02911e-05      18.8491 
         700      0.32165  0.000542306 -3.25703e-05      18.8491 
         700     0.339278  0.000561611 -3.48997e-05      18.8491 
         700     0.357377  0.000579492 -3.72722e-05      18.8491 
         700      0.37593  0.000595873 -3.96806e-05      18.8491 
         700     0.394968  0.000610744 -4.21244e-05      18.8491 
         700     0.414461  0.000624059 -4.45958e-05      18.8491 
         700      0.43444  0.000635841 -4.70953e-05      18.8491 
         700     0.454872  0.000646087 -4.96159e-05      18.8491 
         700     0.475791  0.000654847 -5.21597e-05      18.8491 
         700     0.497163  0.000662152 -5.47209e-05      18.8491 
         700     0.519021  0.000668067 -5.73027e-05      18.8491 
         700      0.54135  0.000672645 -5.99032e-05      18.8491 
         700     0.564131  0.000675942 -6.25212e-05      18.8491 
         700       0.5874  0.000678017 -6.51627e-05      18.8491 
         700     0.611121   0.00067891 -6.78268e-05      18.8491 
         700      0.63533  0.000678676 -7.05152e-05      18.8491 
         700      0.65999  0.000677411 -7.32277e-05      18.8491 
         700     0.685139  0.000675134 -7.59723e-05      18.8491 
         700     0.710759  0.000671865 -7.87509e-05      18.8491 
         700     0.736828  0.000667622  -8.1565e-05      18.8491 
         700     0.763387  0.000662409 -8.44225e-05      18.8491 
         700     0.790396  0.000656242 -8.73228e-05      18.8491 
         700     0.817896  0.000649118 -9.02733e-05      18.8491 
         700     0.845843  0.000641057  -9.3272e-05      18.8491 
         700     0.874283  0.000632053 -9.63263e-05      18.8491 
         700      0.90317  0.000622129  -9.9433e-05      18.8491 
         700     0.932551  0.000611285 -0.000102598      18.8491 
         700     0.962401   0.00059955  -0.00010582      18.8491 
         700     0.992697  0.000586963 -0.000109096      18.8491 
         700      1.02349  0.000573542 -0.000112431      18.8491 
         700      1.05472  0.000559361 -0.000115816      18.8491 
         700      1.08645   0.00054446 -0.000119256      18.8491 
         700      1.11863  0.000528941 -0.000122741      18.8491 
         700       1.1513  0.000512873 -0.000126273      18.8491 
         700      1.18444  0.000496376 -0.000129843      18.8491 
         700      1.21802  0.000479588 -0.000133443      18.8491 
         700      1.25211  0.000462614 -0.000137072      18.8491 
         700      1.28663  0.000445625 -0.000140716      18.8491 
         700      1.32165  0.000428739 -0.000144373      18.8491 
         700      1.35712  0.000412125 -0.000148029      18.8491 
         700      1.39308  0.000395885 -0.000151681      18.8491 
         700      1.42951  0.000380132 -0.000155318      18.8491 
         700      1.46638  0.000364941 -0.000158927      18.8491 
         700      1.50375  0.000350283 -0.000162507      18.8491 
         700      1.54156  0.000335963 -0.000166058      18.8491 
         700      1.57987  0.000322544 -0.000169556      18.8491 
         700      1.61863  0.000309963 -0.000172993      18.8491 
         700      1.65788  0.000298092 -0.000176375      18.8491 
         700      1.69757  0.000286846 -0.000179695      18.8491 
         700      1.73776  0.000276112 -0.000182958      18.8491 
         700      1.77842  0.000265807  -0.00018616      18.8491 
         700      1.81952  0.000255856 -0.000189297      18.8491 
         700      1.86113  0.000246168 -0.000192372      18.8491 
         700      1.90316  0.000236689 -0.000195379      18.8491 
         700      1.94571  0.000227345  -0.00019832      18.8491 
         700      1.98869  0.000218097 -0.000201188      18.8491 
         700      2.03217  0.000208885 -0.000203984      18.8491 
         700      2.07612  0.000199682 -0.000206705      18.8491 
         700      2.12051  0.000190463 -0.000209344      18.8491 
         700       2.1654  0.000181194 -0.000211903      18.8491 
         700      2.21073  0.000171873 -0.000214375      18.8491 
         700      2.25656  0.000162478 -0.000216761      18.8491 
         700      2.30283  0.000153023 -0.000219053      18.8491 
         700       2.3496  0.000143496 -0.000221251      18.8491 
         700      2.39685  0.000133914 -0.000223352      18.8491 
         700      2.44452  0.000124298 -0.000225349      18.8491 
         700      2.49271   0.00011465 -0.000227244      18.8491 
         700      2.54132  0.000105007  -0.00022903      18.8491 
         700      2.59044  9.53747e-05 -0.000230709      18.8491 
         700         2.64  8.57939e-05 -0.000232273      18.8491 
         700      2.69006  7.62739e-05 -0.000233725      18.8491 
         700      2.74056  6.68547e-05  -0.00023506      18.8491 
         700      2.79156  5.75453e-05 -0.000236278      18.8491 
         700      2.84304   4.8376e-05 -0.000237378      18.8491 
         700      2.89494  3.93741e-05 -0.000238357      18.8491 
         700      2.94735  3.05433e-05 -0.000239216      18.8491 
         700       3.0002  2.19128e-05 -0.000239954      18.8491 
         700      3.05355  1.34809e-05 -0.000240572      18.8491 
         700      3.10733  5.26949e-06 -0.000241069      18.8491 
         700      3.16163 -2.72818e-06 -0.000241446      18.8491 
         700      3.21639 -1.05016e-05 -0.000241703      18.8491 
         700      3.27158 -1.80424e-05 -0.000241839      18.8491 
         700      3.32729 -2.53602e-05 -0.000241855      18.8491 
         700      3.38342 -3.24394e-05 -0.000241751      18.8491 
         700      3.44007 -3.92831e-05 -0.000241525      18.8491 
         700      3.49714 -4.58664e-05 -0.000241176      18.8491 
         700      3.55472 -5.21752e-05 -0.000240699      18.8491 
         700      3.61273 -5.81614e-05 -0.000240091      18.8491 
         700      3.67125 -6.37775e-05 -0.000239344      18.8491 
         700      3.73025 -6.89371e-05 -0.000238451      18.8491 
         700      3.78967 -7.40462e-05 -0.000237542      18.8491 
         700      3.84961 -7.89164e-05 -0.000236578      18.8491 
         700      3.90996 -8.33223e-05 -0.000235503      18.8491 
         700      3.97084 -8.72917e-05  -0.00023432      18.8491 
         700      4.03214 -9.08391e-05 -0.000233037      18.8491 
         700      4.09395 -9.39905e-05 -0.000231656      18.8491 
         700      4.15624 -9.67632e-05 -0.000230185      18.8491 
         700      4.21895 -9.91758e-05 -0.000228629      18.8491 
         700      4.28217 -0.000101252 -0.000226992      18.8491 
         700      4.34582 -0.000103007 -0.000225281      18.8491 
         700      4.40998 -0.000104464 -0.000223498      18.8491 
         700      4.47457 -0.000105639 -0.000221651      18.8491 
         700      4.53968 -0.000106553 -0.000219742      18.8491 
         700      4.60525 -0.000107221 -0.000217777      18.8491 
         700      4.67125 -0.000107742  -0.00021582      18.8491 
         700      4.73777 -0.000108059  -0.00021383      18.8491 
         700       4.8047 -0.000108173 -0.000211807      18.8491 
         700      4.87216 -0.000108101 -0.000209751      18.8491 
         700      4.94003 -0.000107857 -0.000207671      18.8491 
         700      5.00843 -0.000107455 -0.000205567       18.849 
         700      5.07724 -0.000106908 -0.000203445       18.849 
         700      5.14658 -0.000106228 -0.000201305       18.849 
         700      5.21639 -0.000105428 -0.000199153       18.849 
         700      5.28661 -0.000104519 -0.000196992       18.849 
         700      5.35736 -0.000103512 -0.000194822       18.849 
         700      5.42852 -0.000102418 -0.000192648       18.849 
         700      5.50021 -0.000101243 -0.000190468       18.849 
         700      5.57231 -9.99988e-05 -0.000188288       18.849 
         700      5.64493 -9.86905e-05 -0.000186105       18.849 
         700      5.71803 -9.73262e-05 -0.000183923       18.849 
         700      5.79154  -9.5913e-05 -0.000181744       18.849 
         700      5.86558 -9.44543e-05 -0.000179565       18.849 
         700      5.94003 -9.29572e-05 -0.000177391       18.849 
         700      6.01501 -9.14232e-05 -0.000175219       18.849 
         700       6.0904 -8.98585e-05 -0.000173052       18.849 
         700      6.16632 -8.82636e-05 -0.000170887       18.849 
         700      6.24271  -8.6642e-05 -0.000168727       18.849 
         700       6.3195 -8.49973e-05 -0.000166573       18.849 
         700      6.39683 -8.33287e-05 -0.000164424       18.849 
         700      6.47457 -8.16405e-05 -0.000162281       18.849 
         700      6.55284 -7.99315e-05 -0.000160144       18.849 
         700      6.63152  -7.8206e-05 -0.000158016       18.849 
         700      6.71073 -7.64631e-05 -0.000155895       18.849 
         700      6.79034  -7.4708e-05 -0.000153787       18.849 
         700      6.87049 -7.29406e-05 -0.000151689       18.849 
         700      6.95111 -7.11659e-05 -0.000149607       18.849 
         700      7.03214 -6.93901e-05 -0.000147545       18.849 
         700       7.1137 -6.76162e-05 -0.000145503       18.849 
         700      7.19566 -6.58547e-05 -0.000143489       18.849 
         700      7.27816 -6.41121e-05 -0.000141506       18.849 
         700      7.36106 -6.24027e-05 -0.000139564       18.849 
         700      7.44451  -6.0738e-05 -0.000137665       18.849 
         700      7.52842 -5.90452e-05 -0.000135723       18.849 
         700      7.61273 -5.72111e-05 -0.000133638       18.849 
         700      7.69758 -5.54359e-05 -0.000131633       18.849 
         700      7.78283 -5.37143e-05 -0.000129694       18.849 
         700      7.86862 -5.20366e-05 -0.000127807       18.849 
         700      7.95481 -5.03996e-05 -0.000125961       18.849 
         700      8.04155 -4.87955e-05 -0.000124146       18.849 
         700      8.12868 -4.72229e-05 -0.000122356       18.849 
         700      8.21635 -4.56759e-05 -0.000120582       18.849 
         700      8.30449  -4.4153e-05 -0.000118821       18.849 
         700      8.39303 -4.26535e-05 -0.000117073       18.849 
         700      8.48211 -4.11733e-05 -0.000115331       18.849 
         700      8.57159 -3.97139e-05 -0.000113598       18.849 
         700      8.66161 -3.82722e-05 -0.000111871       18.849 
         700      8.75203 -3.68501e-05 -0.000110154       18.849 
         700      8.84299 -3.54452e-05 -0.000108446       18.849 
         700      8.93443 -3.40586e-05  -0.00010675       18.849 
         700      9.02626 -3.26916e-05  -0.00010507       18.849 
         700      9.11863  -3.1342e-05 -0.000103406       18.849 
         700      9.21139  -3.0012e-05 -0.000101764       18.849 
         700      9.30471 -2.86996e-05 -0.000100143       18.849 
         700      9.39841 -2.74068e-05 -9.85493e-05       18.849 
         700      9.49267 -2.61312e-05 -9.69823e-05       18.849 
         700      9.58739 -2.48735e-05 -9.54456e-05       18.849 
         700      9.68251 -2.36342e-05 -9.39424e-05       18.849 
         700      9.77817 -2.24106e-05 -9.24718e-05       18.849 
         700      9.87422 -2.12038e-05  -9.1037e-05       18.849 
         700      9.97083 -2.00111e-05 -8.96363e-05       18.849 
         700      10.0678 -1.88335e-05 -8.82723e-05       18.849 
         700      10.1654 -1.76684e-05 -8.69425e-05       18.849 
         700      10.2633 -1.65145e-05 -8.54761e-05       18.849 
         700      10.3618  -1.5362e-05 -8.39938e-05       18.849 
         700      10.4607 -1.42139e-05 -8.25588e-05       18.849 
         700      10.5601 -1.30793e-05 -8.11576e-05       18.849 
         700        10.66 -1.19714e-05 -7.97713e-05       18.849 
         700      10.7603 -1.09151e-05 -7.83845e-05       18.849 
         700      10.8611  -9.9414e-06 -7.69758e-05       18.849 
         700      10.9623  -9.0959e-06 -7.55274e-05       18.849 
         700      11.0641  -8.2412e-06 -7.42617e-05       18.849 
         700      11.1663 -7.24004e-06 -7.32157e-05       18.849 
         700       11.269 -6.27056e-06 -7.21121e-05       18.849 
         700      11.3721 -5.32803e-06 -7.09658e-05       18.849 
         700      11.4757 -4.41091e-06 -6.97932e-05       18.849 
         700      11.5798 -3.51489e-06 -6.86052e-05       18.849 
         700      11.6844 -2.63874e-06 -6.74143e-05       18.849 
         700      11.7894 -1.77861e-06 -6.62278e-05       18.849 
         700       11.895 -9.32983e-07 -6.50539e-05       18.849 
         700      12.0009 -1.00511e-07 -6.38992e-05       18.849 
         700      12.1073  7.21884e-07 -6.27659e-05       18.849 
         700      12.2142  1.53439e-06 -6.16586e-05       18.849 
         700      12.3216  2.33951e-06 -6.05767e-05       18.849 
         700      12.4294  3.13693e-06 -5.95221e-05       18.849 
         700      12.5378  3.92861e-06 -5.84923e-05       18.849 
         700      12.6465  4.71366e-06 -5.74868e-05       18.849 
         700      12.7558  5.49343e-06 -5.65015e-05       18.849 
         700      12.8656  6.26709e-06 -5.55336e-05       18.849 
         700      12.9757  7.03354e-06 -5.45801e-05       18.849 
         700      13.0864  7.79319e-06 -5.36353e-05       18.849 
         700      13.1975  8.54378e-06 -5.26961e-05       18.849 
         700      13.3092   9.2851e-06 -5.17568e-05       18.849 
         700      13.4212  1.00143e-05 -5.08148e-05       18.849 
         700      13.5338  1.07307e-05 -4.98647e-05       18.849 
         700      13.6468  1.14314e-05 -4.89044e-05       18.849 
         700      13.7603  1.20305e-05 -4.79444e-05       18.849 
         700      13.8743  1.25747e-05 -4.69999e-05       18.849 
         700      13.9886  1.31083e-05 -4.60744e-05       18.849 
         700      14.1036  1.36317e-05 -4.51702e-05       18.849 
         700      14.2189  1.41437e-05 -4.42924e-05       18.849 
         700      14.3348  1.46452e-05 -4.34425e-05       18.849 
         700       14.451  1.51363e-05 -4.26235e-05       18.849 
         700      14.5678  1.56196e-05 -4.18343e-05       18.849 
         700      14.6851   1.6098e-05  -4.1074e-05       18.849 
         700      14.8028  1.65765e-05 -4.03388e-05       18.849 
         700       14.921  1.70636e-05 -3.96205e-05       18.849 
         700      15.0396  1.75691e-05 -3.89092e-05       18.849 
         700      15.1588  1.81082e-05 -3.81886e-05       18.849 
         700      15.2783   1.8699e-05 -3.74396e-05       18.849 
         700      15.3984  1.93664e-05 -3.66349e-05       18.849 
         700       15.519  1.99652e-05 -3.59206e-05       18.849 
         700        15.64   2.0282e-05 -3.53128e-05       18.849 
         700      15.7615  2.03912e-05 -3.46102e-05       18.849 
         700      15.8834  2.05452e-05 -3.38661e-05       18.849 
         700      16.0058  2.08459e-05 -3.31776e-05       18.849 
         700      16.1286  2.11805e-05 -3.25311e-05       18.849 
         700       16.252  2.15454e-05 -3.19202e-05       18.849 
         700      16.3759  2.19364e-05 -3.13413e-05       18.849 
         700      16.5002  2.23491e-05  -3.0791e-05       18.849 
         700       16.625  2.27802e-05 -3.02658e-05       18.849 
         700      16.7501  2.32041e-05 -2.96905e-05       18.849 
         700      16.8759  2.36048e-05 -2.90801e-05       18.849 
         700       17.002  2.39906e-05 -2.84898e-05       18.849 
         700      17.1287  2.43607e-05 -2.79154e-05       18.849 
         700      17.2557  2.47135e-05 -2.73552e-05       18.849 
         700      17.3834  2.50491e-05 -2.68061e-05       18.849 
         700      17.5115  2.53672e-05 -2.62669e-05       18.849 
         700      17.6399  2.56679e-05 -2.57366e-05       18.849 
         700       17.769  2.59522e-05 -2.52134e-05       18.849 
         700      17.8984  2.62208e-05 -2.46975e-05       18.849 
         700      18.0284  2.64751e-05 -2.41877e-05       18.849 
         700      18.1587   2.6716e-05 -2.36847e-05       18.849 
         700      18.2896  2.69452e-05 -2.31879e-05       18.849 
         700       18.421  2.71641e-05 -2.26978e-05       18.849 
         700      18.5528   2.7374e-05 -2.22152e-05       18.849 
         700      18.6851  2.75765e-05   -2.174e-05       18.849 
         700      18.8178  2.77727e-05 -2.12733e-05       18.849 
         700      18.9511  2.79641e-05 -2.08152e-05       18.849 
         700      19.0847  2.81516e-05  -2.0367e-05       18.849 
         700      19.2189  2.83364e-05 -1.99286e-05       18.849 
         700      19.3535  2.85189e-05 -1.95011e-05       18.849 
         700      19.4886  2.86999e-05 -1.90845e-05       18.849 
         700      19.6242  2.88796e-05 -1.86796e-05       18.849 
         700      19.7602  2.90578e-05 -1.82868e-05       18.849 
         700      19.8968  2.92349e-05 -1.79058e-05       18.849 
         700      20.0337  2.94099e-05 -1.75372e-05       18.849 
         700      20.1712  2.95828e-05 -1.71803e-05       18.849 
         700      20.3091  2.97523e-05 -1.68356e-05       18.849 
         700      20.4475  2.99179e-05 -1.65019e-05       18.849 
         700      20.5864  3.00784e-05 -1.61793e-05       18.849 
         700      20.7257  3.02325e-05 -1.58671e-05       18.849 
         700      20.8655  3.03795e-05 -1.55642e-05       18.849 
         700      21.0058  3.05179e-05 -1.52702e-05       18.849 
         700      21.1465  3.06472e-05 -1.49838e-05       18.849 
         700      21.2877  3.07665e-05 -1.47045e-05       18.849 
         700      21.4294  3.08758e-05 -1.44309e-05       18.849 
         700      21.5716  3.09751e-05 -1.41624e-05       18.849 
         700      21.7142  3.10652e-05 -1.38985e-05       18.849 
         700      21.8573  3.11477e-05 -1.36381e-05       18.849 
         700      22.0008  3.12252e-05 -1.33813e-05       18.849 
         700      22.1449  3.13012e-05 -1.31278e-05       18.849 
         700      22.2893  3.13805e-05 -1.28784e-05       18.849 
         700      22.4344  3.14699e-05 -1.26337e-05       18.849 
         700      22.5797  3.15773e-05 -1.23955e-05       18.849 
         700      22.7257  3.17131e-05 -1.21658e-05       18.849 
         700      22.8721  3.18898e-05  -1.1948e-05       18.849 
         700      23.0189  3.21224e-05 -1.17465e-05       18.849 
         700      23.1663  3.22941e-05 -1.15234e-05       18.849 
         700       23.314  3.23027e-05 -1.12578e-05       18.849 
         700      23.4623  3.23219e-05 -1.10083e-05       18.849 
         700       23.611  3.23501e-05 -1.07734e-05       18.849 
         700      23.7602  3.23859e-05 -1.05511e-05       18.849 
         700        23.91  3.24277e-05 -1.03397e-05       18.849 
         700        24.06  3.24746e-05 -1.01374e-05       18.849 
         700      24.2107  3.25255e-05 -9.94202e-06       18.849 
         700      24.3617  3.25793e-05 -9.75212e-06       18.849 
         700      24.5133  3.26353e-05 -9.56567e-06       18.849 
         700      24.6653  3.26925e-05 -9.38142e-06       18.849 
         700      24.8178    3.275e-05 -9.19767e-06       18.849 
         700      24.9708  3.28068e-05 -9.01336e-06       18.849 
         700      25.1242  3.28619e-05 -8.82768e-06       18.849 
         700      25.2781  3.29142e-05 -8.63958e-06       18.849 
         700      25.4324  3.29627e-05 -8.44893e-06       18.849 
         700      25.5873  3.30063e-05 -8.25525e-06       18.849 
         700      25.7426  3.30436e-05   -8.059e-06       18.849 
         700      25.8984  3.30737e-05 -7.86035e-06       18.849 
         700      26.0546  3.30952e-05 -7.66041e-06       18.849 
         700      26.2114  3.31074e-05 -7.46001e-06       18.849 
         700      26.3686  3.31091e-05 -7.26078e-06       18.849 
         700      26.5262  3.30999e-05 -7.06471e-06       18.849 
         700      26.6844  3.30792e-05 -6.87363e-06       18.849 
         700      26.8429  3.30471e-05 -6.69029e-06       18.849 
         700       27.002  3.30041e-05 -6.51716e-06       18.849 
         700      27.1615  3.29513e-05 -6.35755e-06       18.849 
         700      27.3216  3.31013e-05 -6.29201e-06       18.849 
         700      27.4821  3.32581e-05  -6.2297e-06       18.849 
         700       27.643  3.33859e-05 -6.16015e-06       18.849 
         700      27.8044  3.34828e-05 -6.08587e-06       18.849 
         700      27.9663  3.35476e-05 -6.00907e-06       18.849 
         700      28.1287  3.35804e-05 -5.93123e-06       18.849 
         700      28.2914  3.35825e-05 -5.85352e-06       18.849 
         700      28.4548  3.35561e-05 -5.77628e-06       18.849 
         700      28.6185   3.3505e-05 -5.69955e-06       18.849 
         700      28.7828  3.34344e-05 -5.62252e-06       18.849 
         700      28.9475  3.33508e-05 -5.54398e-06       18.849 
         700      29.1126  3.32625e-05 -5.46221e-06       18.849 
         700      29.2784  3.31795e-05 -5.37474e-06       18.849 
         700      29.4444  3.31136e-05 -5.27889e-06       18.849 
         700       29.611  3.30786e-05 -5.17125e-06       18.849 
         700       29.778  3.30904e-05 -5.04837e-06       18.849 
         700      29.9456  3.31673e-05 -4.90613e-06       18.849 
         700      30.1137  3.33299e-05 -4.74049e-06       18.849 
         700      30.2821  3.36013e-05 -4.54737e-06       18.849 
         700      30.4511  3.37613e-05  -4.4034e-06       18.849 
         700      30.6204  3.36222e-05 -4.36834e-06       18.849 
         700      30.7903   3.3523e-05 -4.32662e-06      18.8491 
         700      30.9606  3.34572e-05 -4.27836e-06      18.8491 
         700      31.1315  3.34188e-05 -4.22373e-06      18.8491 
         700      31.3028  3.34021e-05 -4.16316e-06      18.8491 
         700      31.4745  3.34021e-05 -4.09723e-06      18.8491 
         700      31.6468  3.34141e-05 -4.02648e-06      18.8491 
         700      31.8194  3.34339e-05 -3.95174e-06      18.8491 
         700      31.9926   3.3458e-05 -3.87366e-06      18.8491 
         700      32.1662  3.34829e-05 -3.79318e-06      18.8491 
         700      32.3404  3.35062e-05 -3.71097e-06      18.8491 
         700      32.5149  3.35256e-05 -3.62796e-06      18.8491 
         700        32.69  3.35393e-05 -3.54479e-06      18.8491 
         700      32.8655   3.3546e-05 -3.46225e-06      18.8491 
         700      33.0414   3.3545e-05 -3.38106e-06      18.8491 
         700       33.218  3.35358e-05 -3.30164e-06      18.8491 
         700      33.3948  3.35184e-05 -3.22461e-06      18.8491 
         700      33.5723  3.34934e-05 -3.15023e-06      18.8491 
         700        33.75  3.34613e-05 -3.07887e-06      18.8491 
         700      33.9284  3.34234e-05 -3.01059e-06      18.8491 
         700      34.1073   3.3381e-05 -2.94547e-06      18.8491 
         700      34.2865  3.33356e-05 -2.88348e-06      18.8491 
         700      34.4663  3.32891e-05 -2.82433e-06      18.8491 
         700      34.6465  3.32433e-05 -2.76782e-06      18.8491 
         700      34.8272  3.32003e-05 -2.71346e-06      18.8491 
         700      35.0083   3.3162e-05 -2.66085e-06      18.8491 
         700        35.19  3.31304e-05 -2.60938e-06      18.8491 
         700      35.3721  3.31072e-05 -2.55848e-06      18.8491 
         700      35.5546  3.30939e-05 -2.50759e-06      18.8491 
         700      35.7377  3.30918e-05 -2.45601e-06      18.8491 
         700      35.9211  3.31016e-05 -2.40327e-06      18.8491 
         700      36.1052  3.31236e-05 -2.34878e-06      18.8491 
         700      36.2895  3.31574e-05 -2.29226e-06      18.8491 
         700      36.4745  3.32018e-05 -2.23343e-06      18.8491 
         700      36.6598  3.32548e-05 -2.17238e-06      18.8491 
         700      36.8457  3.33134e-05 -2.10932e-06      18.8491 
         700      37.0321  3.33732e-05 -2.04493e-06      18.8491 
         700      37.2188  3.34286e-05 -1.98029e-06      18.8491 
         700      37.4062  3.34727e-05 -1.91684e-06      18.8491 
         700      37.5938  3.34965e-05 -1.85675e-06      18.8491 
         700      37.7821  3.34895e-05 -1.80269e-06      18.8491 
         700      37.9707  3.34391e-05 -1.75822e-06      18.8491 
         700      38.1599   3.3467e-05 -1.77356e-06      18.8491 
         700      38.3496  3.34964e-05  -1.7839e-06      18.8491 
         700      38.5396  3.34906e-05 -1.77047e-06      18.8491 
         700      38.7302  3.34548e-05 -1.73526e-06      18.8491 
         700      38.9211  3.33957e-05   -1.682e-06      18.8491 
         700      39.1127   3.3322e-05 -1.61603e-06      18.8491 
         700      39.3046  3.32448e-05 -1.54467e-06      18.8491 
         700      39.4971  3.31776e-05  -1.4768e-06      18.8491 
         700      39.6899  3.31363e-05 -1.42332e-06      18.8491 
         700      39.8833  3.31402e-05 -1.39678e-06      18.8491 
         700      40.0772  3.32115e-05 -1.41171e-06      18.8491 
         700      40.2714  3.33758e-05 -1.48431e-06      18.8491 
         700      40.4663  3.36629e-05  -1.6328e-06      18.8491 
         700      40.6615  3.35542e-05 -1.61181e-06      18.8491 
         700      40.8573  3.33407e-05 -1.54606e-06      18.8491 
         700      41.0534  3.31723e-05 -1.50269e-06      18.8491 
         700      41.2501  3.30428e-05 -1.47623e-06      18.8491 
         700      41.4473  3.29469e-05 -1.46197e-06      18.8491 
         700      41.6448  3.28798e-05 -1.45584e-06      18.8491 
         700      41.8429  3.28371e-05 -1.45436e-06      18.8491 
         700      42.0414  3.28151e-05 -1.45468e-06      18.8492 
         700      42.2405  3.28107e-05 -1.45449e-06      18.8492 
         700      42.4399   3.2821e-05 -1.45201e-06      18.8492 
         700      42.6399  3.28439e-05 -1.44594e-06      18.8492 
         700      42.8404  3.28776e-05 -1.43548e-06      18.8492 
         700      43.0412  3.29208e-05 -1.42024e-06      18.8492 
         700      43.2426  3.29726e-05 -1.40024e-06      18.8492 
         700      43.4444  3.30325e-05 -1.37589e-06      18.8492 
         700      43.6467  3.31007e-05 -1.34789e-06      18.8492 
         700      43.8494  3.31774e-05 -1.31736e-06      18.8492 
         700      44.0527  3.32637e-05 -1.28559e-06      18.8492 
         700      44.2563  3.33607e-05 -1.25423e-06      18.8492 
         700      44.4606  3.34124e-05  -1.2298e-06      18.8492 
         700      44.6653   3.3292e-05 -1.22289e-06      18.8492 
         700      44.8704  3.31836e-05 -1.21756e-06      18.8492 
         700       45.076  3.30881e-05 -1.21318e-06      18.8492 
         700       45.282  3.30063e-05 -1.20926e-06      18.8492 
         700      45.4886  3.29387e-05 -1.20532e-06      18.8492 
         700      45.6955  3.28853e-05 -1.20102e-06      18.8492 
         700       45.903   3.2846e-05 -1.19604e-06      18.8492 
         700      46.1111  3.28203e-05 -1.19015e-06      18.8492 
         700      46.3194  3.28073e-05  -1.1832e-06      18.8492 
         700      46.5283  3.28063e-05 -1.17508e-06      18.8492 
         700      46.7376  3.28158e-05 -1.16576e-06      18.8492 
         700      46.9475  3.28344e-05 -1.15526e-06      18.8492 
         700      47.1577  3.28606e-05 -1.14367e-06      18.8492 
         700      47.3685  3.28926e-05 -1.13112e-06      18.8492 
         700      47.5798  3.29285e-05 -1.11779e-06      18.8492 
         700      47.7914  3.29663e-05 -1.10394e-06      18.8492 
         700      48.0037  3.30041e-05  -1.0898e-06      18.8492 
         700      48.2162  3.30399e-05 -1.07572e-06      18.8492 
         700      48.4294  3.30717e-05 -1.06201e-06      18.8492 
         700      48.6429  3.30977e-05 -1.04907e-06      18.8492 
         700       48.857  3.31164e-05 -1.03726e-06      18.8492 
         700      49.0714  3.31262e-05 -1.02702e-06      18.8492 
         700      49.2865  3.31261e-05 -1.01873e-06      18.8492 
         700       49.502  3.31154e-05 -1.01283e-06      18.8492 
         700      49.7179  3.30936e-05 -1.00973e-06      18.8492 
         700      49.9343  3.30611e-05 -1.00983e-06      18.8492 
         700      50.1511  3.30186e-05 -1.01351e-06      18.8492 
         700      50.3685  3.29676e-05 -1.02113e-06      18.8492 
         700      50.5862  3.29105e-05 -1.03298e-06      18.8493 
         700      50.8046  3.28503e-05 -1.04937e-06      18.8493 
         700      51.0234  3.27914e-05 -1.07049e-06      18.8493 
         700      51.2425  3.27389e-05 -1.09646e-06      18.8493 
         700      51.4623  3.26994e-05 -1.12741e-06      18.8493 
         700      51.6824  3.26807e-05 -1.16327e-06      18.8493 
         700      51.9031  3.26922e-05 -1.20397e-06      18.8493 
         700      52.1241  3.27449e-05 -1.24923e-06      18.8493 
         700      52.3457  3.28513e-05 -1.29877e-06      18.8493 
         700      52.5676  3.30262e-05 -1.35202e-06      18.8493 
         700      52.7902  3.31752e-05 -1.37666e-06      18.8493 
         700      53.0133  3.29738e-05 -1.28856e-06      18.8493 
         700      53.2366  3.28433e-05 -1.21755e-06      18.8493 
         700      53.4606  3.27679e-05 -1.16057e-06      18.8493 
         700      53.6849  3.27341e-05 -1.11512e-06      18.8493 
         700      53.9099  3.27302e-05 -1.07889e-06      18.8493 
         700      54.1351  3.27463e-05 -1.05003e-06      18.8493 
         700       54.361   3.2774e-05 -1.02689e-06      18.8493 
         700      54.5873  3.28065e-05 -1.00814e-06      18.8493 
         700      54.8139  3.28385e-05 -9.92725e-07      18.8493 
         700      55.0412  3.28658e-05 -9.79763e-07      18.8493 
         700      55.2688  3.28854e-05 -9.68629e-07      18.8493 
         700       55.497  3.28953e-05 -9.58842e-07      18.8493 
         700      55.7255  3.28946e-05 -9.50111e-07      18.8493 
         700      55.9547   3.2883e-05 -9.42246e-07      18.8493 
         700      56.1844  3.28609e-05 -9.35188e-07      18.8493 
         700      56.4143  3.28294e-05 -9.28958e-07      18.8493 
         700      56.6449    3.279e-05 -9.23619e-07      18.8493 
         700      56.8757  3.27446e-05 -9.19283e-07      18.8493 
         700      57.1072  3.26954e-05 -9.16056e-07      18.8493 
         700       57.339  3.26449e-05 -9.14037e-07      18.8493 
         700      57.5715  3.25954e-05 -9.13269e-07      18.8493 
         700      57.8042  3.25495e-05 -9.13734e-07      18.8494 
         700      58.0376  3.25098e-05 -9.15315e-07      18.8494 
         700      58.2715  3.24785e-05 -9.17775e-07      18.8494 
         700      58.5057  3.24577e-05 -9.20724e-07      18.8494 
         700      58.7405  3.24495e-05  -9.2361e-07      18.8494 
         700      58.9756  3.24552e-05 -9.25673e-07      18.8494 
         700      59.2113  3.24762e-05 -9.25937e-07      18.8494 
         700      59.4473  3.25133e-05 -9.23173e-07      18.8494 
         700       59.684  3.25667e-05 -9.15874e-07      18.8494 
         700      59.9212  3.26364e-05 -9.02236e-07      18.8494 
         700      60.1586  3.27218e-05 -8.80151e-07      18.8494 
         700      60.3967  3.28217e-05 -8.47107e-07      18.8494 
         700      60.6351  3.28878e-05 -8.70118e-07      18.8494 
         700      60.8741  3.28982e-05 -9.76748e-07      18.8494 
         700      61.1135  3.29165e-05 -1.06563e-06      18.8494 
         700      61.3534  3.29386e-05 -1.13764e-06      18.8494 
         700      61.5939  3.29606e-05 -1.19364e-06      18.8494 
         700      61.8346  3.29794e-05  -1.2347e-06      18.8494 
         700       62.076  3.29921e-05 -1.26213e-06      18.8494 
         700      62.3177  3.29964e-05 -1.27727e-06      18.8494 
         700        62.56  3.29909e-05 -1.28164e-06      18.8494 
         700      62.8026  3.29746e-05 -1.27683e-06      18.8494 
         700      63.0459  3.29474e-05  -1.2645e-06      18.8494 
         700      63.2894  3.29102e-05 -1.24641e-06      18.8494 
         700      63.5336  3.28644e-05 -1.22431e-06      18.8494 
         700      63.7783  3.28127e-05     -1.2e-06      18.8494 
         700      64.0233  3.27591e-05 -1.17528e-06      18.8495 
         700      64.2689  3.27083e-05 -1.15189e-06      18.8495 
         700      64.5148  3.26666e-05 -1.13158e-06      18.8495 
         700      64.7613  3.26415e-05 -1.11595e-06      18.8495 
         700      65.0082  3.26422e-05  -1.1066e-06      18.8495 
         700      65.2557  3.26791e-05 -1.10492e-06      18.8495 
         700      65.5036  3.27647e-05 -1.11223e-06      18.8495 
         700      65.7519  3.29128e-05 -1.12962e-06      18.8495 
         700      66.0008  3.31215e-05 -1.15515e-06      18.8495 
         700        66.25  3.29067e-05 -1.11302e-06      18.8495 
         700      66.4998  3.27404e-05 -1.07937e-06      18.8495 
         700        66.75  3.26166e-05 -1.05301e-06      18.8495 
         700      67.0007   3.2529e-05 -1.03278e-06      18.8495 
         700      67.2518  3.24723e-05 -1.01772e-06      18.8495 
         700      67.5035  3.24416e-05 -1.00692e-06      18.8495 
         700      67.7557  3.24322e-05 -9.99615e-07      18.8495 
         700      68.0082  3.24403e-05 -9.95136e-07      18.8495 
         700      68.2614   3.2462e-05 -9.92899e-07      18.8495 
         700      68.5148  3.24939e-05 -9.92429e-07      18.8495 
         700      68.7688  3.25333e-05 -9.93335e-07      18.8495 
         700      69.0232  3.25772e-05 -9.95314e-07      18.8495 
         700      69.2782  3.26235e-05 -9.98144e-07      18.8495 
         700      69.5337  3.26701e-05 -1.00168e-06      18.8496 
         700      69.7895  3.27149e-05 -1.00584e-06      18.8496 
         700      70.0459  3.27566e-05 -1.01062e-06      18.8496 
         700      70.3026  3.27935e-05 -1.01607e-06      18.8496 
         700        70.56  3.28245e-05 -1.02231e-06      18.8496 
         700      70.8176  3.28485e-05 -1.02948e-06      18.8496 
         700      71.0759  3.28645e-05 -1.03781e-06      18.8496 
         700      71.3347  3.28715e-05 -1.04752e-06      18.8496 
         700      71.5938  3.28689e-05  -1.0589e-06      18.8496 
         700      71.8535  3.28559e-05 -1.07226e-06      18.8496 
         700      72.1135  3.28318e-05 -1.08793e-06      18.8496 
         700      72.3741   3.2796e-05 -1.10627e-06      18.8496 
         700       72.635  3.27477e-05 -1.12761e-06      18.8496 
         700      72.8967  3.26863e-05 -1.15236e-06      18.8496 
         700      73.1585  3.26112e-05 -1.18084e-06      18.8496 
         700      73.4211  3.25213e-05 -1.21347e-06      18.8496 
         700      73.6841  3.24159e-05 -1.25056e-06      18.8496 
         700      73.9473  3.24014e-05  -1.2221e-06      18.8496 
         700      74.2113  3.24185e-05 -1.17656e-06      18.8496 
         700      74.4755  3.24366e-05 -1.13527e-06      18.8497 
         700      74.7404  3.24556e-05  -1.0981e-06      18.8497 
         700      75.0056  3.24757e-05 -1.06496e-06      18.8497 
         700      75.2714  3.24968e-05 -1.03559e-06      18.8497 
         700      75.5377  3.25191e-05 -1.00974e-06      18.8497 
         700      75.8043  3.25424e-05 -9.87118e-07      18.8497 
         700      76.0715  3.25668e-05 -9.67338e-07      18.8497 
         700       76.339  3.25922e-05 -9.50076e-07      18.8497 
         700      76.6072  3.26185e-05 -9.34939e-07      18.8497 
         700      76.8756  3.26453e-05 -9.21594e-07      18.8497 
         700      77.1448  3.26724e-05 -9.09675e-07      18.8497 
         700      77.4141  3.26994e-05 -8.98877e-07      18.8497 
         700      77.6842  3.27258e-05 -8.88889e-07      18.8497 
         700      77.9547  3.27511e-05 -8.79458e-07      18.8497 
         700      78.2255  3.27747e-05 -8.70366e-07      18.8497 
         700       78.497  3.27961e-05 -8.61416e-07      18.8497 
         700      78.7687  3.28146e-05  -8.5248e-07      18.8497 
         700      79.0411  3.28295e-05 -8.43441e-07      18.8498 
         700      79.3138  3.28404e-05 -8.34251e-07      18.8498 
         700      79.5872  3.28468e-05 -8.24868e-07      18.8498 
         700       79.861  3.28483e-05 -8.15302e-07      18.8498 
         700      80.1351  3.28447e-05 -8.05585e-07      18.8498 
         700      80.4098  3.28361e-05 -7.95745e-07      18.8498 
         700      80.6849  3.28229e-05 -7.85841e-07      18.8498 
         700      80.9606  3.28057e-05 -7.75894e-07      18.8498 
         700      81.2365  3.27856e-05 -7.65935e-07      18.8498 
         700      81.5132  3.27642e-05 -7.55923e-07      18.8498 
         700      81.7903  3.27436e-05 -7.45786e-07      18.8498 
         700      82.0676  3.27269e-05 -7.35372e-07      18.8498 
         700      82.3457  3.27175e-05 -7.24405e-07      18.8498 
         700       82.624  3.27199e-05 -7.12517e-07      18.8498 
         700       82.903  3.27396e-05 -6.99153e-07      18.8498 
         700      83.1822  3.27831e-05 -6.83614e-07      18.8498 
         700      83.4622  3.26309e-05 -6.59079e-07      18.8499 
         700      83.7424  3.23595e-05 -6.26436e-07      18.8499 
         700      84.0232  3.21858e-05 -5.93152e-07      18.8499 
         700      84.3046  3.20949e-05 -5.61047e-07      18.8499 
         700      84.5862  3.20727e-05  -5.3164e-07      18.8499 
         700      84.8685  3.21059e-05 -5.06085e-07      18.8499 
         700       85.151  3.21817e-05 -4.85336e-07      18.8499 
         700      85.4342  3.22887e-05 -4.69987e-07      18.8499 
         700      85.7177  3.24154e-05 -4.60408e-07      18.8499 
         700      86.0019  3.25519e-05  -4.5665e-07      18.8499 
         700      86.2865   3.2688e-05  -4.5851e-07      18.8499 
         700      86.5714  3.28146e-05 -4.65489e-07      18.8499 
         700       86.857   3.2923e-05 -4.76831e-07      18.8499 
         700      87.1428  3.30049e-05 -4.91471e-07        18.85 
         700      87.4293  3.30524e-05 -5.08105e-07        18.85 
         700      87.7161   3.3058e-05 -5.25094e-07        18.85 
         700      88.0035  3.30144e-05 -5.40567e-07        18.85 
         700      88.2914  3.29144e-05 -5.52316e-07        18.85 
         700      88.5796  3.27788e-05  -5.3208e-07        18.85 
         700      88.8685  3.26813e-05 -4.89596e-07        18.85 
         700      89.1576  3.26094e-05 -4.62983e-07        18.85 
         700      89.4474  3.25585e-05  -4.4889e-07        18.85 
         700      89.7374  3.25244e-05 -4.44449e-07        18.85 
         700      90.0282  3.25033e-05 -4.47145e-07        18.85 
         700      90.3192  3.24921e-05 -4.54829e-07        18.85 
         700      90.6109  3.24878e-05   -4.657e-07        18.85 
         700       90.903  3.24881e-05  -4.7825e-07      18.8501 
         700      91.1954  3.24909e-05 -4.91249e-07      18.8501 
         700      91.4885  3.24945e-05 -5.03758e-07      18.8501 
         700      91.7819  3.24977e-05 -5.15033e-07      18.8501 
         700      92.0759  3.24995e-05  -5.2458e-07      18.8501 
         700      92.3702  3.24995e-05 -5.32059e-07      18.8501 
         700      92.6652  3.24972e-05 -5.37321e-07      18.8501 
         700      92.9606  3.24926e-05 -5.40343e-07      18.8501 
         700      93.2563  3.24861e-05 -5.41228e-07      18.8501 
         700      93.5527  3.24781e-05 -5.40181e-07      18.8501 
         700      93.8493  3.24692e-05 -5.37485e-07      18.8501 
         700      94.1466  3.24603e-05 -5.33477e-07      18.8501 
         700      94.4442  3.24523e-05 -5.28543e-07      18.8502 
         700      94.7425  3.24462e-05 -5.23079e-07      18.8502 
         700       95.041   3.2443e-05 -5.17497e-07      18.8502 
         700      95.3402  3.24438e-05 -5.12181e-07      18.8502 
         700      95.6399  3.24495e-05 -5.07496e-07      18.8502 
         700      95.9398   3.2461e-05 -5.03763e-07      18.8502 
         700      96.2404  3.24791e-05 -5.01232e-07      18.8502 
         700      96.5412  3.25041e-05 -5.00092e-07      18.8502 
         700      96.8428  3.25364e-05 -5.00438e-07      18.8502 
         700      97.1446  3.25756e-05 -5.02273e-07      18.8503 
         700      97.4471  3.26214e-05 -5.05492e-07      18.8503 
         700      97.7501  3.26727e-05  -5.0987e-07      18.8503 
         700      98.0533  3.27278e-05 -5.15056e-07      18.8503 
         700      98.3572  3.27847e-05 -5.20577e-07      18.8503 
         700      98.6613  3.28403e-05 -5.25805e-07      18.8503 
         700      98.9662   3.2891e-05 -5.29987e-07      18.8503 
         700      99.2712  3.29323e-05  -5.3221e-07      18.8503 
         700       99.577  3.29585e-05 -5.31422e-07      18.8503 
         700      99.8833  3.29632e-05 -5.26416e-07      18.8503 
         700       100.19  3.29385e-05 -5.15849e-07      18.8503 
         700      100.497  3.28754e-05 -4.98207e-07      18.8503 
         700      100.804  3.27637e-05 -4.71883e-07      18.8503 
         700      101.113  3.25913e-05 -4.35059e-07      18.8503 
         700      101.421  3.23451e-05 -3.85893e-07      18.8504 
         700       101.73  3.20096e-05 -3.22282e-07      18.8504 
         700      102.039  3.15683e-05 -2.42196e-07      18.8504 
         700      102.349  3.12016e-05 -1.70869e-07      18.8504 
         700       102.66  3.18018e-05 -2.35014e-07      18.8504 
         700      102.971  3.22874e-05 -2.88881e-07      18.8504 
         700      103.282  3.26609e-05 -3.33656e-07      18.8504 
         700      103.594  3.29252e-05 -3.69626e-07      18.8504 
         700      103.906  3.30851e-05 -3.96503e-07      18.8504 
         700      104.219  3.31457e-05  -4.1324e-07      18.8504 
         700      104.532  3.31126e-05 -4.18241e-07      18.8504 
         700      104.846  3.29912e-05 -4.09292e-07      18.8505 
         700       105.16  3.27867e-05 -3.83698e-07      18.8505 
         700      105.474  3.25028e-05 -3.38225e-07      18.8505 
         700      105.789  3.21429e-05 -2.69329e-07      18.8505 
         700      106.105  3.17074e-05 -1.72909e-07      18.8506 
         700      106.421  3.19436e-05  -1.5647e-07      18.8506 
         700      106.738  3.22977e-05 -1.70141e-07      18.8506 
         700      107.055  3.25457e-05 -1.81695e-07      18.8506 
         700      107.372   3.2709e-05 -1.91085e-07      18.8506 
         700       107.69  3.28064e-05 -1.98473e-07      18.8506 
         700      108.008  3.28539e-05 -2.04148e-07      18.8506 
         700      108.327  3.28648e-05 -2.08531e-07      18.8506 
         700      108.646  3.28506e-05 -2.12102e-07      18.8506 
         700      108.966  3.28203e-05 -2.15402e-07      18.8506 
         700      109.286  3.27813e-05 -2.18969e-07      18.8506 
         700      109.607  3.27393e-05 -2.23344e-07      18.8506 
         700      109.928  3.26987e-05 -2.29016e-07      18.8506 
         700       110.25  3.26625e-05 -2.36414e-07      18.8506 
         700      110.572  3.26327e-05 -2.45899e-07      18.8506 
         700      110.895  3.26102e-05 -2.57715e-07      18.8506 
         700      111.218  3.25954e-05 -2.72026e-07      18.8506 
         700      111.541  3.25878e-05  -2.8884e-07      18.8506 
         700      111.865  3.25868e-05 -3.08087e-07      18.8506 
         700       112.19  3.25911e-05 -3.29532e-07      18.8506 
         700      112.515  3.25993e-05 -3.52807e-07      18.8506 
         700       112.84    3.261e-05 -3.77477e-07      18.8506 
         700      113.166  3.26217e-05  -4.0292e-07      18.8507 
         700      113.492   3.2633e-05 -4.28492e-07      18.8507 
         700      113.819  3.26425e-05 -4.53386e-07      18.8507 
         700      114.147  3.26492e-05 -4.76807e-07      18.8507 
         700      114.474  3.26523e-05 -4.97851e-07      18.8507 
         700      114.803  3.26514e-05  -5.1567e-07      18.8508 
         700      115.131  3.26463e-05 -5.29392e-07      18.8508 
         700       115.46  3.26371e-05 -5.38222e-07      18.8508 
         700       115.79  3.26244e-05 -5.41488e-07      18.8509 
         700       116.12  3.26092e-05 -5.38659e-07      18.8509 
         700      116.451  3.25924e-05 -5.29409e-07      18.8509 
         700      116.782  3.25757e-05 -5.13701e-07       18.851 
         700      117.113  3.25605e-05 -4.91788e-07       18.851 
         700      117.446  3.25487e-05 -4.64359e-07      18.8511 
         700      117.778   3.2542e-05 -4.32596e-07      18.8511 
         700      118.111   3.2542e-05 -3.98158e-07      18.8511 
         700      118.444  3.25502e-05  -3.6345e-07      18.8511 
         700      118.778  3.25677e-05 -3.31503e-07      18.8512 
         700      119.112  3.25951e-05 -3.06285e-07      18.8512 
         700      119.447  3.26323e-05 -2.92612e-07      18.8512 
         700      119.783  3.26781e-05 -2.96422e-07      18.8511 
         700      120.118  3.27304e-05 -3.24758e-07      18.8511 
         700      120.455  3.27857e-05 -3.86035e-07      18.8511 
         700      120.791  3.29365e-05 -4.30512e-07      18.8511 
         700      121.128   3.3081e-05 -4.50129e-07      18.8511 
         700      121.466  3.31528e-05 -4.73022e-07      18.8512 
         700      121.804  3.31642e-05 -4.97875e-07      18.8512 
         700      122.143  3.31262e-05  -5.2338e-07      18.8513 
         700      122.482  3.30488e-05 -5.48404e-07      18.8514 
         700      122.821  3.29409e-05 -5.71847e-07      18.8515 
         700      123.161  3.28107e-05 -5.92712e-07      18.8516 
         700      123.502  3.26651e-05 -6.10157e-07      18.8516 
         700      123.843  3.25107e-05 -6.23381e-07      18.8517 
         700      124.184  3.23525e-05 -6.31743e-07      18.8518 
         700      124.526  3.21956e-05 -6.34676e-07      18.8519 
         700      124.868  3.20437e-05 -6.31741e-07       18.852 
         700      125.211  3.19001e-05 -6.22604e-07       18.852 
         700      125.554  3.17676e-05 -6.07063e-07      18.8521 
         700      125.898  3.16483e-05  -5.8499e-07      18.8522 
         700      126.242  3.15437e-05 -5.56432e-07      18.8523 
         700      126.587  3.14549e-05 -5.21465e-07      18.8523 
         700      126.932  3.13828e-05 -4.80382e-07      18.8524 
         700      127.278  3.13276e-05 -4.33462e-07      18.8524 
         700      127.624  3.12896e-05  -3.8119e-07      18.8525 
         700      127.971  3.12685e-05 -3.24173e-07      18.8525 
         700      128.318   3.1264e-05 -2.62984e-07      18.8525 
         700      128.665  3.12758e-05 -1.98479e-07      18.8525 
         700      129.013  3.13035e-05 -1.31411e-07      18.8525 
         700      129.361  3.13464e-05 -6.28312e-08      18.8525 
         700       129.71  3.14044e-05   6.3395e-09      18.8525 
         700       130.06  3.14771e-05  7.48839e-08      18.8525 
         700       130.41  3.15647e-05  1.41732e-07      18.8525 
         700       130.76  3.16674e-05  2.05584e-07      18.8524 
         700      131.111  3.17857e-05  2.65093e-07      18.8523 
         700      131.462  3.19209e-05  3.19004e-07      18.8523 
         700      131.814  3.20744e-05  3.65847e-07      18.8522 
         700      132.166  3.22484e-05  4.04279e-07      18.8521 
         700      132.519  3.24456e-05  4.32808e-07       18.852 
         700      132.872  3.26696e-05  4.50038e-07      18.8518 
         700      133.226  3.29246e-05  4.54506e-07      18.8517 
         700       133.58  3.32155e-05  4.44809e-07      18.8515 
         700      133.934  3.35489e-05  4.19547e-07      18.8513 
         700      134.289  3.36648e-05  3.55028e-07      18.8512 
         700      134.645  3.36615e-05  2.77435e-07      18.8512 
         700          135  3.36774e-05  2.04825e-07      18.8512 
         700      135.357  3.36923e-05  1.37233e-07      18.8512 
         700      135.714  3.36892e-05  7.48303e-08      18.8511 
         700      136.071  3.36542e-05  1.74992e-08      18.8511 
         700      136.429  3.35772e-05  -3.4794e-08      18.8511 
         700      136.787  3.34515e-05 -8.21599e-08      18.8511 
         700      137.146  3.32734e-05 -1.24871e-07      18.8511 
         700      137.505  3.30432e-05 -1.63099e-07      18.8511 
         700      137.865  3.27637e-05 -1.97176e-07      18.8511 
         700      138.225  3.24415e-05 -2.27346e-07      18.8511 
         700      138.586  3.20852e-05 -2.53973e-07      18.8512 
         700      138.947  3.17066e-05 -2.77355e-07      18.8512 
         700      139.309    3.132e-05 -2.97804e-07      18.8512 
         700      139.671  3.09403e-05 -3.15677e-07      18.8512 
         700      140.033  3.05852e-05 -3.31256e-07      18.8513 
         700      140.397  3.02722e-05 -3.44861e-07      18.8513 
         700       140.76  3.00201e-05 -3.56741e-07      18.8513 
         700      141.124  2.98466e-05  -3.6716e-07      18.8514 
         700      141.488  2.97692e-05 -3.76316e-07      18.8514 
         700      141.853  2.98033e-05 -3.84376e-07      18.8515 
         700      142.219   2.9962e-05 -3.91484e-07      18.8515 
         700      142.584  3.02547e-05 -3.97712e-07      18.8516 
         700      142.951  3.06873e-05 -4.03107e-07      18.8517 
         700      143.317  3.12593e-05 -4.07643e-07      18.8517 
         700      143.685  3.19654e-05 -4.11261e-07      18.8518 
         700      144.052  3.27907e-05 -4.13828e-07      18.8519 
         700      144.421  3.37141e-05 -4.15168e-07      18.8519 
         700      144.789  3.47025e-05  -4.1504e-07       18.852 
         700      145.158   3.5711e-05 -4.13151e-07      18.8521 
         700      145.528  3.66847e-05 -4.09145e-07      18.8522 
         700      145.898  3.75508e-05  -4.0262e-07      18.8523 
         700      146.269  3.82236e-05 -3.93104e-07      18.8523 
         700       146.64  3.85972e-05   -3.801e-07      18.8524 
         700      147.011  3.85479e-05 -3.63022e-07      18.8525 
         700      147.383  3.79294e-05 -3.41272e-07      18.8526 
         700      147.755   3.6574e-05 -3.14224e-07      18.8527 
         700      148.128   3.4285e-05 -2.81149e-07      18.8528 
         700      148.502  3.08443e-05 -2.41384e-07      18.8528 
         700      148.876  2.59947e-05 -1.94125e-07      18.8529 
         700       149.25  1.94604e-05 -1.38691e-07       18.853 
         700      149.625  1.09126e-05 -7.42253e-08      18.8531 
         700          150            0            0      18.8531 
