Variables = x, y, u, v, p

Zone, I=800, F=POINT
          50            0 -2.79359e-19 -3.21691e-24     -94.3516 
          50     0.000234  -1.3853e-05 -1.93898e-10     -94.3516 
          50     0.000939 -5.23472e-05  -1.1548e-09     -94.3516 
          50     0.002113 -0.000106512 -4.00913e-09     -94.3516 
          50     0.003759 -0.000164367  -1.0645e-08     -94.3516 
          50     0.005872 -0.000213706 -2.36558e-08     -94.3516 
          50     0.008457 -0.000245982 -4.64049e-08     -94.3516 
          50      0.01151 -0.000258204 -8.28784e-08     -94.3516 
          50     0.015036 -0.000253851 -1.37802e-07     -94.3516 
          50     0.019031 -0.000241351 -2.16356e-07     -94.3516 
          50     0.023493 -0.000230792 -3.24191e-07     -94.3516 
          50     0.028429 -0.000229639 -4.67585e-07     -94.3516 
          50     0.033831  -0.00023916 -6.52681e-07     -94.3516 
          50     0.039706 -0.000253343 -8.86248e-07     -94.3516 
          50     0.046047 -0.000261898  -1.1746e-06     -94.3516 
          50     0.052863 -0.000257585  -1.5247e-06     -94.3516 
          50      0.06015 -0.000244821 -1.94282e-06     -94.3516 
          50       0.0679 -0.000241477  -2.4346e-06     -94.3516 
          50     0.076126 -0.000256983 -3.00655e-06     -94.3516 
          50     0.084816 -0.000237926 -3.66277e-06     -94.3516 
          50     0.093982 -0.000238873 -4.40889e-06     -94.3516 
          50     0.103611 -0.000234669  -5.2475e-06     -94.3516 
          50     0.113718 -0.000227433 -6.18285e-06     -94.3516 
          50     0.124286 -0.000218728 -7.21546e-06     -94.3516 
          50     0.135333 -0.000209455  -8.3483e-06     -94.3516 
          50      0.14685  -0.00019994 -9.58088e-06     -94.3516 
          50     0.158827 -0.000190079 -1.09115e-05     -94.3516 
          50     0.171284 -0.000179557 -1.23411e-05     -94.3516 
          50     0.184201 -0.000168211 -1.38652e-05     -94.3516 
          50     0.197599 -0.000156211 -1.54836e-05     -94.3516 
          50     0.211455 -0.000144194 -1.71901e-05     -94.3516 
          50     0.225792  -0.00013284  -1.8984e-05     -94.3516 
          50       0.2406 -0.000121899 -2.08601e-05     -94.3516 
          50     0.255865 -0.000109976 -2.28125e-05     -94.3516 
          50     0.271613 -9.93395e-05 -2.48399e-05     -94.3516 
          50     0.287818 -8.91152e-05  -2.6935e-05     -94.3516 
          50     0.304506 -7.94258e-05 -2.90975e-05     -94.3516 
          50      0.32165 -7.04054e-05 -3.13203e-05     -94.3516 
          50     0.339278 -6.21365e-05 -3.36041e-05     -94.3516 
          50     0.357377 -5.47027e-05 -3.59442e-05     -94.3516 
          50      0.37593 -4.81662e-05 -3.83362e-05     -94.3516 
          50     0.394968 -4.25556e-05 -4.07823e-05     -94.3516 
          50     0.414461 -3.79059e-05 -4.32772e-05     -94.3516 
          50      0.43444 -3.42264e-05  -4.5824e-05     -94.3516 
          50     0.454872 -3.15347e-05 -4.84182e-05     -94.3516 
          50     0.475791 -2.98362e-05 -5.10638e-05     -94.3516 
          50     0.497163  -2.9144e-05 -5.37567e-05     -94.3516 
          50     0.519021  -2.9467e-05 -5.65012e-05     -94.3516 
          50      0.54135 -3.08111e-05 -5.92951e-05     -94.3516 
          50     0.564131 -3.31633e-05 -6.21354e-05     -94.3516 
          50       0.5874 -3.64815e-05 -6.50252e-05     -94.3516 
          50     0.611121  -4.0652e-05 -6.79567e-05     -94.3516 
          50      0.63533 -4.56938e-05 -7.09336e-05     -94.3516 
          50      0.65999  -5.1597e-05 -7.39565e-05     -94.3516 
          50     0.685139 -5.82598e-05 -7.70234e-05     -94.3516 
          50     0.710759 -6.55629e-05 -8.01254e-05     -94.3516 
          50     0.736828 -7.33811e-05 -8.32532e-05     -94.3516 
          50     0.763387 -8.16071e-05 -8.64052e-05     -94.3516 
          50     0.790396  -9.0109e-05 -8.95697e-05     -94.3515 
          50     0.817896 -9.87823e-05  -9.2745e-05     -94.3515 
          50     0.845843 -0.000107499 -9.59191e-05     -94.3515 
          50     0.874283 -0.000116166 -9.90906e-05     -94.3515 
          50      0.90317 -0.000124667 -0.000102248     -94.3515 
          50     0.932551 -0.000132926 -0.000105388     -94.3515 
          50     0.962401 -0.000140852 -0.000108503     -94.3515 
          50     0.992697 -0.000148372 -0.000111582     -94.3515 
          50      1.02349 -0.000155443 -0.000114624     -94.3515 
          50      1.05472 -0.000162014 -0.000117616     -94.3515 
          50      1.08645 -0.000168071 -0.000120556     -94.3515 
          50      1.11863 -0.000173597 -0.000123433     -94.3515 
          50       1.1513 -0.000178609 -0.000126243     -94.3515 
          50      1.18444 -0.000183127 -0.000128977     -94.3515 
          50      1.21802 -0.000187186 -0.000131627     -94.3515 
          50      1.25211 -0.000190845  -0.00013419     -94.3514 
          50      1.28663 -0.000194159 -0.000136657     -94.3514 
          50      1.32165 -0.000197197 -0.000139028     -94.3514 
          50      1.35712 -0.000200023 -0.000141296     -94.3514 
          50      1.39308 -0.000202699 -0.000143462     -94.3514 
          50      1.42951 -0.000205268 -0.000145528     -94.3514 
          50      1.46638 -0.000207746 -0.000147496     -94.3514 
          50      1.50375  -0.00021012 -0.000149379     -94.3514 
          50      1.54156 -0.000212309 -0.000151073     -94.3514 
          50      1.57987 -0.000214538 -0.000152649     -94.3513 
          50      1.61863 -0.000216809 -0.000154105     -94.3513 
          50      1.65788 -0.000219121  -0.00015544     -94.3513 
          50      1.69757 -0.000221462 -0.000156647     -94.3513 
          50      1.73776 -0.000223824 -0.000157724     -94.3513 
          50      1.77842 -0.000226193 -0.000158667     -94.3513 
          50      1.81952 -0.000228551 -0.000159473     -94.3513 
          50      1.86113 -0.000230884 -0.000160138     -94.3512 
          50      1.90316 -0.000233169 -0.000160662     -94.3512 
          50      1.94571 -0.000235391 -0.000161043     -94.3512 
          50      1.98869 -0.000237524  -0.00016128     -94.3512 
          50      2.03217  -0.00023955 -0.000161372     -94.3512 
          50      2.07612 -0.000241445 -0.000161321     -94.3511 
          50      2.12051 -0.000243187 -0.000161126     -94.3511 
          50       2.1654 -0.000244756  -0.00016079     -94.3511 
          50      2.21073 -0.000246132 -0.000160316     -94.3511 
          50      2.25656 -0.000247299 -0.000159704     -94.3511 
          50      2.30283 -0.000248238 -0.000158961      -94.351 
          50       2.3496 -0.000248939  -0.00015809      -94.351 
          50      2.39685 -0.000249392 -0.000157095      -94.351 
          50      2.44452 -0.000249589 -0.000155983      -94.351 
          50      2.49271 -0.000249529  -0.00015476     -94.3509 
          50      2.54132 -0.000249215 -0.000153433     -94.3509 
          50      2.59044 -0.000248653 -0.000152008     -94.3509 
          50         2.64 -0.000247857 -0.000150495     -94.3509 
          50      2.69006 -0.000246841 -0.000148901     -94.3508 
          50      2.74056  -0.00024563 -0.000147237     -94.3508 
          50      2.79156 -0.000244248 -0.000145509     -94.3508 
          50      2.84304  -0.00024273 -0.000143728     -94.3507 
          50      2.89494 -0.000241112 -0.000141906     -94.3507 
          50      2.94735 -0.000239431 -0.000140049     -94.3507 
          50       3.0002 -0.000237734  -0.00013817     -94.3506 
          50      3.05355 -0.000236061 -0.000136276     -94.3506 
          50      3.10733  -0.00023446 -0.000134379     -94.3506 
          50      3.16163 -0.000232972 -0.000132486     -94.3505 
          50      3.21639 -0.000231638 -0.000130605     -94.3505 
          50      3.27158 -0.000230491 -0.000128746     -94.3504 
          50      3.32729 -0.000229556 -0.000126912     -94.3504 
          50      3.38342 -0.000228846 -0.000125111     -94.3504 
          50      3.44007 -0.000228355 -0.000123345     -94.3503 
          50      3.49714  -0.00022806 -0.000121618     -94.3503 
          50      3.55472 -0.000227908 -0.000119927     -94.3502 
          50      3.61273 -0.000227819 -0.000118272     -94.3502 
          50      3.67125 -0.000227669 -0.000116645     -94.3501 
          50      3.73025 -0.000227291  -0.00011504     -94.3501 
          50      3.78967 -0.000226949 -0.000113473       -94.35 
          50      3.84961 -0.000226765 -0.000111944       -94.35 
          50      3.90996 -0.000226609 -0.000110455     -94.3499 
          50      3.97084 -0.000226487 -0.000109003     -94.3499 
          50      4.03214 -0.000226396 -0.000107585     -94.3498 
          50      4.09395 -0.000226326 -0.000106193     -94.3498 
          50      4.15624 -0.000226265 -0.000104826     -94.3497 
          50      4.21895 -0.000226204 -0.000103484     -94.3497 
          50      4.28217 -0.000226137 -0.000102171     -94.3496 
          50      4.34582  -0.00022606 -0.000100892     -94.3495 
          50      4.40998 -0.000225978 -9.96459e-05     -94.3495 
          50      4.47457 -0.000225892 -9.84203e-05     -94.3494 
          50      4.53968 -0.000225806 -9.71738e-05     -94.3493 
          50      4.60525 -0.000225712 -9.58259e-05     -94.3493 
          50      4.67125 -0.000225599 -9.47013e-05     -94.3492 
          50      4.73777 -0.000225503   -9.354e-05     -94.3491 
          50       4.8047 -0.000225393 -9.23184e-05     -94.3491 
          50      4.87216 -0.000225272 -9.10865e-05      -94.349 
          50      4.94003 -0.000225143 -8.98759e-05     -94.3489 
          50      5.00843 -0.000225012 -8.86934e-05     -94.3488 
          50      5.07724 -0.000224882 -8.75328e-05     -94.3488 
          50      5.14658 -0.000224752 -8.63742e-05     -94.3487 
          50      5.21639 -0.000224617 -8.52014e-05     -94.3486 
          50      5.28661 -0.000224472 -8.40132e-05     -94.3485 
          50      5.35736 -0.000224314 -8.28398e-05     -94.3484 
          50      5.42852 -0.000224149  -8.1773e-05     -94.3484 
          50      5.50021    -0.000224 -8.05832e-05     -94.3483 
          50      5.57231 -0.000223837 -7.94606e-05     -94.3482 
          50      5.64493 -0.000223659 -7.83833e-05     -94.3481 
          50      5.71803 -0.000223473 -7.73135e-05      -94.348 
          50      5.79154 -0.000223286 -7.62344e-05     -94.3479 
          50      5.86558 -0.000223102 -7.51536e-05     -94.3478 
          50      5.94003 -0.000222925 -7.41154e-05     -94.3477 
          50      6.01501 -0.000222749 -7.30662e-05     -94.3476 
          50       6.0904 -0.000222582 -7.20136e-05     -94.3475 
          50      6.16632 -0.000222413 -7.09944e-05     -94.3474 
          50      6.24271 -0.000222236 -7.00119e-05     -94.3473 
          50       6.3195 -0.000222061 -6.90448e-05     -94.3472 
          50      6.39683 -0.000221922 -6.80221e-05     -94.3471 
          50      6.47457 -0.000221727 -6.70623e-05      -94.347 
          50      6.55284 -0.000221576 -6.60905e-05     -94.3469 
          50      6.63152 -0.000221451 -6.51158e-05     -94.3468 
          50      6.71073 -0.000221336 -6.41426e-05     -94.3466 
          50      6.79034 -0.000221216  -6.3175e-05     -94.3465 
          50      6.87049 -0.000221081   -6.221e-05     -94.3464 
          50      6.95111 -0.000220921 -6.12644e-05     -94.3463 
          50      7.03214 -0.000220744  -6.0381e-05     -94.3461 
          50       7.1137 -0.000220569 -5.94943e-05      -94.346 
          50      7.19566 -0.000220397 -5.86076e-05     -94.3459 
          50      7.27816 -0.000220231 -5.77241e-05     -94.3458 
          50      7.36106  -0.00022007 -5.68523e-05     -94.3456 
          50      7.44451 -0.000219911  -5.5999e-05     -94.3455 
          50      7.52842 -0.000219752 -5.51732e-05     -94.3454 
          50      7.61273  -0.00021959 -5.43815e-05     -94.3452 
          50      7.69758 -0.000219421 -5.36237e-05     -94.3451 
          50      7.78283 -0.000219245 -5.28936e-05     -94.3449 
          50      7.86862 -0.000219068 -5.21699e-05     -94.3448 
          50      7.95481 -0.000218901  -5.1416e-05     -94.3446 
          50      8.04155 -0.000218709 -5.07121e-05     -94.3445 
          50      8.12868 -0.000218508 -5.00637e-05     -94.3443 
          50      8.21635 -0.000218334 -4.93922e-05     -94.3442 
          50      8.30449 -0.000218179 -4.87149e-05      -94.344 
          50      8.39303 -0.000218039 -4.80444e-05     -94.3438 
          50      8.48211 -0.000217907 -4.73875e-05     -94.3437 
          50      8.57159 -0.000217781 -4.67497e-05     -94.3435 
          50      8.66161 -0.000217659 -4.61314e-05     -94.3433 
          50      8.75203 -0.000217541 -4.55324e-05     -94.3432 
          50      8.84299 -0.000217427 -4.49487e-05      -94.343 
          50      8.93443 -0.000217321 -4.43767e-05     -94.3428 
          50      9.02626 -0.000217225  -4.3812e-05     -94.3426 
          50      9.11863 -0.000217142 -4.32495e-05     -94.3424 
          50      9.21139 -0.000217075 -4.26864e-05     -94.3422 
          50      9.30471 -0.000217027 -4.21203e-05     -94.3421 
          50      9.39841 -0.000216995  -4.1553e-05     -94.3419 
          50      9.49267 -0.000216978 -4.09881e-05     -94.3417 
          50      9.58739 -0.000216969 -4.04351e-05     -94.3415 
          50      9.68251 -0.000216952 -3.99087e-05     -94.3413 
          50      9.77817  -0.00021691 -3.94288e-05     -94.3411 
          50      9.87422 -0.000216874  -3.8936e-05     -94.3409 
          50      9.97083 -0.000216902 -3.84888e-05     -94.3407 
          50      10.0678 -0.000216738 -3.80706e-05     -94.3404 
          50      10.1654 -0.000216676  -3.7462e-05     -94.3402 
          50      10.2633 -0.000216596 -3.69348e-05       -94.34 
          50      10.3618 -0.000216497 -3.64661e-05     -94.3398 
          50      10.4607 -0.000216383 -3.60389e-05     -94.3396 
          50      10.5601 -0.000216256 -3.56402e-05     -94.3393 
          50        10.66 -0.000216123 -3.52597e-05     -94.3391 
          50      10.7603  -0.00021599  -3.4891e-05     -94.3389 
          50      10.8611 -0.000215862 -3.45295e-05     -94.3386 
          50      10.9623 -0.000215744 -3.41733e-05     -94.3384 
          50      11.0641 -0.000215638 -3.38211e-05     -94.3381 
          50      11.1663 -0.000215546 -3.34735e-05     -94.3379 
          50       11.269 -0.000215468 -3.31318e-05     -94.3376 
          50      11.3721 -0.000215401 -3.27967e-05     -94.3374 
          50      11.4757  -0.00021534 -3.24699e-05     -94.3371 
          50      11.5798 -0.000215281 -3.21521e-05     -94.3369 
          50      11.6844 -0.000215218 -3.18441e-05     -94.3366 
          50      11.7894 -0.000215145 -3.15454e-05     -94.3363 
          50       11.895  -0.00021506 -3.12556e-05     -94.3361 
          50      12.0009 -0.000214962 -3.09735e-05     -94.3358 
          50      12.1073 -0.000214857 -3.06968e-05     -94.3355 
          50      12.2142 -0.000214758 -3.04239e-05     -94.3352 
          50      12.3216 -0.000214688 -3.01521e-05     -94.3349 
          50      12.4294  -0.00021469 -2.98924e-05     -94.3347 
          50      12.5378 -0.000214723 -2.96561e-05     -94.3344 
          50      12.6465 -0.000214731 -2.94226e-05     -94.3341 
          50      12.7558 -0.000214716 -2.92024e-05     -94.3338 
          50      12.8656 -0.000214679 -2.90046e-05     -94.3335 
          50      12.9757 -0.000214625 -2.88354e-05     -94.3332 
          50      13.0864  -0.00021456 -2.86976e-05     -94.3328 
          50      13.1975 -0.000214489  -2.8591e-05     -94.3325 
          50      13.3092 -0.000214419 -2.85114e-05     -94.3322 
          50      13.4212 -0.000214355 -2.84512e-05     -94.3319 
          50      13.5338 -0.000214302 -2.83991e-05     -94.3316 
          50      13.6468 -0.000214262 -2.83408e-05     -94.3312 
          50      13.7603 -0.000214237 -2.82593e-05     -94.3309 
          50      13.8743 -0.000214113   -2.814e-05     -94.3306 
          50      13.9886 -0.000213953 -2.80278e-05     -94.3302 
          50      14.1036 -0.000213815 -2.79276e-05     -94.3299 
          50      14.2189 -0.000213698 -2.78325e-05     -94.3295 
          50      14.3348 -0.000213601 -2.77345e-05     -94.3292 
          50       14.451 -0.000213522 -2.76259e-05     -94.3288 
          50      14.5678 -0.000213462 -2.75013e-05     -94.3284 
          50      14.6851 -0.000213419  -2.7358e-05     -94.3281 
          50      14.8028 -0.000213394 -2.71974e-05     -94.3277 
          50       14.921 -0.000213386 -2.70242e-05     -94.3273 
          50      15.0396 -0.000213395 -2.68475e-05      -94.327 
          50      15.1588 -0.000213417 -2.66786e-05     -94.3266 
          50      15.2783 -0.000213446 -2.65313e-05     -94.3262 
          50      15.3984  -0.00021347 -2.64187e-05     -94.3258 
          50       15.519 -0.000213468  -2.6352e-05     -94.3254 
          50        15.64  -0.00021341 -2.63363e-05      -94.325 
          50      15.7615 -0.000213418 -2.61391e-05     -94.3246 
          50      15.8834 -0.000213427 -2.59215e-05     -94.3242 
          50      16.0058 -0.000213423 -2.57282e-05     -94.3238 
          50      16.1286 -0.000213407  -2.5567e-05     -94.3233 
          50       16.252 -0.000213384 -2.54397e-05     -94.3229 
          50      16.3759 -0.000213356 -2.53445e-05     -94.3225 
          50      16.5002 -0.000213326 -2.52762e-05     -94.3221 
          50       16.625 -0.000213296 -2.52281e-05     -94.3216 
          50      16.7501 -0.000213268  -2.5193e-05     -94.3212 
          50      16.8759 -0.000213244 -2.51636e-05     -94.3207 
          50       17.002 -0.000213224 -2.51339e-05     -94.3203 
          50      17.1287 -0.000213208 -2.50992e-05     -94.3198 
          50      17.2557 -0.000213197  -2.5057e-05     -94.3194 
          50      17.3834 -0.000213188 -2.50071e-05     -94.3189 
          50      17.5115  -0.00021318 -2.49513e-05     -94.3184 
          50      17.6399 -0.000213171 -2.48938e-05      -94.318 
          50       17.769 -0.000213158 -2.48401e-05     -94.3175 
          50      17.8984 -0.000213138 -2.47968e-05      -94.317 
          50      18.0284 -0.000213109 -2.47703e-05     -94.3165 
          50      18.1587 -0.000213066 -2.47657e-05      -94.316 
          50      18.2896 -0.000213009 -2.47851e-05     -94.3155 
          50       18.421 -0.000212934 -2.48258e-05      -94.315 
          50      18.5528 -0.000212932 -2.48614e-05     -94.3145 
          50      18.6851 -0.000212949 -2.48614e-05      -94.314 
          50      18.8178 -0.000212947 -2.48224e-05     -94.3135 
          50      18.9511 -0.000212929 -2.47434e-05      -94.313 
          50      19.0847 -0.000212898 -2.46285e-05     -94.3124 
          50      19.2189  -0.00021286 -2.44865e-05     -94.3119 
          50      19.3535 -0.000212821 -2.43322e-05     -94.3114 
          50      19.4886 -0.000212787 -2.41858e-05     -94.3108 
          50      19.6242 -0.000212769 -2.40737e-05     -94.3103 
          50      19.7602 -0.000212708 -2.39642e-05     -94.3097 
          50      19.8968 -0.000212548 -2.38372e-05     -94.3091 
          50      20.0337 -0.000212421 -2.37608e-05     -94.3086 
          50      20.1712 -0.000212331 -2.36897e-05      -94.308 
          50      20.3091 -0.000212274   -2.359e-05     -94.3074 
          50      20.4475 -0.000212236 -2.34374e-05     -94.3069 
          50      20.5864 -0.000212192 -2.32156e-05     -94.3063 
          50      20.7257 -0.000212114 -2.29154e-05     -94.3057 
          50      20.8655 -0.000211997  -2.2706e-05     -94.3051 
          50      21.0058 -0.000211902  -2.2611e-05     -94.3045 
          50      21.1465  -0.00021183 -2.24992e-05     -94.3039 
          50      21.2877 -0.000211781 -2.23753e-05     -94.3033 
          50      21.4294 -0.000211751 -2.22417e-05     -94.3026 
          50      21.5716 -0.000211735 -2.21003e-05      -94.302 
          50      21.7142 -0.000211728 -2.19523e-05     -94.3014 
          50      21.8573 -0.000211727 -2.17984e-05     -94.3007 
          50      22.0008 -0.000211725 -2.16404e-05     -94.3001 
          50      22.1449 -0.000211719 -2.14797e-05     -94.2995 
          50      22.2893 -0.000211707 -2.13193e-05     -94.2988 
          50      22.4344 -0.000211686 -2.11621e-05     -94.2981 
          50      22.5797 -0.000211655 -2.10119e-05     -94.2975 
          50      22.7257 -0.000211616 -2.08726e-05     -94.2968 
          50      22.8721 -0.000211569 -2.07478e-05     -94.2961 
          50      23.0189 -0.000211517 -2.06404e-05     -94.2955 
          50      23.1663 -0.000211463 -2.05512e-05     -94.2948 
          50       23.314 -0.000211409 -2.04787e-05     -94.2941 
          50      23.4623 -0.000211356 -2.04172e-05     -94.2934 
          50       23.611 -0.000211305  -2.0356e-05     -94.2927 
          50      23.7602  -0.00021125  -2.0277e-05      -94.292 
          50        23.91 -0.000211187 -2.01535e-05     -94.2912 
          50        24.06 -0.000211101 -1.99478e-05     -94.2905 
          50      24.2107 -0.000210973 -1.96087e-05     -94.2898 
          50      24.3617 -0.000210773 -1.95598e-05     -94.2891 
          50      24.5133 -0.000210627 -1.96384e-05     -94.2883 
          50      24.6653 -0.000210544 -1.96452e-05     -94.2876 
          50      24.8178 -0.000210505 -1.96004e-05     -94.2868 
          50      24.9708 -0.000210493 -1.95212e-05     -94.2861 
          50      25.1242 -0.000210495 -1.94224e-05     -94.2853 
          50      25.2781 -0.000210503 -1.93165e-05     -94.2845 
          50      25.4324 -0.000210509 -1.92139e-05     -94.2838 
          50      25.5873  -0.00021051 -1.91224e-05      -94.283 
          50      25.7426 -0.000210502 -1.90484e-05     -94.2822 
          50      25.8984 -0.000210487 -1.89962e-05     -94.2814 
          50      26.0546 -0.000210463 -1.89686e-05     -94.2806 
          50      26.2114 -0.000210434 -1.89668e-05     -94.2798 
          50      26.3686 -0.000210399 -1.89904e-05      -94.279 
          50      26.5262 -0.000210363  -1.9038e-05     -94.2781 
          50      26.6844 -0.000210327 -1.91071e-05     -94.2773 
          50      26.8429 -0.000210294 -1.91939e-05     -94.2765 
          50       27.002 -0.000210264 -1.92943e-05     -94.2756 
          50      27.1615 -0.000210239 -1.94029e-05     -94.2748 
          50      27.3216 -0.000210219 -1.95141e-05     -94.2739 
          50      27.4821 -0.000210202 -1.96218e-05     -94.2731 
          50       27.643 -0.000210186 -1.97193e-05     -94.2722 
          50      27.8044 -0.000210169 -1.98001e-05     -94.2713 
          50      27.9663 -0.000210145 -1.98573e-05     -94.2705 
          50      28.1287 -0.000210108 -1.98841e-05     -94.2696 
          50      28.2914 -0.000210053 -1.98739e-05     -94.2687 
          50      28.4548 -0.000209971 -1.98202e-05     -94.2678 
          50      28.6185 -0.000209853  -1.9717e-05     -94.2669 
          50      28.7828 -0.000209691 -1.95584e-05      -94.266 
          50      28.9475 -0.000209475 -1.93392e-05     -94.2651 
          50      29.1126 -0.000209195  -1.9055e-05     -94.2641 
          50      29.2784 -0.000209059 -1.90823e-05     -94.2632 
          50      29.4444 -0.000209106 -1.92631e-05     -94.2623 
          50       29.611  -0.00020924 -1.94247e-05     -94.2613 
          50       29.778 -0.000209416 -1.95751e-05     -94.2604 
          50      29.9456 -0.000209384 -1.94472e-05     -94.2594 
          50      30.1137 -0.000209311 -1.94825e-05     -94.2585 
          50      30.2821  -0.00020928 -1.96569e-05     -94.2575 
          50      30.4511 -0.000209364 -1.97386e-05     -94.2565 
          50      30.6204 -0.000209408 -1.97165e-05     -94.2555 
          50      30.7903 -0.000209414 -1.96398e-05     -94.2545 
          50      30.9606 -0.000209385  -1.9544e-05     -94.2535 
          50      31.1315 -0.000209325 -1.94528e-05     -94.2525 
          50      31.3028  -0.00020924 -1.93806e-05     -94.2515 
          50      31.4745 -0.000209136  -1.9334e-05     -94.2505 
          50      31.6468  -0.00020902 -1.93137e-05     -94.2495 
          50      31.8194 -0.000208898 -1.93165e-05     -94.2484 
          50      31.9926 -0.000208777 -1.93365e-05     -94.2474 
          50      32.1662  -0.00020866 -1.93665e-05     -94.2464 
          50      32.3404 -0.000208554 -1.93993e-05     -94.2453 
          50      32.5149 -0.000208462 -1.94285e-05     -94.2442 
          50        32.69 -0.000208386 -1.94495e-05     -94.2432 
          50      32.8655 -0.000208327 -1.94596e-05     -94.2421 
          50      33.0414 -0.000208285 -1.94588e-05      -94.241 
          50       33.218 -0.000208259 -1.94497e-05     -94.2399 
          50      33.3948 -0.000208246 -1.94369e-05     -94.2388 
          50      33.5723 -0.000208244 -1.94272e-05     -94.2377 
          50        33.75 -0.000208248 -1.94285e-05     -94.2366 
          50      33.9284 -0.000208254 -1.94484e-05     -94.2355 
          50      34.1073 -0.000208257 -1.94934e-05     -94.2344 
          50      34.2865 -0.000208255 -1.95667e-05     -94.2333 
          50      34.4663 -0.000208244 -1.96663e-05     -94.2321 
          50      34.6465 -0.000208224 -1.97825e-05      -94.231 
          50      34.8272 -0.000208197 -1.98949e-05     -94.2298 
          50      35.0083 -0.000208167 -1.99693e-05     -94.2287 
          50        35.19 -0.000208144  -1.9954e-05     -94.2275 
          50      35.3721 -0.000208142 -1.97753e-05     -94.2263 
          50      35.5546  -0.00020801 -1.97421e-05     -94.2251 
          50      35.7377 -0.000207749  -2.0012e-05      -94.224 
          50      35.9211 -0.000207543 -2.02181e-05     -94.2228 
          50      36.1052  -0.00020739  -2.0366e-05     -94.2216 
          50      36.2895 -0.000207284 -2.04606e-05     -94.2204 
          50      36.4745 -0.000207221 -2.05071e-05     -94.2191 
          50      36.6598 -0.000207192 -2.05106e-05     -94.2179 
          50      36.8457 -0.000207192 -2.04767e-05     -94.2167 
          50      37.0321 -0.000207211 -2.04117e-05     -94.2154 
          50      37.2188  -0.00020724 -2.03223e-05     -94.2142 
          50      37.4062  -0.00020727 -2.02155e-05     -94.2129 
          50      37.5938 -0.000207293 -2.00992e-05     -94.2117 
          50      37.7821 -0.000207299 -1.99814e-05     -94.2104 
          50      37.9707 -0.000207283 -1.98703e-05     -94.2091 
          50      38.1599  -0.00020724 -1.97741e-05     -94.2079 
          50      38.3496 -0.000207167 -1.97006e-05     -94.2066 
          50      38.5396 -0.000207066  -1.9657e-05     -94.2053 
          50      38.7302 -0.000206942 -1.96487e-05      -94.204 
          50      38.9211 -0.000206807   -1.968e-05     -94.2027 
          50      39.1127 -0.000206679 -1.97521e-05     -94.2013 
          50      39.3046 -0.000206585 -1.98634e-05        -94.2 
          50      39.4971 -0.000206559 -2.00083e-05     -94.1987 
          50      39.6899 -0.000206647 -2.01758e-05     -94.1973 
          50      39.8833  -0.00020643  -2.0283e-05      -94.196 
          50      40.0772 -0.000206167 -2.03614e-05     -94.1946 
          50      40.2714 -0.000205978 -2.04102e-05     -94.1933 
          50      40.4663 -0.000205852 -2.04145e-05     -94.1919 
          50      40.6615 -0.000205776  -2.0367e-05     -94.1905 
          50      40.8573 -0.000205738 -2.02694e-05     -94.1891 
          50      41.0534 -0.000205729 -2.01324e-05     -94.1877 
          50      41.2501  -0.00020574 -1.99762e-05     -94.1863 
          50      41.4473 -0.000205767 -1.98313e-05     -94.1849 
          50      41.6448 -0.000205808 -1.97393e-05     -94.1835 
          50      41.8429 -0.000205864 -1.97524e-05     -94.1821 
          50      42.0414 -0.000205942 -1.99354e-05     -94.1807 
          50      42.2405 -0.000206054 -2.03654e-05     -94.1792 
          50      42.4399 -0.000205976 -2.00092e-05     -94.1778 
          50      42.6399 -0.000205762  -1.9322e-05     -94.1763 
          50      42.8404 -0.000205565 -1.89418e-05     -94.1749 
          50      43.0412 -0.000205401 -1.88049e-05     -94.1734 
          50      43.2426 -0.000205278 -1.88496e-05     -94.1719 
          50      43.4444 -0.000205198 -1.90172e-05     -94.1705 
          50      43.6467 -0.000205161 -1.92529e-05      -94.169 
          50      43.8494 -0.000205161  -1.9505e-05     -94.1675 
          50      44.0527 -0.000205188 -1.97273e-05      -94.166 
          50      44.2563  -0.00020523 -1.98778e-05     -94.1645 
          50      44.4606  -0.00020527 -1.99207e-05     -94.1629 
          50      44.6653 -0.000205291 -1.98253e-05     -94.1614 
          50      44.8704 -0.000205273 -1.95682e-05     -94.1599 
          50       45.076 -0.000205193 -1.91315e-05     -94.1583 
          50       45.282 -0.000205031 -1.85053e-05     -94.1568 
          50      45.4886 -0.000204885 -1.85707e-05     -94.1552 
          50      45.6955 -0.000204778 -1.88315e-05     -94.1537 
          50       45.903 -0.000204683 -1.90227e-05     -94.1521 
          50      46.1111 -0.000204597 -1.91503e-05     -94.1505 
          50      46.3194 -0.000204518 -1.92208e-05     -94.1489 
          50      46.5283 -0.000204441 -1.92416e-05     -94.1473 
          50      46.7376 -0.000204365 -1.92206e-05     -94.1457 
          50      46.9475 -0.000204286  -1.9166e-05     -94.1441 
          50      47.1577 -0.000204205 -1.90865e-05     -94.1425 
          50      47.3685  -0.00020412 -1.89907e-05     -94.1409 
          50      47.5798 -0.000204032 -1.88875e-05     -94.1393 
          50      47.7914 -0.000203941 -1.87853e-05     -94.1376 
          50      48.0037 -0.000203848  -1.8692e-05      -94.136 
          50      48.2162 -0.000203756 -1.86144e-05     -94.1343 
          50      48.4294 -0.000203666 -1.85578e-05     -94.1327 
          50      48.6429 -0.000203581  -1.8526e-05      -94.131 
          50       48.857 -0.000203501   -1.852e-05     -94.1293 
          50      49.0714 -0.000203427 -1.85379e-05     -94.1277 
          50      49.2865  -0.00020336 -1.85742e-05      -94.126 
          50       49.502 -0.000203295  -1.8619e-05     -94.1243 
          50      49.7179 -0.000203229  -1.8657e-05     -94.1226 
          50      49.9343 -0.000203153 -1.86672e-05     -94.1209 
          50      50.1511 -0.000203055 -1.86213e-05     -94.1192 
          50      50.3685 -0.000202918  -1.8483e-05     -94.1174 
          50      50.5862 -0.000202763 -1.85341e-05     -94.1157 
          50      50.8046  -0.00020262 -1.86408e-05      -94.114 
          50      51.0234 -0.000202485 -1.86831e-05     -94.1122 
          50      51.2425 -0.000202361 -1.86783e-05     -94.1105 
          50      51.4623 -0.000202247 -1.86411e-05     -94.1087 
          50      51.6824 -0.000202145 -1.85839e-05      -94.107 
          50      51.9031 -0.000202054 -1.85168e-05     -94.1052 
          50      52.1241 -0.000201973 -1.84484e-05     -94.1034 
          50      52.3457 -0.000201902 -1.83853e-05     -94.1016 
          50      52.5676 -0.000201838  -1.8333e-05     -94.0998 
          50      52.7902  -0.00020178 -1.82951e-05      -94.098 
          50      53.0133 -0.000201725 -1.82748e-05     -94.0962 
          50      53.2366 -0.000201671 -1.82737e-05     -94.0944 
          50      53.4606 -0.000201617 -1.82927e-05     -94.0926 
          50      53.6849  -0.00020156 -1.83318e-05     -94.0908 
          50      53.9099 -0.000201499 -1.83905e-05     -94.0889 
          50      54.1351 -0.000201432 -1.84671e-05     -94.0871 
          50       54.361 -0.000201358 -1.85597e-05     -94.0852 
          50      54.5873 -0.000201278 -1.86652e-05     -94.0834 
          50      54.8139 -0.000201192   -1.878e-05     -94.0815 
          50      55.0412   -0.0002011 -1.88995e-05     -94.0796 
          50      55.2688 -0.000201006 -1.90181e-05     -94.0778 
          50       55.497 -0.000200912 -1.91294e-05     -94.0759 
          50      55.7255 -0.000200822 -1.92251e-05      -94.074 
          50      55.9547 -0.000200743 -1.92961e-05     -94.0721 
          50      56.1844 -0.000200681 -1.93309e-05     -94.0702 
          50      56.4143 -0.000200645 -1.93165e-05     -94.0683 
          50      56.6449 -0.000200644 -1.92371e-05     -94.0664 
          50      56.8757 -0.000200691 -1.90746e-05     -94.0645 
          50      57.1072 -0.000200798 -1.88072e-05     -94.0625 
          50       57.339 -0.000200877 -1.85457e-05     -94.0606 
          50      57.5715 -0.000200567 -1.87875e-05     -94.0587 
          50      57.8042 -0.000200312 -1.89779e-05     -94.0567 
          50      58.0376 -0.000200102 -1.91178e-05     -94.0548 
          50      58.2715 -0.000199929 -1.92093e-05     -94.0528 
          50      58.5057 -0.000199786 -1.92561e-05     -94.0508 
          50      58.7405 -0.000199665 -1.92632e-05     -94.0489 
          50      58.9756 -0.000199558 -1.92368e-05     -94.0469 
          50      59.2113 -0.000199459 -1.91846e-05     -94.0449 
          50      59.4473 -0.000199366 -1.91156e-05     -94.0429 
          50       59.684 -0.000199274 -1.90394e-05     -94.0409 
          50      59.9212 -0.000199185 -1.89673e-05     -94.0389 
          50      60.1586 -0.000199101 -1.89113e-05     -94.0369 
          50      60.3967 -0.000199029  -1.8884e-05     -94.0349 
          50      60.6351 -0.000198979  -1.8899e-05     -94.0329 
          50      60.8741 -0.000198966 -1.89703e-05     -94.0308 
          50      61.1135 -0.000199009 -1.91121e-05     -94.0288 
          50      61.3534 -0.000198851 -1.90451e-05     -94.0268 
          50      61.5939 -0.000198688 -1.89698e-05     -94.0247 
          50      61.8346  -0.00019856 -1.89295e-05     -94.0227 
          50       62.076  -0.00019846 -1.89169e-05     -94.0206 
          50      62.3177 -0.000198378 -1.89258e-05     -94.0186 
          50        62.56 -0.000198309 -1.89508e-05     -94.0165 
          50      62.8026 -0.000198248 -1.89872e-05     -94.0144 
          50      63.0459 -0.000198191  -1.9031e-05     -94.0123 
          50      63.2894 -0.000198134  -1.9079e-05     -94.0103 
          50      63.5336 -0.000198074 -1.91285e-05     -94.0082 
          50      63.7783 -0.000198011 -1.91774e-05     -94.0061 
          50      64.0233 -0.000197941  -1.9224e-05      -94.004 
          50      64.2689 -0.000197866 -1.92671e-05     -94.0019 
          50      64.5148 -0.000197783 -1.93059e-05     -93.9998 
          50      64.7613 -0.000197694 -1.93398e-05     -93.9976 
          50      65.0082 -0.000197599 -1.93687e-05     -93.9955 
          50      65.2557 -0.000197497 -1.93927e-05     -93.9934 
          50      65.5036  -0.00019739 -1.94118e-05     -93.9913 
          50      65.7519 -0.000197277 -1.94265e-05     -93.9891 
          50      66.0008  -0.00019716 -1.94372e-05      -93.987 
          50        66.25 -0.000197039 -1.94446e-05     -93.9848 
          50      66.4998 -0.000196915 -1.94493e-05     -93.9827 
          50        66.75 -0.000196787 -1.94519e-05     -93.9805 
          50      67.0007 -0.000196656 -1.94529e-05     -93.9784 
          50      67.2518 -0.000196522 -1.94531e-05     -93.9762 
          50      67.5035 -0.000196384 -1.94528e-05     -93.9741 
          50      67.7557 -0.000196242 -1.94526e-05     -93.9719 
          50      68.0082 -0.000196094 -1.94529e-05     -93.9697 
          50      68.2614  -0.00019594 -1.94538e-05     -93.9675 
          50      68.5148 -0.000195779 -1.94556e-05     -93.9653 
          50      68.7688 -0.000195794 -1.93866e-05     -93.9631 
          50      69.0232 -0.000195807 -1.93226e-05     -93.9609 
          50      69.2782 -0.000195807 -1.92692e-05     -93.9587 
          50      69.5337 -0.000195793  -1.9227e-05     -93.9565 
          50      69.7895 -0.000195765 -1.91962e-05     -93.9543 
          50      70.0459 -0.000195722 -1.91761e-05     -93.9521 
          50      70.3026 -0.000195665 -1.91659e-05     -93.9499 
          50        70.56 -0.000195594  -1.9164e-05     -93.9477 
          50      70.8176 -0.000195509 -1.91685e-05     -93.9455 
          50      71.0759 -0.000195411 -1.91772e-05     -93.9432 
          50      71.3347 -0.000195301 -1.91874e-05      -93.941 
          50      71.5938 -0.000195181 -1.91963e-05     -93.9388 
          50      71.8535 -0.000195052 -1.92006e-05     -93.9365 
          50      72.1135 -0.000194918 -1.91972e-05     -93.9343 
          50      72.3741  -0.00019478 -1.91826e-05      -93.932 
          50       72.635 -0.000194644 -1.91537e-05     -93.9298 
          50      72.8967 -0.000194512 -1.91072e-05     -93.9275 
          50      73.1585 -0.000194392 -1.90401e-05     -93.9253 
          50      73.4211 -0.000194289 -1.89496e-05      -93.923 
          50      73.6841  -0.00019421 -1.88335e-05     -93.9208 
          50      73.9473 -0.000194165 -1.86902e-05     -93.9185 
          50      74.2113 -0.000194163 -1.85183e-05     -93.9162 
          50      74.4755 -0.000194204 -1.83394e-05      -93.914 
          50      74.7404 -0.000194097 -1.84715e-05     -93.9117 
          50      75.0056 -0.000193988  -1.8577e-05     -93.9094 
          50      75.2714 -0.000193876 -1.86558e-05     -93.9071 
          50      75.5377 -0.000193762 -1.87086e-05     -93.9048 
          50      75.8043 -0.000193648 -1.87365e-05     -93.9026 
          50      76.0715 -0.000193532 -1.87417e-05     -93.9003 
          50       76.339 -0.000193416 -1.87267e-05      -93.898 
          50      76.6072 -0.000193299 -1.86943e-05     -93.8957 
          50      76.8756 -0.000193183 -1.86477e-05     -93.8934 
          50      77.1448 -0.000193067 -1.85903e-05     -93.8911 
          50      77.4141 -0.000192953 -1.85254e-05     -93.8888 
          50      77.6842 -0.000192842 -1.84564e-05     -93.8865 
          50      77.9547 -0.000192736 -1.83864e-05     -93.8842 
          50      78.2255 -0.000192637 -1.83187e-05     -93.8819 
          50       78.497 -0.000192547 -1.82556e-05     -93.8796 
          50      78.7687 -0.000192469 -1.81995e-05     -93.8773 
          50      79.0411 -0.000192408 -1.81522e-05      -93.875 
          50      79.3138 -0.000192375 -1.81875e-05     -93.8727 
          50      79.5872 -0.000192343 -1.82738e-05     -93.8703 
          50       79.861  -0.00019229 -1.83232e-05      -93.868 
          50      80.1351 -0.000192218  -1.8342e-05     -93.8657 
          50      80.4098 -0.000192129 -1.83358e-05     -93.8634 
          50      80.6849 -0.000192024 -1.83102e-05     -93.8611 
          50      80.9606 -0.000191907 -1.82701e-05     -93.8588 
          50      81.2365  -0.00019178   -1.822e-05     -93.8565 
          50      81.5132 -0.000191647  -1.8164e-05     -93.8541 
          50      81.7903  -0.00019151 -1.81055e-05     -93.8518 
          50      82.0676 -0.000191374 -1.80474e-05     -93.8495 
          50      82.3457 -0.000191242 -1.79919e-05     -93.8472 
          50       82.624 -0.000191117 -1.79408e-05     -93.8448 
          50       82.903 -0.000191001  -1.7895e-05     -93.8425 
          50      83.1822 -0.000190898 -1.78551e-05     -93.8402 
          50      83.4622 -0.000190809  -1.7821e-05     -93.8379 
          50      83.7424 -0.000190735 -1.77921e-05     -93.8356 
          50      84.0232 -0.000190678 -1.77673e-05     -93.8332 
          50      84.3046 -0.000190637 -1.77454e-05     -93.8309 
          50      84.5862 -0.000190611 -1.77246e-05     -93.8286 
          50      84.8685 -0.000190598 -1.77032e-05     -93.8263 
          50       85.151 -0.000190593 -1.76792e-05     -93.8239 
          50      85.4342 -0.000190591 -1.76508e-05     -93.8216 
          50      85.7177 -0.000190587 -1.76164e-05     -93.8193 
          50      86.0019  -0.00019057 -1.75748e-05      -93.817 
          50      86.2865 -0.000190531 -1.75254e-05     -93.8146 
          50      86.5714 -0.000190458 -1.74684e-05     -93.8123 
          50       86.857 -0.000190334 -1.74049e-05       -93.81 
          50      87.1428 -0.000190144 -1.73373e-05     -93.8077 
          50      87.4293 -0.000189866 -1.72696e-05     -93.8054 
          50      87.7161 -0.000189479 -1.72074e-05     -93.8031 
          50      88.0035 -0.000189007 -1.71511e-05     -93.8007 
          50      88.2914 -0.000188927 -1.70611e-05     -93.7984 
          50      88.5796  -0.00018886 -1.70037e-05     -93.7961 
          50      88.8685 -0.000188802 -1.69698e-05     -93.7938 
          50      89.1576 -0.000188752 -1.69517e-05     -93.7915 
          50      89.4474 -0.000188705 -1.69431e-05     -93.7892 
          50      89.7374  -0.00018866 -1.69389e-05     -93.7869 
          50      90.0282 -0.000188615 -1.69351e-05     -93.7846 
          50      90.3192 -0.000188568 -1.69286e-05     -93.7823 
          50      90.6109 -0.000188517 -1.69171e-05       -93.78 
          50       90.903  -0.00018846 -1.68993e-05     -93.7777 
          50      91.1954 -0.000188398 -1.68742e-05     -93.7754 
          50      91.4885 -0.000188328 -1.68416e-05     -93.7731 
          50      91.7819 -0.000188251 -1.68016e-05     -93.7708 
          50      92.0759 -0.000188166 -1.67547e-05     -93.7685 
          50      92.3702 -0.000188074 -1.67018e-05     -93.7663 
          50      92.6652 -0.000187975 -1.66437e-05      -93.764 
          50      92.9606  -0.00018787 -1.65815e-05     -93.7617 
          50      93.2563 -0.000187759 -1.65165e-05     -93.7594 
          50      93.5527 -0.000187644 -1.64497e-05     -93.7572 
          50      93.8493 -0.000187525 -1.63822e-05     -93.7549 
          50      94.1466 -0.000187405 -1.63149e-05     -93.7526 
          50      94.4442 -0.000187284 -1.62486e-05     -93.7504 
          50      94.7425 -0.000187165 -1.61838e-05     -93.7481 
          50       95.041 -0.000187048 -1.61209e-05     -93.7459 
          50      95.3402 -0.000186934   -1.606e-05     -93.7436 
          50      95.6399 -0.000186827  -1.6001e-05     -93.7414 
          50      95.9398 -0.000186725 -1.59434e-05     -93.7391 
          50      96.2404 -0.000186631 -1.58865e-05     -93.7369 
          50      96.5412 -0.000186545 -1.58295e-05     -93.7347 
          50      96.8428 -0.000186467 -1.57711e-05     -93.7324 
          50      97.1446 -0.000186397 -1.57101e-05     -93.7302 
          50      97.4471 -0.000186333 -1.56449e-05      -93.728 
          50      97.7501 -0.000186275 -1.55738e-05     -93.7258 
          50      98.0533 -0.000186219 -1.54953e-05     -93.7236 
          50      98.3572 -0.000186163 -1.54076e-05     -93.7214 
          50      98.6613 -0.000186103 -1.53093e-05     -93.7192 
          50      98.9662 -0.000186032  -1.5199e-05      -93.717 
          50      99.2712 -0.000185974 -1.51166e-05     -93.7148 
          50       99.577 -0.000185939 -1.50539e-05     -93.7126 
          50      99.8833 -0.000185913 -1.50041e-05     -93.7104 
          50       100.19 -0.000185888 -1.49646e-05     -93.7083 
          50      100.497 -0.000185855 -1.49322e-05     -93.7061 
          50      100.804 -0.000185807 -1.49025e-05     -93.7039 
          50      101.113 -0.000185742 -1.48698e-05     -93.7018 
          50      101.421 -0.000185658 -1.48271e-05     -93.6996 
          50       101.73 -0.000185557 -1.47658e-05     -93.6975 
          50      102.039 -0.000185449 -1.46754e-05     -93.6954 
          50      102.349 -0.000185346  -1.4543e-05     -93.6933 
          50       102.66 -0.000185267 -1.44333e-05     -93.6911 
          50      102.971 -0.000185198 -1.44412e-05      -93.689 
          50      103.282 -0.000185112 -1.44159e-05     -93.6869 
          50      103.594 -0.000184995 -1.43705e-05     -93.6848 
          50      103.906 -0.000184833 -1.43181e-05     -93.6827 
          50      104.219 -0.000184617 -1.42712e-05     -93.6806 
          50      104.532 -0.000184338 -1.42421e-05     -93.6786 
          50      104.846 -0.000183991 -1.42429e-05     -93.6765 
          50       105.16 -0.000184228 -1.41265e-05     -93.6744 
          50      105.474 -0.000184457 -1.39881e-05     -93.6723 
          50      105.789 -0.000184537 -1.38626e-05     -93.6703 
          50      106.105 -0.000184509 -1.37463e-05     -93.6683 
          50      106.421 -0.000184405 -1.36368e-05     -93.6662 
          50      106.738 -0.000184253 -1.35316e-05     -93.6642 
          50      107.055 -0.000184077 -1.34292e-05     -93.6622 
          50      107.372 -0.000183892 -1.33285e-05     -93.6602 
          50       107.69 -0.000183712 -1.32284e-05     -93.6582 
          50      108.008 -0.000183546 -1.31287e-05     -93.6562 
          50      108.327 -0.000183401 -1.30289e-05     -93.6542 
          50      108.646 -0.000183278 -1.29292e-05     -93.6522 
          50      108.966  -0.00018318 -1.28296e-05     -93.6503 
          50      109.286 -0.000183104 -1.27307e-05     -93.6483 
          50      109.607  -0.00018305 -1.26325e-05     -93.6464 
          50      109.928 -0.000183012 -1.25357e-05     -93.6445 
          50       110.25 -0.000182986 -1.24408e-05     -93.6426 
          50      110.572 -0.000182969  -1.2348e-05     -93.6406 
          50      110.895 -0.000182955 -1.22578e-05     -93.6388 
          50      111.218 -0.000182938 -1.21705e-05     -93.6369 
          50      111.541 -0.000182916 -1.20863e-05      -93.635 
          50      111.865 -0.000182884 -1.20051e-05     -93.6331 
          50       112.19 -0.000182839 -1.19271e-05     -93.6313 
          50      112.515  -0.00018278  -1.1852e-05     -93.6294 
          50       112.84 -0.000182704 -1.17795e-05     -93.6276 
          50      113.166 -0.000182613 -1.17091e-05     -93.6258 
          50      113.492 -0.000182506 -1.16401e-05      -93.624 
          50      113.819 -0.000182386 -1.15719e-05     -93.6222 
          50      114.147 -0.000182256 -1.15036e-05     -93.6204 
          50      114.474 -0.000182119 -1.14342e-05     -93.6186 
          50      114.803  -0.00018198 -1.13627e-05     -93.6168 
          50      115.131 -0.000181845  -1.1288e-05      -93.615 
          50       115.46 -0.000181717 -1.12091e-05     -93.6133 
          50       115.79 -0.000181602 -1.11248e-05     -93.6115 
          50       116.12 -0.000181506 -1.10345e-05     -93.6098 
          50      116.451 -0.000181431  -1.0937e-05      -93.608 
          50      116.782 -0.000181381 -1.08319e-05     -93.6063 
          50      117.113 -0.000181356 -1.07187e-05     -93.6046 
          50      117.446 -0.000181357 -1.05975e-05     -93.6029 
          50      117.778 -0.000181377 -1.04688e-05     -93.6013 
          50      118.111  -0.00018141 -1.03332e-05     -93.5996 
          50      118.444 -0.000181443 -1.01925e-05     -93.5979 
          50      118.778 -0.000181461 -1.00487e-05     -93.5963 
          50      119.112 -0.000181438 -9.90491e-06     -93.5947 
          50      119.447 -0.000181347 -9.76486e-06     -93.5931 
          50      119.783 -0.000181148 -9.63361e-06     -93.5915 
          50      120.118 -0.000180796 -9.51738e-06       -93.59 
          50      120.455 -0.000180235 -9.42341e-06     -93.5884 
          50      120.791 -0.000179396 -9.36074e-06     -93.5869 
          50      121.128 -0.000178199 -9.33977e-06     -93.5854 
          50      121.466 -0.000176762 -9.36868e-06      -93.584 
          50      121.804 -0.000179424 -9.33215e-06     -93.5825 
          50      122.143 -0.000181358 -9.29193e-06      -93.581 
          50      122.482 -0.000182667 -9.24722e-06     -93.5795 
          50      122.821 -0.000183442 -9.19735e-06      -93.578 
          50      123.161 -0.000183769 -9.14175e-06     -93.5765 
          50      123.502 -0.000183724 -9.07976e-06      -93.575 
          50      123.843 -0.000183379 -9.01097e-06     -93.5736 
          50      124.184 -0.000182797 -8.93485e-06     -93.5721 
          50      124.526 -0.000182036 -8.85114e-06     -93.5707 
          50      124.868 -0.000181145  -8.7594e-06     -93.5693 
          50      125.211 -0.000180172 -8.65948e-06     -93.5679 
          50      125.554 -0.000179158 -8.55132e-06     -93.5665 
          50      125.898 -0.000178135 -8.43469e-06     -93.5652 
          50      126.242 -0.000177136 -8.30978e-06     -93.5638 
          50      126.587 -0.000176184 -8.17649e-06     -93.5625 
          50      126.932 -0.000175303 -8.03525e-06     -93.5612 
          50      127.278 -0.000174509  -7.8861e-06     -93.5599 
          50      127.624 -0.000173817 -7.72954e-06     -93.5586 
          50      127.971 -0.000173238  -7.5662e-06     -93.5574 
          50      128.318 -0.000172779  -7.3964e-06     -93.5561 
          50      128.665 -0.000172445 -7.22111e-06     -93.5549 
          50      129.013 -0.000172239 -7.04086e-06     -93.5537 
          50      129.361 -0.000172162 -6.85686e-06     -93.5525 
          50       129.71 -0.000172211 -6.66985e-06     -93.5514 
          50       130.06 -0.000172384 -6.48131e-06     -93.5503 
          50       130.41 -0.000172676 -6.29223e-06     -93.5492 
          50       130.76 -0.000173081 -6.10418e-06     -93.5481 
          50      131.111 -0.000173593 -5.91887e-06      -93.547 
          50      131.462 -0.000174205 -5.73772e-06      -93.546 
          50      131.814 -0.000174908 -5.56284e-06      -93.545 
          50      132.166 -0.000175695 -5.39596e-06      -93.544 
          50      132.519 -0.000176558 -5.23949e-06     -93.5431 
          50      132.872  -0.00017749 -5.09549e-06     -93.5422 
          50      133.226 -0.000178483 -4.96655e-06     -93.5413 
          50       133.58 -0.000179529  -4.8554e-06     -93.5404 
          50      133.934 -0.000180625 -4.76466e-06     -93.5395 
          50      134.289 -0.000181721 -4.70098e-06     -93.5387 
          50      134.645 -0.000182987  -4.6415e-06     -93.5378 
          50          135 -0.000184329 -4.57971e-06     -93.5369 
          50      135.357 -0.000185612 -4.51493e-06      -93.536 
          50      135.714 -0.000186715 -4.44684e-06     -93.5352 
          50      136.071  -0.00018754 -4.37507e-06     -93.5344 
          50      136.429 -0.000188011 -4.29953e-06     -93.5336 
          50      136.787 -0.000188072 -4.22025e-06     -93.5328 
          50      137.146 -0.000187691  -4.1372e-06     -93.5321 
          50      137.505 -0.000186857 -4.05065e-06     -93.5313 
          50      137.865 -0.000185578 -3.96072e-06     -93.5306 
          50      138.225 -0.000183886 -3.86785e-06     -93.5299 
          50      138.586 -0.000181829 -3.77224e-06     -93.5293 
          50      138.947 -0.000179474 -3.67434e-06     -93.5286 
          50      139.309 -0.000176907 -3.57466e-06      -93.528 
          50      139.671 -0.000174221 -3.47344e-06     -93.5274 
          50      140.033 -0.000171526 -3.37127e-06     -93.5268 
          50      140.397 -0.000168935 -3.26839e-06     -93.5262 
          50       140.76 -0.000166573 -3.16536e-06     -93.5256 
          50      141.124 -0.000164559 -3.06234e-06     -93.5251 
          50      141.488 -0.000163014 -2.95974e-06     -93.5246 
          50      141.853 -0.000162051 -2.85788e-06     -93.5241 
          50      142.219 -0.000161768 -2.75677e-06     -93.5236 
          50      142.584  -0.00016225 -2.65669e-06     -93.5232 
          50      142.951 -0.000163557 -2.55749e-06     -93.5227 
          50      143.317 -0.000165717 -2.45925e-06     -93.5223 
          50      143.685 -0.000168729 -2.36165e-06     -93.5219 
          50      144.052 -0.000172539 -2.26455e-06     -93.5215 
          50      144.421 -0.000177055 -2.16739e-06     -93.5212 
          50      144.789 -0.000182117 -2.06971e-06     -93.5208 
          50      145.158 -0.000187495 -1.97092e-06     -93.5205 
          50      145.528 -0.000192898 -1.87007e-06     -93.5202 
          50      145.898 -0.000197932 -1.76637e-06     -93.5199 
          50      146.269 -0.000202122 -1.65854e-06     -93.5197 
          50       146.64 -0.000204874  -1.5455e-06     -93.5194 
          50      147.011 -0.000205486 -1.42565e-06     -93.5192 
          50      147.383  -0.00020312 -1.29751e-06      -93.519 
          50      147.755 -0.000196805 -1.15943e-06     -93.5188 
          50      148.128 -0.000185401 -1.00928e-06     -93.5186 
          50      148.502 -0.000167627 -8.45196e-07     -93.5185 
          50      148.876 -0.000141974 -6.64662e-07     -93.5184 
          50       149.25 -0.000106807 -4.65525e-07     -93.5183 
          50      149.625 -6.01808e-05 -2.44852e-07     -93.5182 
          50          150           -0           -0     -93.5181 
