Variables = x, y, u, v, p

Zone, I=800, F=POINT
         550            0            0            0       24.712 
         550     0.000234 -3.78312e-07   5.6101e-11       24.712 
         550     0.000939 -1.10414e-06  9.09368e-10       24.712 
         550     0.002113 -1.05015e-06  4.60805e-09       24.712 
         550     0.003759   1.3018e-06  1.45783e-08       24.712 
         550     0.005872  7.40348e-06  3.55436e-08       24.712 
         550     0.008457  1.82222e-05  7.36348e-08       24.712 
         550      0.01151  3.38628e-05  1.36178e-07       24.712 
         550     0.015036   5.3537e-05  2.31933e-07       24.712 
         550     0.019031  7.56564e-05  3.70674e-07       24.712 
         550     0.023493  9.83341e-05  5.63286e-07       24.712 
         550     0.028429  0.000119998  8.22155e-07       24.712 
         550     0.033831  0.000139792  1.15989e-06       24.712 
         550     0.039706  0.000157914  1.59081e-06       24.712 
         550     0.046047   0.00017517  2.12895e-06       24.712 
         550     0.052863  0.000192161  2.79025e-06       24.712 
         550      0.06015  0.000208057  3.58996e-06       24.712 
         550       0.0679  0.000220231   4.5428e-06       24.712 
         550     0.076126  0.000226748  5.66603e-06       24.712 
         550     0.084816  0.000233187  6.97347e-06       24.712 
         550     0.093982  0.000234506  8.48192e-06       24.712 
         550     0.103611  0.000232188  1.02036e-05       24.712 
         550     0.113718  0.000225989  1.21545e-05       24.712 
         550     0.124286   0.00021577  1.43436e-05       24.712 
         550     0.135333   0.00020146  1.67858e-05       24.712 
         550      0.14685  0.000183106  1.94887e-05       24.712 
         550     0.158827  0.000160857  2.24576e-05       24.712 
         550     0.171284  0.000134877  2.57036e-05       24.712 
         550     0.184201   0.00010547  2.92257e-05       24.712 
         550     0.197599  7.28898e-05  3.30321e-05       24.712 
         550     0.211455  3.75257e-05  3.71168e-05       24.712 
         550     0.225792 -3.14478e-07   4.1485e-05       24.712 
         550       0.2406 -4.01792e-05  4.61308e-05       24.712 
         550     0.255865 -8.15356e-05  5.10449e-05       24.712 
         550     0.271613 -0.000124062  5.62288e-05       24.712 
         550     0.287818  -0.00016721  6.16664e-05       24.712 
         550     0.304506 -0.000210605  6.73573e-05       24.712 
         550      0.32165 -0.000253745  7.32825e-05       24.712 
         550     0.339278 -0.000296288  7.94409e-05       24.712 
         550     0.357377 -0.000337813  8.58167e-05       24.712 
         550      0.37593 -0.000377929  9.23921e-05       24.712 
         550     0.394968 -0.000416384  9.91664e-05       24.712 
         550     0.414461 -0.000452838  0.000106117       24.712 
         550      0.43444 -0.000487107  0.000113244       24.712 
         550     0.454872 -0.000518935  0.000120525       24.712 
         550     0.475791 -0.000548215  0.000127961       24.712 
         550     0.497163 -0.000574773  0.000135532       24.712 
         550     0.519021  -0.00059856  0.000143239       24.712 
         550      0.54135 -0.000619495  0.000151071       24.712 
         550     0.564131  -0.00063753  0.000159012       24.712 
         550       0.5874  -0.00065269  0.000167069       24.712 
         550     0.611121  -0.00066497  0.000175223       24.712 
         550      0.63533 -0.000674397  0.000183486       24.712 
         550      0.65999 -0.000681106  0.000191834       24.712 
         550     0.685139 -0.000685151  0.000200277       24.712 
         550     0.710759 -0.000686594  0.000208806       24.712 
         550     0.736828 -0.000685524  0.000217412       24.712 
         550     0.763387 -0.000682051  0.000226103       24.712 
         550     0.790396 -0.000676307  0.000234863       24.712 
         550     0.817896 -0.000668435  0.000243699       24.712 
         550     0.845843 -0.000658615  0.000252591       24.712 
         550     0.874283 -0.000647016  0.000261547       24.712 
         550      0.90317 -0.000633858  0.000270545       24.712 
         550     0.932551 -0.000619331  0.000279589       24.712 
         550     0.962401 -0.000603672  0.000288664       24.712 
         550     0.992697 -0.000587125  0.000297751       24.712 
         550      1.02349   -0.0005699  0.000306856       24.712 
         550      1.05472 -0.000552261   0.00031595       24.712 
         550      1.08645 -0.000534413  0.000325037       24.712 
         550      1.11863 -0.000516612   0.00033409       24.712 
         550       1.1513 -0.000499045   0.00034311       24.712 
         550      1.18444 -0.000481925  0.000352076       24.712 
         550      1.21802 -0.000465443   0.00036097       24.712 
         550      1.25211 -0.000449724  0.000369791       24.712 
         550      1.28663 -0.000434915  0.000378514       24.712 
         550      1.32165 -0.000421076  0.000387142       24.712 
         550      1.35712 -0.000408274   0.00039565       24.712 
         550      1.39308 -0.000396487  0.000404043       24.712 
         550      1.42951 -0.000385674  0.000412306       24.712 
         550      1.46638 -0.000375739  0.000420428       24.712 
         550      1.50375 -0.000366503  0.000428418       24.712 
         550      1.54156 -0.000358361  0.000436247       24.712 
         550      1.57987 -0.000350477  0.000443936       24.712 
         550      1.61863 -0.000342744   0.00045147       24.712 
         550      1.65788 -0.000335089  0.000458855       24.712 
         550      1.69757 -0.000327468  0.000466074       24.712 
         550      1.73776 -0.000319818  0.000473133       24.712 
         550      1.77842 -0.000312102  0.000480021       24.712 
         550      1.81952 -0.000304288  0.000486725       24.712 
         550      1.86113 -0.000296331   0.00049325       24.712 
         550      1.90316 -0.000288218  0.000499579       24.712 
         550      1.94571 -0.000279918  0.000505716       24.712 
         550      1.98869 -0.000271431  0.000511643       24.712 
         550      2.03217 -0.000262735  0.000517362       24.712 
         550      2.07612 -0.000253837  0.000522863       24.712 
         550      2.12051 -0.000244747  0.000528132       24.712 
         550       2.1654 -0.000235459  0.000533171       24.712 
         550      2.21073 -0.000226003  0.000537966       24.712 
         550      2.25656 -0.000216379  0.000542515       24.712 
         550      2.30283 -0.000206625  0.000546804       24.712 
         550       2.3496 -0.000196749  0.000550833       24.712 
         550      2.39685 -0.000186785  0.000554592       24.712 
         550      2.44452 -0.000176769  0.000558071       24.712 
         550      2.49271 -0.000166714  0.000561269       24.712 
         550      2.54132 -0.000156664  0.000564175       24.712 
         550      2.59044 -0.000146633  0.000566788       24.712 
         550         2.64 -0.000136664    0.0005691       24.712 
         550      2.69006 -0.000126768  0.000571108       24.712 
         550      2.74056 -0.000116984  0.000572806       24.712 
         550      2.79156 -0.000107317  0.000574194       24.712 
         550      2.84304 -9.77941e-05  0.000575268       24.712 
         550      2.89494 -8.84363e-05  0.000576026       24.712 
         550      2.94735   -7.924e-05  0.000576469       24.712 
         550       3.0002 -7.02277e-05  0.000576596       24.712 
         550      3.05355 -6.13898e-05   0.00057641       24.712 
         550      3.10733 -5.27422e-05  0.000575914       24.712 
         550      3.16163 -4.42715e-05  0.000575109       24.712 
         550      3.21639 -3.59843e-05  0.000574003       24.712 
         550      3.27158 -2.78878e-05  0.000572601       24.712 
         550      3.32729 -1.99726e-05   0.00057091       24.712 
         550      3.38342 -1.22602e-05   0.00056894       24.712 
         550      3.44007 -4.75607e-06  0.000566698       24.712 
         550      3.49714  2.49867e-06  0.000564199       24.712 
         550      3.55472  9.46971e-06   0.00056145       24.712 
         550      3.61273  1.60792e-05  0.000558467       24.712 
         550      3.67125  2.22434e-05  0.000555261       24.712 
         550      3.73025   2.7829e-05  0.000551848       24.712 
         550      3.78967  3.35288e-05  0.000548197       24.712 
         550      3.84961  3.92399e-05  0.000544321       24.712 
         550      3.90996  4.46157e-05  0.000540256       24.712 
         550      3.97084  4.94852e-05  0.000535923       24.712 
         550      4.03214  5.40028e-05  0.000531415       24.712 
         550      4.09395  5.82345e-05  0.000526757       24.712 
         550      4.15624  6.21825e-05  0.000521962       24.712 
         550      4.21895  6.58494e-05  0.000517044       24.712 
         550      4.28217  6.92458e-05  0.000512004       24.712 
         550      4.34582  7.23708e-05   0.00050686       24.712 
         550      4.40998  7.52338e-05  0.000501611       24.712 
         550      4.47457  7.78344e-05  0.000496277       24.712 
         550      4.53968  8.01809e-05  0.000490856       24.712 
         550      4.60525  8.22754e-05  0.000485361       24.712 
         550      4.67125  8.41209e-05  0.000479806       24.712 
         550      4.73777  8.57252e-05  0.000474189       24.712 
         550       4.8047  8.70908e-05  0.000468527       24.712 
         550      4.87216  8.82256e-05  0.000462818       24.712 
         550      4.94003   8.9134e-05   0.00045708       24.712 
         550      5.00843  8.98244e-05  0.000451309       24.712 
         550      5.07724  9.03033e-05  0.000445523       24.712 
         550      5.14658  9.05799e-05  0.000439718       24.712 
         550      5.21639  9.06631e-05  0.000433904       24.712 
         550      5.28661  9.05633e-05  0.000428094       24.712 
         550      5.35736  9.02912e-05  0.000422282       24.712 
         550      5.42852  8.98594e-05  0.000416485       24.712 
         550      5.50021  8.92797e-05  0.000410696       24.712 
         550      5.57231  8.85665e-05   0.00040493       24.712 
         550      5.64493  8.77329e-05  0.000399183       24.712 
         550      5.71803   8.6794e-05  0.000393462       24.712 
         550      5.79154  8.57654e-05  0.000387775       24.712 
         550      5.86558  8.46605e-05  0.000382116       24.712 
         550      5.94003  8.34957e-05  0.000376497       24.712 
         550      6.01501  8.22835e-05  0.000370911       24.712 
         550       6.0904  8.10389e-05  0.000365367       24.712 
         550      6.16632  7.97717e-05  0.000359858       24.712 
         550      6.24271  7.84929e-05  0.000354388       24.712 
         550       6.3195  7.72107e-05  0.000348961       24.712 
         550      6.39683  7.59272e-05  0.000343567       24.712 
         550      6.47457  7.46445e-05  0.000338212       24.712 
         550      6.55284  7.33557e-05  0.000332885       24.712 
         550      6.63152   7.2052e-05  0.000327591       24.712 
         550      6.71073  7.07137e-05  0.000322314       24.712 
         550      6.79034  6.93163e-05   0.00031713      24.7121 
         550      6.87049  6.79263e-05  0.000312088      24.7121 
         550      6.95111  6.65768e-05  0.000307043      24.7121 
         550      7.03214  6.52526e-05   0.00030202      24.7121 
         550       7.1137  6.39402e-05  0.000297029      24.7121 
         550      7.19566  6.26337e-05  0.000292091      24.7121 
         550      7.27816  6.13269e-05  0.000287205      24.7121 
         550      7.36106  6.00203e-05  0.000282384      24.7121 
         550      7.44451  5.87126e-05  0.000277622      24.7121 
         550      7.52842   5.7407e-05  0.000272921      24.7121 
         550      7.61273  5.61083e-05  0.000268284      24.7121 
         550      7.69758  5.48184e-05    0.0002637      24.7121 
         550      7.78283  5.35439e-05  0.000259173      24.7121 
         550      7.86862  5.22868e-05  0.000254693      24.7121 
         550      7.95481  5.10525e-05  0.000250263      24.7121 
         550      8.04155  4.98416e-05  0.000245876      24.7121 
         550      8.12868  4.86572e-05  0.000241536      24.7121 
         550      8.21635  4.74973e-05  0.000237238      24.7121 
         550      8.30449   4.6361e-05  0.000232988      24.7121 
         550      8.39303  4.52459e-05   0.00022879      24.7121 
         550      8.48211  4.41453e-05  0.000224642      24.7121 
         550      8.57159  4.30549e-05  0.000220555      24.7121 
         550      8.66161  4.19658e-05  0.000216526      24.7121 
         550      8.75203  4.08723e-05  0.000212563      24.7121 
         550      8.84299  3.97649e-05  0.000208661      24.7121 
         550      8.93443   3.8638e-05  0.000204819      24.7121 
         550      9.02626  3.74878e-05  0.000201033      24.7121 
         550      9.11863  3.63107e-05  0.000197281      24.7121 
         550      9.21139  3.51114e-05  0.000193544      24.7121 
         550      9.30471  3.40877e-05  0.000189742      24.7121 
         550      9.39841  3.31476e-05  0.000186041      24.7121 
         550      9.49267  3.22906e-05  0.000182473      24.7121 
         550      9.58739  3.15526e-05  0.000179069      24.7121 
         550      9.68251  3.06597e-05  0.000175677      24.7121 
         550      9.77817   2.9565e-05  0.000172212      24.7121 
         550      9.87422  2.85138e-05  0.000168808      24.7121 
         550      9.97083  2.75041e-05  0.000165462      24.7121 
         550      10.0678  2.65355e-05  0.000162177      24.7121 
         550      10.1654  2.56037e-05  0.000158948      24.7121 
         550      10.2633  2.47064e-05  0.000155775      24.7121 
         550      10.3618  2.38377e-05  0.000152651      24.7121 
         550      10.4607  2.29936e-05  0.000149575      24.7121 
         550      10.5601    2.217e-05  0.000146544      24.7121 
         550        10.66  2.13608e-05  0.000143552      24.7121 
         550      10.7603  2.05628e-05  0.000140601      24.7121 
         550      10.8611  1.97707e-05  0.000137684      24.7121 
         550      10.9623  1.89825e-05  0.000134805      24.7121 
         550      11.0641  1.81942e-05  0.000131961      24.7121 
         550      11.1663  1.74047e-05  0.000129156      24.7121 
         550       11.269  1.66139e-05  0.000126393      24.7121 
         550      11.3721  1.58206e-05  0.000123673      24.7121 
         550      11.4757  1.50271e-05  0.000121003      24.7121 
         550      11.5798  1.42342e-05  0.000118384      24.7121 
         550      11.6844  1.34461e-05  0.000115825      24.7121 
         550      11.7894   1.2665e-05  0.000113323      24.7121 
         550       11.895  1.18957e-05  0.000110885      24.7121 
         550      12.0009  1.11429e-05  0.000108509      24.7121 
         550      12.1073  1.04097e-05   0.00010619      24.7121 
         550      12.2142  9.70118e-06  0.000103923      24.7121 
         550      12.3216  9.01892e-06  0.000101688      24.7121 
         550      12.4294  8.36546e-06  9.94695e-05      24.7121 
         550      12.5378  7.73909e-06  9.72322e-05      24.7121 
         550      12.6465  7.13739e-06  9.49382e-05      24.7121 
         550      12.7558  6.55235e-06  9.25294e-05      24.7121 
         550      12.8656  5.99549e-06  9.03134e-05      24.7121 
         550      12.9757  5.43935e-06  8.83755e-05      24.7121 
         550      13.0864  4.85432e-06  8.64055e-05      24.7121 
         550      13.1975  4.24164e-06  8.44226e-05      24.7121 
         550      13.3092  3.60164e-06  8.24438e-05      24.7121 
         550      13.4212  2.93763e-06  8.04957e-05      24.7121 
         550      13.5338  2.25169e-06  7.86024e-05      24.7121 
         550      13.6468   1.5483e-06   7.6796e-05      24.7122 
         550      13.7603  9.06051e-07  7.50233e-05      24.7122 
         550      13.8743  4.29148e-07  7.31541e-05      24.7122 
         550      13.9886 -3.49261e-08   7.1348e-05      24.7122 
         550      14.1036 -4.94846e-07  6.95945e-05      24.7122 
         550      14.2189 -9.55158e-07  6.78905e-05      24.7122 
         550      14.3348 -1.41964e-06  6.62279e-05      24.7122 
         550       14.451 -1.88877e-06  6.46053e-05      24.7122 
         550      14.5678 -2.36305e-06   6.3017e-05      24.7122 
         550      14.6851 -2.84078e-06  6.14616e-05      24.7122 
         550      14.8028 -3.31954e-06  5.99386e-05      24.7122 
         550       14.921 -3.79759e-06  5.84442e-05      24.7122 
         550      15.0396 -4.27157e-06  5.69799e-05      24.7122 
         550      15.1588 -4.73974e-06  5.55429e-05      24.7122 
         550      15.2783  -5.1992e-06  5.41352e-05      24.7122 
         550      15.3984 -5.64905e-06  5.27544e-05      24.7122 
         550       15.519 -6.08791e-06  5.14017e-05      24.7122 
         550        15.64 -6.51518e-06  5.00782e-05      24.7122 
         550      15.7615 -6.93203e-06  4.87818e-05      24.7122 
         550      15.8834   -7.339e-06  4.75145e-05      24.7122 
         550      16.0058 -7.73857e-06  4.62741e-05      24.7122 
         550      16.1286  -8.1324e-06  4.50624e-05      24.7122 
         550       16.252 -8.52367e-06  4.38769e-05      24.7122 
         550      16.3759 -8.91449e-06  4.27182e-05      24.7122 
         550      16.5002 -9.30651e-06  4.15864e-05      24.7122 
         550       16.625 -9.70135e-06  4.04792e-05      24.7122 
         550      16.7501 -1.00978e-05  3.93975e-05      24.7122 
         550      16.8759 -1.04937e-05   3.8339e-05      24.7122 
         550       17.002 -1.08824e-05  3.73051e-05      24.7122 
         550      17.1287 -1.12549e-05   3.6294e-05      24.7122 
         550      17.2557 -1.15957e-05  3.53076e-05      24.7122 
         550      17.3834 -1.18842e-05  3.43453e-05      24.7122 
         550      17.5115 -1.20919e-05  3.34099e-05      24.7122 
         550      17.6399 -1.21811e-05   3.2505e-05      24.7122 
         550       17.769 -1.25599e-05  3.15673e-05      24.7122 
         550      17.8984 -1.30581e-05  3.06099e-05      24.7122 
         550      18.0284 -1.34725e-05   2.9666e-05      24.7122 
         550      18.1587 -1.38227e-05  2.87418e-05      24.7122 
         550      18.2896 -1.41267e-05  2.78392e-05      24.7122 
         550       18.421 -1.43986e-05  2.69615e-05      24.7122 
         550      18.5528 -1.46495e-05  2.61111e-05      24.7122 
         550      18.6851 -1.48892e-05  2.52876e-05      24.7122 
         550      18.8178 -1.51238e-05  2.44926e-05      24.7122 
         550      18.9511 -1.53585e-05  2.37243e-05      24.7122 
         550      19.0847 -1.55958e-05  2.29831e-05      24.7122 
         550      19.2189 -1.58376e-05  2.22664e-05      24.7122 
         550      19.3535 -1.60835e-05  2.15737e-05      24.7122 
         550      19.4886  -1.6333e-05  2.09018e-05      24.7122 
         550      19.6242 -1.65842e-05   2.0249e-05      24.7122 
         550      19.7602 -1.68345e-05  1.96138e-05      24.7123 
         550      19.8968 -1.70818e-05  1.89929e-05      24.7123 
         550      20.0337 -1.73232e-05  1.83854e-05      24.7123 
         550      20.1712 -1.75567e-05  1.77886e-05      24.7123 
         550      20.3091   -1.778e-05  1.72022e-05      24.7123 
         550      20.4475 -1.79924e-05  1.66247e-05      24.7123 
         550      20.5864 -1.81936e-05  1.60564e-05      24.7123 
         550      20.7257 -1.83845e-05  1.54989e-05      24.7123 
         550      20.8655  -1.8568e-05   1.4953e-05      24.7123 
         550      21.0058 -1.87479e-05  1.44227e-05      24.7123 
         550      21.1465 -1.89308e-05  1.39115e-05      24.7123 
         550      21.2877 -1.91025e-05  1.34713e-05      24.7123 
         550      21.4294 -1.92687e-05  1.30652e-05      24.7123 
         550      21.5716 -1.94398e-05  1.26484e-05      24.7123 
         550      21.7142 -1.96096e-05  1.22236e-05      24.7123 
         550      21.8573  -1.9774e-05  1.17938e-05      24.7123 
         550      22.0008   -1.993e-05  1.13641e-05      24.7123 
         550      22.1449 -2.00767e-05  1.09392e-05      24.7123 
         550      22.2893 -2.02141e-05  1.05251e-05      24.7123 
         550      22.4344 -2.03444e-05  1.01265e-05      24.7123 
         550      22.5797 -2.04703e-05   9.7483e-06      24.7123 
         550      22.7257 -2.05964e-05  9.39323e-06      24.7123 
         550      22.8721 -2.07277e-05  9.06285e-06      24.7123 
         550      23.0189 -2.08702e-05    8.756e-06      24.7123 
         550      23.1663 -2.10308e-05   8.4674e-06      24.7123 
         550       23.314 -2.12164e-05  8.18845e-06      24.7123 
         550      23.4623 -2.14343e-05  7.90444e-06      24.7123 
         550       23.611 -2.16915e-05  7.59531e-06      24.7123 
         550      23.7602 -2.19948e-05  7.23273e-06      24.7123 
         550        23.91 -2.20379e-05  6.89221e-06      24.7123 
         550        24.06 -2.20546e-05  6.57742e-06      24.7123 
         550      24.2107 -2.20984e-05  6.27552e-06      24.7123 
         550      24.3617 -2.21633e-05  5.98673e-06      24.7123 
         550      24.5133 -2.22439e-05  5.71003e-06      24.7123 
         550      24.6653 -2.23356e-05  5.44511e-06      24.7123 
         550      24.8178 -2.24349e-05  5.19059e-06      24.7124 
         550      24.9708 -2.25386e-05   4.9456e-06      24.7124 
         550      25.1242 -2.26441e-05  4.70913e-06      24.7124 
         550      25.2781 -2.27499e-05  4.47954e-06      24.7124 
         550      25.4324 -2.28542e-05  4.25593e-06      24.7124 
         550      25.5873 -2.29565e-05   4.0367e-06      24.7124 
         550      25.7426 -2.30558e-05  3.82098e-06      24.7124 
         550      25.8984 -2.31523e-05  3.60732e-06      24.7124 
         550      26.0546 -2.32457e-05  3.39506e-06      24.7124 
         550      26.2114 -2.33365e-05  3.18302e-06      24.7124 
         550      26.3686 -2.34249e-05   2.9707e-06      24.7124 
         550      26.5262 -2.35115e-05  2.75781e-06      24.7124 
         550      26.6844 -2.35969e-05  2.54377e-06      24.7124 
         550      26.8429 -2.36815e-05  2.32894e-06      24.7124 
         550       27.002  -2.3766e-05  2.11326e-06      24.7124 
         550      27.1615 -2.38508e-05  1.89763e-06      24.7124 
         550      27.3216 -2.39363e-05  1.68256e-06      24.7124 
         550      27.4821 -2.40227e-05  1.46937e-06      24.7124 
         550       27.643 -2.41099e-05  1.25967e-06      24.7124 
         550      27.8044  -2.4198e-05  1.05489e-06      24.7124 
         550      27.9663 -2.42864e-05  8.57386e-07      24.7124 
         550      28.1287 -2.43747e-05  6.69177e-07      24.7124 
         550      28.2914 -2.44619e-05  4.93157e-07      24.7124 
         550      28.4548  -2.4547e-05  3.31887e-07      24.7124 
         550      28.6185 -2.46286e-05  1.88688e-07      24.7124 
         550      28.7828 -2.47054e-05  6.65872e-08      24.7124 
         550      28.9475 -2.47754e-05  -3.0883e-08      24.7124 
         550      29.1126 -2.48367e-05 -1.00163e-07      24.7125 
         550      29.2784 -2.48998e-05 -1.90342e-07      24.7125 
         550      29.4444  -2.4964e-05 -3.04763e-07      24.7125 
         550       29.611  -2.5023e-05 -4.17532e-07      24.7125 
         550       29.778  -2.5077e-05 -5.29315e-07      24.7125 
         550      29.9456 -2.51267e-05 -6.40769e-07      24.7125 
         550      30.1137 -2.51728e-05 -7.51899e-07      24.7125 
         550      30.2821  -2.5216e-05 -8.62325e-07      24.7125 
         550      30.4511 -2.52575e-05 -9.71536e-07      24.7125 
         550      30.6204 -2.52986e-05 -1.07828e-06      24.7125 
         550      30.7903 -2.53411e-05 -1.18127e-06      24.7125 
         550      30.9606 -2.53871e-05 -1.27849e-06      24.7125 
         550      31.1315 -2.54392e-05 -1.36791e-06      24.7125 
         550      31.3028 -2.54972e-05 -1.45608e-06      24.7125 
         550      31.4745 -2.55187e-05 -1.62048e-06      24.7125 
         550      31.6468 -2.55386e-05 -1.75294e-06      24.7125 
         550      31.8194  -2.5561e-05 -1.85801e-06      24.7125 
         550      31.9926 -2.55897e-05 -1.94038e-06      24.7125 
         550      32.1662 -2.56276e-05 -2.00415e-06      24.7125 
         550      32.3404 -2.56775e-05  -2.0534e-06      24.7125 
         550      32.5149 -2.57412e-05 -2.09171e-06      24.7125 
         550        32.69 -2.58202e-05 -2.12251e-06      24.7125 
         550      32.8655 -2.58169e-05 -2.11473e-06      24.7126 
         550      33.0414 -2.58049e-05 -2.11431e-06      24.7126 
         550       33.218 -2.58094e-05 -2.13084e-06      24.7126 
         550      33.3948 -2.58268e-05 -2.16116e-06      24.7126 
         550      33.5723 -2.58538e-05 -2.20228e-06      24.7126 
         550        33.75 -2.58874e-05 -2.25129e-06      24.7126 
         550      33.9284 -2.59253e-05 -2.30562e-06      24.7126 
         550      34.1073 -2.59653e-05 -2.36278e-06      24.7126 
         550      34.2865 -2.60057e-05 -2.42056e-06      24.7126 
         550      34.4663 -2.60453e-05 -2.47712e-06      24.7126 
         550      34.6465 -2.60829e-05 -2.53075e-06      24.7126 
         550      34.8272 -2.61178e-05 -2.58021e-06      24.7126 
         550      35.0083 -2.61495e-05  -2.6244e-06      24.7126 
         550        35.19 -2.61776e-05 -2.66265e-06      24.7126 
         550      35.3721 -2.62021e-05 -2.69453e-06      24.7126 
         550      35.5546 -2.62231e-05 -2.71988e-06      24.7126 
         550      35.7377 -2.62407e-05 -2.73888e-06      24.7126 
         550      35.9211 -2.62554e-05 -2.75191e-06      24.7126 
         550      36.1052 -2.62674e-05 -2.75959e-06      24.7126 
         550      36.2895 -2.62774e-05 -2.76272e-06      24.7127 
         550      36.4745 -2.62857e-05 -2.76224e-06      24.7127 
         550      36.6598 -2.62929e-05 -2.75916e-06      24.7127 
         550      36.8457 -2.62994e-05 -2.75452e-06      24.7127 
         550      37.0321 -2.63057e-05 -2.74932e-06      24.7127 
         550      37.2188  -2.6312e-05 -2.74444e-06      24.7127 
         550      37.4062 -2.63187e-05 -2.74053e-06      24.7127 
         550      37.5938 -2.63258e-05 -2.73795e-06      24.7127 
         550      37.7821 -2.63332e-05 -2.73661e-06      24.7127 
         550      37.9707 -2.63406e-05 -2.73592e-06      24.7127 
         550      38.1599 -2.63475e-05 -2.73458e-06      24.7127 
         550      38.3496 -2.63533e-05 -2.73052e-06      24.7127 
         550      38.5396 -2.63569e-05 -2.72068e-06      24.7127 
         550      38.7302 -2.63571e-05 -2.70088e-06      24.7127 
         550      38.9211 -2.63523e-05 -2.66567e-06      24.7127 
         550      39.1127 -2.63405e-05   -2.608e-06      24.7127 
         550      39.3046 -2.62976e-05 -2.61944e-06      24.7128 
         550      39.4971 -2.62639e-05 -2.65549e-06      24.7128 
         550      39.6899 -2.62552e-05 -2.66351e-06      24.7128 
         550      39.8833 -2.62656e-05 -2.65199e-06      24.7128 
         550      40.0772   -2.629e-05  -2.6282e-06      24.7128 
         550      40.2714 -2.63234e-05  -2.5982e-06      24.7128 
         550      40.4663 -2.63617e-05 -2.56684e-06      24.7128 
         550      40.6615 -2.64011e-05 -2.53792e-06      24.7128 
         550      40.8573 -2.64386e-05 -2.51408e-06      24.7128 
         550      41.0534 -2.64716e-05 -2.49702e-06      24.7128 
         550      41.2501 -2.64986e-05 -2.48736e-06      24.7128 
         550      41.4473 -2.65182e-05 -2.48488e-06      24.7128 
         550      41.6448   -2.653e-05 -2.48844e-06      24.7128 
         550      41.8429 -2.65341e-05 -2.49613e-06      24.7128 
         550      42.0414 -2.65314e-05 -2.50526e-06      24.7128 
         550      42.2405  -2.6523e-05 -2.51252e-06      24.7129 
         550      42.4399 -2.65108e-05 -2.51398e-06      24.7129 
         550      42.6399 -2.64972e-05 -2.50519e-06      24.7129 
         550      42.8404 -2.64847e-05 -2.48127e-06      24.7129 
         550      43.0412 -2.64762e-05 -2.43704e-06      24.7129 
         550      43.2426  -2.6475e-05 -2.36694e-06      24.7129 
         550      43.4444 -2.64841e-05 -2.26546e-06      24.7129 
         550      43.6467 -2.65067e-05 -2.12673e-06      24.7129 
         550      43.8494 -2.65275e-05 -2.09342e-06      24.7129 
         550      44.0527 -2.65392e-05  -2.1837e-06      24.7129 
         550      44.2563 -2.65553e-05  -2.2408e-06      24.7129 
         550      44.4606 -2.65718e-05 -2.26914e-06      24.7129 
         550      44.6653 -2.65857e-05 -2.27318e-06      24.7129 
         550      44.8704 -2.65946e-05 -2.25752e-06       24.713 
         550       45.076 -2.65971e-05  -2.2267e-06       24.713 
         550       45.282 -2.65926e-05 -2.18524e-06       24.713 
         550      45.4886  -2.6581e-05 -2.13736e-06       24.713 
         550      45.6955 -2.65631e-05 -2.08715e-06       24.713 
         550       45.903 -2.65403e-05 -2.03823e-06       24.713 
         550      46.1111 -2.65145e-05  -1.9939e-06       24.713 
         550      46.3194 -2.64878e-05 -1.95696e-06       24.713 
         550      46.5283 -2.64628e-05 -1.92958e-06       24.713 
         550      46.7376 -2.64422e-05 -1.91339e-06       24.713 
         550      46.9475 -2.64288e-05 -1.90927e-06       24.713 
         550      47.1577  -2.6425e-05 -1.91738e-06       24.713 
         550      47.3685 -2.64332e-05 -1.93708e-06      24.7131 
         550      47.5798  -2.6455e-05 -1.96685e-06      24.7131 
         550      47.7914 -2.64913e-05 -2.00425e-06      24.7131 
         550      48.0037 -2.65422e-05 -2.04599e-06      24.7131 
         550      48.2162 -2.66063e-05 -2.08766e-06      24.7131 
         550      48.4294 -2.66808e-05 -2.12396e-06      24.7131 
         550      48.6429 -2.67611e-05 -2.14846e-06      24.7131 
         550       48.857 -2.68407e-05 -2.15372e-06      24.7131 
         550      49.0714 -2.69101e-05 -2.13121e-06      24.7131 
         550      49.2865 -2.68053e-05  -2.1346e-06      24.7131 
         550       49.502 -2.66933e-05 -2.13462e-06      24.7131 
         550      49.7179 -2.66179e-05 -2.11962e-06      24.7131 
         550      49.9343  -2.6572e-05 -2.09326e-06      24.7132 
         550      50.1511 -2.65494e-05 -2.05891e-06      24.7132 
         550      50.3685 -2.65446e-05 -2.01941e-06      24.7132 
         550      50.5862 -2.65529e-05 -1.97736e-06      24.7132 
         550      50.8046 -2.65702e-05 -1.93487e-06      24.7132 
         550      51.0234  -2.6593e-05 -1.89383e-06      24.7132 
         550      51.2425 -2.66185e-05 -1.85576e-06      24.7132 
         550      51.4623 -2.66443e-05 -1.82182e-06      24.7132 
         550      51.6824 -2.66685e-05 -1.79298e-06      24.7132 
         550      51.9031 -2.66896e-05 -1.76984e-06      24.7132 
         550      52.1241 -2.67063e-05 -1.75283e-06      24.7133 
         550      52.3457 -2.67181e-05  -1.7421e-06      24.7133 
         550      52.5676 -2.67242e-05 -1.73761e-06      24.7133 
         550      52.7902 -2.67246e-05  -1.7391e-06      24.7133 
         550      53.0133  -2.6719e-05 -1.74616e-06      24.7133 
         550      53.2366 -2.67078e-05  -1.7582e-06      24.7133 
         550      53.4606 -2.66912e-05 -1.77452e-06      24.7133 
         550      53.6849 -2.66697e-05 -1.79427e-06      24.7133 
         550      53.9099 -2.66439e-05 -1.81654e-06      24.7133 
         550      54.1351 -2.66144e-05 -1.84031e-06      24.7133 
         550       54.361 -2.65821e-05 -1.86456e-06      24.7134 
         550      54.5873 -2.65477e-05 -1.88817e-06      24.7134 
         550      54.8139 -2.65123e-05 -1.91002e-06      24.7134 
         550      55.0412 -2.64769e-05 -1.92905e-06      24.7134 
         550      55.2688 -2.64426e-05 -1.94417e-06      24.7134 
         550       55.497 -2.64107e-05 -1.95438e-06      24.7134 
         550      55.7255 -2.63824e-05 -1.95873e-06      24.7134 
         550      55.9547 -2.63592e-05 -1.95637e-06      24.7134 
         550      56.1844 -2.63428e-05 -1.94656e-06      24.7134 
         550      56.4143  -2.6335e-05 -1.92871e-06      24.7134 
         550      56.6449  -2.6338e-05 -1.90237e-06      24.7135 
         550      56.8757 -2.63541e-05 -1.86731e-06      24.7135 
         550      57.1072 -2.63859e-05 -1.82342e-06      24.7135 
         550       57.339 -2.64367e-05 -1.77094e-06      24.7135 
         550      57.5715   -2.651e-05  -1.7102e-06      24.7135 
         550      57.8042 -2.66098e-05 -1.64196e-06      24.7135 
         550      58.0376 -2.67411e-05  -1.5671e-06      24.7135 
         550      58.2715 -2.67132e-05 -1.61516e-06      24.7135 
         550      58.5057 -2.66238e-05 -1.70013e-06      24.7136 
         550      58.7405 -2.65453e-05  -1.7717e-06      24.7136 
         550      58.9756 -2.64789e-05 -1.83001e-06      24.7136 
         550      59.2113 -2.64254e-05  -1.8753e-06      24.7136 
         550      59.4473 -2.63859e-05 -1.90748e-06      24.7136 
         550       59.684 -2.63612e-05  -1.9264e-06      24.7136 
         550      59.9212 -2.63519e-05 -1.93154e-06      24.7136 
         550      60.1586 -2.63588e-05 -1.92213e-06      24.7136 
         550      60.3967 -2.63825e-05 -1.89701e-06      24.7136 
         550      60.6351 -2.64234e-05 -1.85461e-06      24.7137 
         550      60.8741 -2.64819e-05 -1.79277e-06      24.7137 
         550      61.1135 -2.65582e-05 -1.70891e-06      24.7137 
         550      61.3534 -2.66525e-05 -1.59953e-06      24.7137 
         550      61.5939 -2.67649e-05 -1.46058e-06      24.7137 
         550      61.8346  -2.6737e-05 -1.54349e-06      24.7137 
         550       62.076 -2.66945e-05 -1.62661e-06      24.7137 
         550      62.3177 -2.66497e-05 -1.69459e-06      24.7137 
         550        62.56 -2.66053e-05 -1.74744e-06      24.7138 
         550      62.8026 -2.65643e-05 -1.78502e-06      24.7138 
         550      63.0459 -2.65289e-05 -1.80741e-06      24.7138 
         550      63.2894 -2.65017e-05 -1.81474e-06      24.7138 
         550      63.5336 -2.64849e-05 -1.80735e-06      24.7138 
         550      63.7783 -2.64806e-05 -1.78574e-06      24.7138 
         550      64.0233 -2.64911e-05 -1.75075e-06      24.7138 
         550      64.2689 -2.65186e-05 -1.70339e-06      24.7138 
         550      64.5148 -2.65654e-05 -1.64509e-06      24.7139 
         550      64.7613 -2.66339e-05  -1.5775e-06      24.7139 
         550      65.0082 -2.67267e-05 -1.50281e-06      24.7139 
         550      65.2557 -2.68428e-05 -1.42545e-06      24.7139 
         550      65.5036 -2.68338e-05 -1.42238e-06      24.7139 
         550      65.7519 -2.68195e-05 -1.41763e-06      24.7139 
         550      66.0008 -2.68004e-05  -1.4115e-06      24.7139 
         550        66.25 -2.67774e-05 -1.40436e-06       24.714 
         550      66.4998 -2.67516e-05 -1.39657e-06       24.714 
         550        66.75 -2.67242e-05 -1.38853e-06       24.714 
         550      67.0007 -2.66963e-05 -1.38059e-06       24.714 
         550      67.2518 -2.66692e-05 -1.37309e-06       24.714 
         550      67.5035  -2.6644e-05 -1.36635e-06       24.714 
         550      67.7557 -2.66218e-05 -1.36062e-06       24.714 
         550      68.0082 -2.66035e-05 -1.35612e-06      24.7141 
         550      68.2614 -2.65899e-05   -1.353e-06      24.7141 
         550      68.5148 -2.65816e-05 -1.35136e-06      24.7141 
         550      68.7688 -2.65791e-05 -1.35121e-06      24.7141 
         550      69.0232 -2.65824e-05 -1.35252e-06      24.7141 
         550      69.2782 -2.65915e-05  -1.3552e-06      24.7141 
         550      69.5337  -2.6606e-05 -1.35908e-06      24.7141 
         550      69.7895 -2.66253e-05 -1.36396e-06      24.7142 
         550      70.0459 -2.66484e-05 -1.36959e-06      24.7142 
         550      70.3026 -2.66742e-05 -1.37568e-06      24.7142 
         550        70.56 -2.67013e-05 -1.38195e-06      24.7142 
         550      70.8176 -2.67278e-05 -1.38808e-06      24.7142 
         550      71.0759 -2.67519e-05  -1.3938e-06      24.7142 
         550      71.3347 -2.67714e-05 -1.39886e-06      24.7143 
         550      71.5938  -2.6784e-05 -1.40309e-06      24.7143 
         550      71.8535  -2.6787e-05 -1.40642e-06      24.7143 
         550      72.1135 -2.67781e-05 -1.40887e-06      24.7143 
         550      72.3741 -2.67544e-05 -1.41065e-06      24.7143 
         550       72.635 -2.67135e-05 -1.41216e-06      24.7143 
         550      72.8967 -2.66527e-05 -1.41403e-06      24.7143 
         550      73.1585 -2.65696e-05 -1.41716e-06      24.7144 
         550      73.4211 -2.64619e-05 -1.42281e-06      24.7144 
         550      73.6841 -2.63969e-05 -1.42011e-06      24.7144 
         550      73.9473 -2.64507e-05 -1.39521e-06      24.7144 
         550      74.2113 -2.65021e-05 -1.37045e-06      24.7144 
         550      74.4755 -2.65494e-05  -1.3472e-06      24.7144 
         550      74.7404  -2.6591e-05 -1.32642e-06      24.7145 
         550      75.0056  -2.6626e-05 -1.30886e-06      24.7145 
         550      75.2714 -2.66538e-05 -1.29489e-06      24.7145 
         550      75.5377 -2.66741e-05 -1.28471e-06      24.7145 
         550      75.8043 -2.66871e-05  -1.2783e-06      24.7145 
         550      76.0715 -2.66929e-05 -1.27541e-06      24.7145 
         550       76.339 -2.66923e-05  -1.2757e-06      24.7146 
         550      76.6072  -2.6686e-05 -1.27866e-06      24.7146 
         550      76.8756 -2.66748e-05 -1.28371e-06      24.7146 
         550      77.1448 -2.66597e-05 -1.29017e-06      24.7146 
         550      77.4141 -2.66419e-05 -1.29734e-06      24.7146 
         550      77.6842 -2.66224e-05  -1.3045e-06      24.7146 
         550      77.9547 -2.66024e-05 -1.31091e-06      24.7147 
         550      78.2255  -2.6583e-05 -1.31585e-06      24.7147 
         550       78.497 -2.65653e-05 -1.31866e-06      24.7147 
         550      78.7687 -2.65502e-05 -1.31874e-06      24.7147 
         550      79.0411 -2.65386e-05 -1.31555e-06      24.7147 
         550      79.3138 -2.65312e-05 -1.30867e-06      24.7148 
         550      79.5872 -2.65286e-05 -1.29775e-06      24.7148 
         550       79.861 -2.65312e-05 -1.28259e-06      24.7148 
         550      80.1351 -2.65392e-05 -1.26313e-06      24.7148 
         550      80.4098 -2.65525e-05  -1.2394e-06      24.7148 
         550      80.6849 -2.65711e-05 -1.21165e-06      24.7148 
         550      80.9606 -2.65943e-05 -1.18018e-06      24.7149 
         550      81.2365 -2.66214e-05 -1.14558e-06      24.7149 
         550      81.5132 -2.66516e-05 -1.10845e-06      24.7149 
         550      81.7903 -2.66835e-05 -1.06965e-06      24.7149 
         550      82.0676 -2.67155e-05 -1.03019e-06      24.7149 
         550      82.3457 -2.67461e-05 -9.91117e-07       24.715 
         550       82.624 -2.67731e-05 -9.53764e-07       24.715 
         550       82.903 -2.67944e-05 -9.19456e-07       24.715 
         550      83.1822 -2.68072e-05 -8.89744e-07       24.715 
         550      83.4622  -2.6809e-05 -8.66181e-07       24.715 
         550      83.7424 -2.67969e-05 -8.50479e-07      24.7151 
         550      84.0232 -2.67675e-05 -8.44348e-07      24.7151 
         550      84.3046 -2.67177e-05 -8.49574e-07      24.7151 
         550      84.5862  -2.6644e-05 -8.67912e-07      24.7151 
         550      84.8685 -2.65428e-05 -9.01142e-07      24.7151 
         550       85.151 -2.65214e-05 -9.51383e-07      24.7152 
         550      85.4342 -2.65212e-05 -1.00021e-06      24.7152 
         550      85.7177 -2.65345e-05 -1.04397e-06      24.7152 
         550      86.0019 -2.65597e-05 -1.07934e-06      24.7152 
         550      86.2865 -2.65943e-05 -1.10214e-06      24.7152 
         550      86.5714 -2.66337e-05 -1.10754e-06      24.7153 
         550       86.857 -2.66716e-05 -1.08987e-06      24.7153 
         550      87.1428 -2.66995e-05  -1.0426e-06      24.7153 
         550      87.4293 -2.67061e-05 -9.58111e-07      24.7153 
         550      87.7161 -2.66776e-05 -8.27964e-07      24.7153 
         550      88.0035 -2.65968e-05 -6.42234e-07      24.7154 
         550      88.2914 -2.64429e-05  -3.9006e-07      24.7154 
         550      88.5796  -2.6418e-05  -3.1918e-07      24.7154 
         550      88.8685 -2.65788e-05 -5.03649e-07      24.7154 
         550      89.1576 -2.66834e-05 -6.57429e-07      24.7154 
         550      89.4474 -2.67394e-05 -7.80339e-07      24.7155 
         550      89.7374 -2.67527e-05 -8.71724e-07      24.7155 
         550      90.0282 -2.67276e-05 -9.31226e-07      24.7155 
         550      90.3192 -2.66674e-05 -9.58183e-07      24.7155 
         550      90.6109 -2.65739e-05 -9.51996e-07      24.7155 
         550       90.903  -2.6448e-05 -9.11903e-07      24.7156 
         550      91.1954 -2.64752e-05 -8.78264e-07      24.7156 
         550      91.4885 -2.65627e-05 -8.55804e-07      24.7156 
         550      91.7819 -2.66443e-05 -8.35271e-07      24.7156 
         550      92.0759 -2.67161e-05 -8.16998e-07      24.7156 
         550      92.3702 -2.67756e-05 -8.01213e-07      24.7157 
         550      92.6652 -2.68212e-05 -7.87945e-07      24.7157 
         550      92.9606 -2.68523e-05 -7.77146e-07      24.7157 
         550      93.2563 -2.68693e-05 -7.68666e-07      24.7157 
         550      93.5527  -2.6873e-05 -7.62269e-07      24.7158 
         550      93.8493 -2.68649e-05 -7.57693e-07      24.7158 
         550      94.1466 -2.68467e-05 -7.54631e-07      24.7158 
         550      94.4442 -2.68206e-05  -7.5278e-07      24.7158 
         550      94.7425 -2.67889e-05 -7.51834e-07      24.7158 
         550       95.041 -2.67538e-05 -7.51509e-07      24.7159 
         550      95.3402 -2.67176e-05 -7.51554e-07      24.7159 
         550      95.6399 -2.66825e-05 -7.51762e-07      24.7159 
         550      95.9398 -2.66506e-05 -7.51971e-07      24.7159 
         550      96.2404 -2.66235e-05 -7.52081e-07       24.716 
         550      96.5412 -2.66027e-05 -7.52046e-07       24.716 
         550      96.8428 -2.65892e-05 -7.51883e-07       24.716 
         550      97.1446 -2.65837e-05 -7.51667e-07       24.716 
         550      97.4471 -2.65865e-05 -7.51529e-07      24.7161 
         550      97.7501 -2.65975e-05 -7.51646e-07      24.7161 
         550      98.0533 -2.66159e-05 -7.52236e-07      24.7161 
         550      98.3572  -2.6641e-05 -7.53544e-07      24.7161 
         550      98.6613 -2.66712e-05 -7.55823e-07      24.7162 
         550      98.9662 -2.67049e-05 -7.59327e-07      24.7162 
         550      99.2712 -2.67401e-05 -7.64272e-07      24.7162 
         550       99.577 -2.67746e-05  -7.7084e-07      24.7163 
         550      99.8833 -2.68061e-05 -7.79119e-07      24.7163 
         550       100.19 -2.68321e-05 -7.89085e-07      24.7163 
         550      100.497 -2.68504e-05 -8.00595e-07      24.7163 
         550      100.804 -2.68589e-05 -8.13291e-07      24.7164 
         550      101.113 -2.68557e-05 -8.26632e-07      24.7164 
         550      101.421 -2.68396e-05 -8.39768e-07      24.7164 
         550       101.73 -2.68101e-05 -8.51575e-07      24.7165 
         550      102.039 -2.67674e-05 -8.60524e-07      24.7165 
         550      102.349  -2.6713e-05 -8.64691e-07      24.7165 
         550       102.66 -2.66496e-05 -8.61641e-07      24.7165 
         550      102.971 -2.65817e-05 -8.48415e-07      24.7166 
         550      103.282 -2.65152e-05 -8.21397e-07      24.7166 
         550      103.594 -2.64586e-05 -7.76346e-07      24.7166 
         550      103.906 -2.64227e-05 -7.08129e-07      24.7166 
         550      104.219 -2.64844e-05 -6.86439e-07      24.7166 
         550      104.532 -2.66517e-05 -8.06566e-07      24.7166 
         550      104.846 -2.67408e-05 -8.88524e-07      24.7167 
         550       105.16 -2.67721e-05 -9.38401e-07      24.7167 
         550      105.474 -2.67631e-05 -9.61839e-07      24.7167 
         550      105.789 -2.67282e-05 -9.63821e-07      24.7168 
         550      106.105 -2.66793e-05 -9.48871e-07      24.7168 
         550      106.421  -2.6626e-05 -9.21042e-07      24.7169 
         550      106.738 -2.65758e-05 -8.83856e-07      24.7169 
         550      107.055 -2.65343e-05 -8.40462e-07       24.717 
         550      107.372 -2.65053e-05 -7.93607e-07       24.717 
         550       107.69 -2.64912e-05  -7.4553e-07       24.717 
         550      108.008 -2.64931e-05 -6.98243e-07      24.7171 
         550      108.327  -2.6511e-05 -6.53261e-07      24.7171 
         550      108.646 -2.65438e-05 -6.11914e-07      24.7172 
         550      108.966 -2.65899e-05 -5.75094e-07      24.7172 
         550      109.286 -2.66469e-05 -5.43532e-07      24.7172 
         550      109.607  -2.6712e-05 -5.17596e-07      24.7172 
         550      109.928 -2.67822e-05 -4.97491e-07      24.7172 
         550       110.25 -2.68541e-05 -4.83193e-07      24.7172 
         550      110.572 -2.69244e-05 -4.74456e-07      24.7172 
         550      110.895 -2.69897e-05 -4.70903e-07      24.7172 
         550      111.218  -2.7047e-05 -4.71992e-07      24.7172 
         550      111.541 -2.70932e-05 -4.77062e-07      24.7172 
         550      111.865 -2.71258e-05 -4.85363e-07      24.7172 
         550       112.19 -2.71424e-05 -4.96056e-07      24.7172 
         550      112.515 -2.71413e-05 -5.08237e-07      24.7171 
         550       112.84 -2.71208e-05 -5.21003e-07      24.7171 
         550      113.166 -2.70802e-05 -5.33398e-07      24.7171 
         550      113.492 -2.70188e-05 -5.44517e-07      24.7171 
         550      113.819 -2.69367e-05 -5.53449e-07      24.7171 
         550      114.147 -2.68341e-05 -5.59372e-07      24.7171 
         550      114.474  -2.6712e-05 -5.61512e-07       24.717 
         550      114.803 -2.65712e-05 -5.59205e-07      24.7171 
         550      115.131 -2.64132e-05 -5.51898e-07      24.7171 
         550       115.46 -2.62397e-05 -5.39188e-07      24.7171 
         550       115.79 -2.60519e-05 -5.20801e-07      24.7171 
         550       116.12 -2.61666e-05 -5.62382e-07      24.7172 
         550      116.451 -2.62525e-05 -6.03495e-07      24.7173 
         550      116.782 -2.63124e-05 -6.43698e-07      24.7174 
         550      117.113 -2.63509e-05 -6.82841e-07      24.7175 
         550      117.446 -2.63724e-05 -7.20556e-07      24.7176 
         550      117.778 -2.63815e-05 -7.56336e-07      24.7177 
         550      118.111 -2.63824e-05 -7.89596e-07      24.7178 
         550      118.444 -2.63792e-05 -8.19458e-07      24.7179 
         550      118.778 -2.63755e-05 -8.44932e-07      24.7181 
         550      119.112 -2.63747e-05 -8.64714e-07      24.7182 
         550      119.447  -2.6379e-05 -8.77313e-07      24.7183 
         550      119.783 -2.63902e-05 -8.80908e-07      24.7184 
         550      120.118 -2.64088e-05 -8.73399e-07      24.7186 
         550      120.455 -2.64342e-05 -8.52336e-07      24.7187 
         550      120.791 -2.64641e-05 -8.14956e-07      24.7188 
         550      121.128 -2.64947e-05 -7.58012e-07      24.7189 
         550      121.466 -2.65203e-05 -6.77998e-07      24.7189 
         550      121.804 -2.65327e-05 -5.70735e-07       24.719 
         550      122.143 -2.65213e-05 -4.31877e-07       24.719 
         550      122.482 -2.64726e-05 -2.56168e-07       24.719 
         550      122.821   -2.637e-05 -3.81305e-08       24.719 
         550      123.161 -2.61935e-05  2.28154e-07      24.7189 
         550      123.502 -2.59187e-05  5.49863e-07      24.7188 
         550      123.843 -2.65601e-05  5.24882e-07      24.7185 
         550      124.184 -2.71515e-05  4.19831e-07      24.7182 
         550      124.526 -2.74848e-05  3.24173e-07      24.7179 
         550      124.868 -2.76124e-05  2.36316e-07      24.7176 
         550      125.211 -2.75798e-05  1.55099e-07      24.7174 
         550      125.554 -2.74274e-05  7.95297e-08      24.7172 
         550      125.898 -2.71901e-05  8.61195e-09      24.7171 
         550      126.242 -2.68986e-05  -5.8252e-08       24.717 
         550      126.587 -2.65783e-05  -1.2173e-07      24.7169 
         550      126.932 -2.62511e-05 -1.82144e-07      24.7168 
         550      127.278 -2.59346e-05 -2.39885e-07      24.7168 
         550      127.624 -2.56431e-05 -2.95086e-07      24.7168 
         550      127.971 -2.53881e-05 -3.47786e-07      24.7168 
         550      128.318 -2.51772e-05 -3.98054e-07      24.7168 
         550      128.665 -2.50164e-05 -4.45718e-07      24.7168 
         550      129.013 -2.49086e-05  -4.9069e-07      24.7169 
         550      129.361 -2.48552e-05 -5.32679e-07       24.717 
         550       129.71 -2.48555e-05 -5.71482e-07      24.7171 
         550       130.06 -2.49072e-05 -6.06729e-07      24.7172 
         550       130.41 -2.50069e-05  -6.3814e-07      24.7174 
         550       130.76 -2.51499e-05 -6.65331e-07      24.7175 
         550      131.111 -2.53307e-05 -6.87923e-07      24.7177 
         550      131.462 -2.55433e-05 -7.05585e-07      24.7178 
         550      131.814 -2.57807e-05 -7.17935e-07       24.718 
         550      132.166 -2.60364e-05 -7.24652e-07      24.7182 
         550      132.519 -2.63027e-05  -7.2541e-07      24.7183 
         550      132.872  -2.6573e-05 -7.19926e-07      24.7185 
         550      133.226 -2.68399e-05 -7.07953e-07      24.7187 
         550       133.58 -2.70966e-05 -6.89309e-07      24.7189 
         550      133.934 -2.73369e-05 -6.63816e-07      24.7191 
         550      134.289 -2.75544e-05 -6.31427e-07      24.7192 
         550      134.645 -2.77439e-05 -5.92062e-07      24.7194 
         550          135 -2.79001e-05 -5.45827e-07      24.7195 
         550      135.357 -2.80187e-05 -4.92763e-07      24.7197 
         550      135.714 -2.80957e-05 -4.33145e-07      24.7198 
         550      136.071 -2.81278e-05  -3.6715e-07      24.7199 
         550      136.429 -2.81122e-05 -2.95178e-07        24.72 
         550      136.787 -2.80965e-05 -2.40863e-07        24.72 
         550      137.146 -2.80694e-05 -2.05934e-07      24.7199 
         550      137.505  -2.7976e-05 -1.66565e-07      24.7197 
         550      137.865 -2.78202e-05 -1.22873e-07      24.7196 
         550      138.225 -2.76084e-05  -7.5156e-08      24.7194 
         550      138.586 -2.73486e-05 -2.36129e-08      24.7193 
         550      138.947 -2.70511e-05  3.13945e-08      24.7191 
         550      139.309 -2.67284e-05  8.94432e-08      24.7189 
         550      139.671 -2.63932e-05  1.50199e-07      24.7187 
         550      140.033 -2.60607e-05  2.13087e-07      24.7185 
         550      140.397 -2.57458e-05  2.77677e-07      24.7183 
         550       140.76 -2.54646e-05  3.43287e-07      24.7181 
         550      141.124 -2.52325e-05  4.09389e-07      24.7179 
         550      141.488 -2.50648e-05  4.75252e-07      24.7177 
         550      141.853 -2.49752e-05  5.40101e-07      24.7174 
         550      142.219 -2.49758e-05  6.03271e-07      24.7172 
         550      142.584 -2.50761e-05  6.63854e-07      24.7169 
         550      142.951 -2.52824e-05  7.21105e-07      24.7166 
         550      143.317 -2.55966e-05  7.74059e-07      24.7163 
         550      143.685 -2.60166e-05  8.21899e-07       24.716 
         550      144.052 -2.65329e-05   8.6363e-07      24.7157 
         550      144.421  -2.7131e-05  8.98383e-07      24.7154 
         550      144.789  -2.7787e-05  9.25178e-07      24.7151 
         550      145.158 -2.84678e-05  9.43065e-07      24.7148 
         550      145.528 -2.91318e-05  9.51138e-07      24.7145 
         550      145.898 -2.97235e-05  9.48472e-07      24.7141 
         550      146.269 -3.01767e-05  9.34175e-07      24.7138 
         550       146.64 -3.04093e-05  9.07423e-07      24.7135 
         550      147.011 -3.03242e-05  8.67375e-07      24.7131 
         550      147.383 -2.98065e-05  8.13308e-07      24.7128 
         550      147.755 -2.87234e-05  7.44621e-07      24.7125 
         550      148.128 -2.69188e-05  6.60629e-07      24.7122 
         550      148.502 -2.42187e-05  5.60993e-07       24.712 
         550      148.876 -2.04174e-05  4.45199e-07      24.7117 
         550       149.25 -1.52934e-05  3.13211e-07      24.7115 
         550      149.625 -8.58212e-06  1.64746e-07      24.7112 
         550          150 -3.75199e-19  6.73892e-21       24.711 
