Variables = x, y, u, v, p

Zone, I=800, F=POINT
          50            0 -2.26554e-19 -1.50312e-24     -37.1559 
          50     0.000234 -1.12467e-05 -8.17183e-11     -37.1559 
          50     0.000939 -4.26444e-05 -3.97497e-10     -37.1559 
          50     0.002113 -8.73097e-05 -1.16158e-09     -37.1559 
          50     0.003759 -0.000136071 -2.75622e-09     -37.1559 
          50     0.005872 -0.000179574 -5.75059e-09     -37.1559 
          50     0.008457 -0.000211308  -1.0961e-08     -37.1559 
          50      0.01151 -0.000229005 -1.94719e-08     -37.1559 
          50     0.015036 -0.000235378 -3.27275e-08     -37.1559 
          50     0.019031 -0.000236876 -5.25346e-08     -37.1559 
          50     0.023493 -0.000241173 -8.11338e-08     -37.1559 
          50     0.028429 -0.000253878 -1.21315e-07     -37.1559 
          50     0.033831 -0.000275728 -1.76271e-07     -37.1559 
          50     0.039706 -0.000301863 -2.49859e-07     -37.1559 
          50     0.046047 -0.000324117 -3.46307e-07     -37.1559 
          50     0.052863 -0.000336791 -4.70583e-07     -37.1559 
          50      0.06015 -0.000343265 -6.27941e-07     -37.1559 
          50       0.0679  -0.00035739 -8.23902e-07     -37.1559 
          50     0.076126 -0.000386499  -1.0649e-06     -37.1559 
          50     0.084816 -0.000388928 -1.35703e-06     -37.1559 
          50     0.093982 -0.000406362 -1.70687e-06     -37.1559 
          50     0.103611 -0.000419672 -2.12048e-06     -37.1559 
          50     0.113718  -0.00043029 -2.60505e-06     -37.1559 
          50     0.124286 -0.000439202 -3.16597e-06     -37.1559 
          50     0.135333  -0.00044697 -3.80998e-06     -37.1559 
          50      0.14685 -0.000453714 -4.54189e-06     -37.1559 
          50     0.158827 -0.000459252 -5.36567e-06     -37.1559 
          50     0.171284 -0.000463301  -6.2868e-06     -37.1559 
          50     0.184201 -0.000465667 -7.30726e-06     -37.1559 
          50     0.197599 -0.000466453 -8.43155e-06     -37.1559 
          50     0.211455 -0.000466097 -9.65979e-06     -37.1559 
          50     0.225792 -0.000465121 -1.09951e-05     -37.1559 
          50       0.2406  -0.00046338 -1.24363e-05     -37.1559 
          50     0.255865 -0.000459902 -1.39801e-05     -37.1559 
          50     0.271613 -0.000456391 -1.56325e-05     -37.1559 
          50     0.287818   -0.0004523 -1.73885e-05     -37.1559 
          50     0.304506 -0.000447808 -1.92467e-05     -37.1559 
          50      0.32165 -0.000443103 -2.12005e-05     -37.1559 
          50     0.339278 -0.000438343   -2.325e-05     -37.1559 
          50     0.357377  -0.00043368  -2.5391e-05     -37.1559 
          50      0.37593 -0.000429252  -2.7619e-05     -37.1559 
          50     0.394968 -0.000425168 -2.99349e-05     -37.1559 
          50     0.414461 -0.000421532 -3.23319e-05     -37.1559 
          50      0.43444 -0.000418419   -3.481e-05     -37.1559 
          50     0.454872 -0.000415899 -3.73603e-05     -37.1559 
          50     0.475791 -0.000414017 -3.99812e-05     -37.1559 
          50     0.497163 -0.000412813  -4.2662e-05     -37.1559 
          50     0.519021 -0.000412302 -4.53999e-05     -37.1559 
          50      0.54135 -0.000412486 -4.81871e-05     -37.1559 
          50     0.564131 -0.000413333 -5.10174e-05     -37.1559 
          50       0.5874 -0.000414779 -5.38969e-05     -37.1559 
          50     0.611121 -0.000416679 -5.68297e-05     -37.1559 
          50      0.63533 -0.000418961 -5.97746e-05     -37.1559 
          50      0.65999 -0.000421692 -6.27095e-05     -37.1559 
          50     0.685139 -0.000424649 -6.56396e-05     -37.1559 
          50     0.710759 -0.000427617 -6.85609e-05     -37.1559 
          50     0.736828 -0.000430397 -7.14667e-05     -37.1559 
          50     0.763387 -0.000432816 -7.43554e-05     -37.1559 
          50     0.790396 -0.000434714 -7.72143e-05     -37.1559 
          50     0.817896 -0.000435959 -8.00383e-05     -37.1559 
          50     0.845843 -0.000436441 -8.28124e-05     -37.1559 
          50     0.874283 -0.000436076 -8.55303e-05     -37.1559 
          50      0.90317 -0.000434805 -8.81769e-05     -37.1559 
          50     0.932551 -0.000432594 -9.07465e-05     -37.1559 
          50     0.962401 -0.000429434 -9.32284e-05     -37.1559 
          50     0.992697 -0.000425346  -9.5614e-05     -37.1559 
          50      1.02349 -0.000420359 -9.79033e-05     -37.1559 
          50      1.05472  -0.00041454 -0.000100091     -37.1559 
          50      1.08645 -0.000407953 -0.000102183     -37.1559 
          50      1.11863 -0.000400697 -0.000104179     -37.1559 
          50       1.1513  -0.00039286 -0.000106092     -37.1559 
          50      1.18444 -0.000384551 -0.000107929     -37.1559 
          50      1.21802 -0.000375883   -0.0001097     -37.1559 
          50      1.25211 -0.000366947 -0.000111416     -37.1559 
          50      1.28663 -0.000357854 -0.000113083     -37.1559 
          50      1.32165 -0.000348671 -0.000114703     -37.1559 
          50      1.35712 -0.000339483 -0.000116264     -37.1559 
          50      1.39308 -0.000330324 -0.000117741     -37.1559 
          50      1.42951 -0.000321226 -0.000119087     -37.1558 
          50      1.46638   -0.0003122  -0.00012022     -37.1558 
          50      1.50375 -0.000303208 -0.000121024     -37.1558 
          50      1.54156  -0.00029401 -0.000122228     -37.1558 
          50      1.57987 -0.000284803 -0.000123346     -37.1558 
          50      1.61863 -0.000275614 -0.000124326     -37.1558 
          50      1.65788 -0.000266428 -0.000125171     -37.1558 
          50      1.69757 -0.000257262 -0.000125885     -37.1558 
          50      1.73776  -0.00024811 -0.000126471     -37.1558 
          50      1.77842 -0.000238988 -0.000126933     -37.1558 
          50      1.81952 -0.000229918 -0.000127274     -37.1558 
          50      1.86113 -0.000220903 -0.000127497     -37.1558 
          50      1.90316 -0.000211976 -0.000127607     -37.1558 
          50      1.94571 -0.000203145 -0.000127606     -37.1558 
          50      1.98869  -0.00019445 -0.000127498     -37.1558 
          50      2.03217 -0.000185903 -0.000127286     -37.1557 
          50      2.07612  -0.00017754 -0.000126974     -37.1557 
          50      2.12051 -0.000169396 -0.000126565     -37.1557 
          50       2.1654  -0.00016149 -0.000126062     -37.1557 
          50      2.21073 -0.000153862 -0.000125469     -37.1557 
          50      2.25656 -0.000146533 -0.000124788     -37.1557 
          50      2.30283 -0.000139541 -0.000124022     -37.1557 
          50       2.3496 -0.000132903 -0.000123174     -37.1557 
          50      2.39685 -0.000126651 -0.000122247     -37.1557 
          50      2.44452 -0.000120812 -0.000121245     -37.1557 
          50      2.49271 -0.000115395 -0.000120168     -37.1556 
          50      2.54132 -0.000110426 -0.000119021     -37.1556 
          50      2.59044 -0.000105909 -0.000117805     -37.1556 
          50         2.64 -0.000101856 -0.000116524     -37.1556 
          50      2.69006 -9.82649e-05  -0.00011518     -37.1556 
          50      2.74056  -9.5137e-05 -0.000113777     -37.1556 
          50      2.79156 -9.24589e-05 -0.000112315     -37.1556 
          50      2.84304  -9.0219e-05   -0.0001108     -37.1556 
          50      2.89494 -8.83987e-05 -0.000109236     -37.1555 
          50      2.94735 -8.69703e-05 -0.000107624     -37.1555 
          50       3.0002 -8.59064e-05 -0.000105972     -37.1555 
          50      3.05355 -8.51715e-05  -0.00010428     -37.1555 
          50      3.10733   -8.473e-05 -0.000102557     -37.1555 
          50      3.16163 -8.45423e-05 -0.000100807     -37.1555 
          50      3.21639 -8.45698e-05 -9.90361e-05     -37.1555 
          50      3.27158 -8.47744e-05 -9.72547e-05     -37.1554 
          50      3.32729 -8.51227e-05 -9.54681e-05     -37.1554 
          50      3.38342 -8.55871e-05  -9.3689e-05     -37.1554 
          50      3.44007 -8.61509e-05 -9.19254e-05     -37.1554 
          50      3.49714 -8.68097e-05 -9.01927e-05     -37.1554 
          50      3.55472 -8.75788e-05 -8.85024e-05     -37.1553 
          50      3.61273 -8.84949e-05 -8.68729e-05     -37.1553 
          50      3.67125 -8.96257e-05 -8.53196e-05     -37.1553 
          50      3.73025 -9.10729e-05 -8.38642e-05     -37.1553 
          50      3.78967 -9.25933e-05 -8.21622e-05     -37.1553 
          50      3.84961 -9.40702e-05 -8.06679e-05     -37.1552 
          50      3.90996  -9.5592e-05 -7.93407e-05     -37.1552 
          50      3.97084 -9.71389e-05  -7.8017e-05     -37.1552 
          50      4.03214 -9.86918e-05 -7.66527e-05     -37.1552 
          50      4.09395 -0.000100241 -7.52653e-05     -37.1552 
          50      4.15624 -0.000101778 -7.38998e-05     -37.1551 
          50      4.21895 -0.000103296 -7.25937e-05     -37.1551 
          50      4.28217 -0.000104796 -7.13535e-05     -37.1551 
          50      4.34582 -0.000106272 -7.01561e-05     -37.1551 
          50      4.40998 -0.000107725 -6.89516e-05      -37.155 
          50      4.47457 -0.000109148 -6.77004e-05      -37.155 
          50      4.53968 -0.000110535 -6.64175e-05      -37.155 
          50      4.60525 -0.000111871 -6.52561e-05      -37.155 
          50      4.67125 -0.000113194 -6.40895e-05     -37.1549 
          50      4.73777  -0.00011447  -6.2897e-05     -37.1549 
          50       4.8047  -0.00011571 -6.17493e-05     -37.1549 
          50      4.87216  -0.00011693 -6.06392e-05     -37.1548 
          50      4.94003 -0.000118127 -5.95484e-05     -37.1548 
          50      5.00843 -0.000119297 -5.84584e-05     -37.1548 
          50      5.07724 -0.000120433 -5.73676e-05     -37.1548 
          50      5.14658  -0.00012154 -5.62868e-05     -37.1547 
          50      5.21639 -0.000122623 -5.52387e-05     -37.1547 
          50      5.28661 -0.000123693 -5.42369e-05     -37.1547 
          50      5.35736 -0.000124761 -5.32537e-05     -37.1546 
          50      5.42852 -0.000125815 -5.21818e-05     -37.1546 
          50      5.50021 -0.000126834 -5.12799e-05     -37.1546 
          50      5.57231 -0.000127843 -5.03538e-05     -37.1545 
          50      5.64493 -0.000128851 -4.93864e-05     -37.1545 
          50      5.71803 -0.000129853 -4.84123e-05     -37.1544 
          50      5.79154  -0.00013084 -4.74619e-05     -37.1544 
          50      5.86558 -0.000131804 -4.65523e-05     -37.1544 
          50      5.94003 -0.000132745 -4.56986e-05     -37.1543 
          50      6.01501 -0.000133656  -4.4849e-05     -37.1543 
          50       6.0904 -0.000134542 -4.39887e-05     -37.1543 
          50      6.16632 -0.000135417 -4.31292e-05     -37.1542 
          50      6.24271 -0.000136282 -4.22931e-05     -37.1542 
          50       6.3195 -0.000137129 -4.14798e-05     -37.1541 
          50      6.39683 -0.000137942 -4.05803e-05     -37.1541 
          50      6.47457 -0.000138753 -3.99308e-05      -37.154 
          50      6.55284 -0.000139517 -3.92428e-05      -37.154 
          50      6.63152 -0.000140239 -3.85433e-05     -37.1539 
          50      6.71073 -0.000140931 -3.78516e-05     -37.1539 
          50      6.79034   -0.0001416 -3.71805e-05     -37.1539 
          50      6.87049 -0.000142254 -3.65345e-05     -37.1538 
          50      6.95111 -0.000142911 -3.58811e-05     -37.1538 
          50      7.03214 -0.000143575 -3.51428e-05     -37.1537 
          50       7.1137 -0.000144211 -3.44372e-05     -37.1537 
          50      7.19566 -0.000144824 -3.37782e-05     -37.1536 
          50      7.27816  -0.00014542 -3.31657e-05     -37.1536 
          50      7.36106 -0.000146004 -3.25917e-05     -37.1535 
          50      7.44451 -0.000146581 -3.20383e-05     -37.1534 
          50      7.52842  -0.00014715 -3.14858e-05     -37.1534 
          50      7.61273 -0.000147712 -3.09157e-05     -37.1533 
          50      7.69758 -0.000148265 -3.03169e-05     -37.1533 
          50      7.78283 -0.000148806  -2.9697e-05     -37.1532 
          50      7.86862 -0.000149331 -2.90896e-05     -37.1532 
          50      7.95481 -0.000149838 -2.85701e-05     -37.1531 
          50      8.04155   -0.0001504  -2.8035e-05      -37.153 
          50      8.12868 -0.000150969 -2.74664e-05      -37.153 
          50      8.21635 -0.000151506 -2.69757e-05     -37.1529 
          50      8.30449 -0.000152032 -2.65336e-05     -37.1529 
          50      8.39303 -0.000152557 -2.61196e-05     -37.1528 
          50      8.48211 -0.000153087 -2.57205e-05     -37.1527 
          50      8.57159 -0.000153617 -2.53304e-05     -37.1527 
          50      8.66161 -0.000154142 -2.49471e-05     -37.1526 
          50      8.75203 -0.000154653 -2.45733e-05     -37.1525 
          50      8.84299 -0.000155142 -2.42122e-05     -37.1525 
          50      8.93443 -0.000155603 -2.38691e-05     -37.1524 
          50      9.02626  -0.00015603 -2.35482e-05     -37.1523 
          50      9.11863 -0.000156424 -2.32513e-05     -37.1522 
          50      9.21139 -0.000156786 -2.29783e-05     -37.1522 
          50      9.30471 -0.000157122 -2.27239e-05     -37.1521 
          50      9.39841 -0.000157438 -2.24786e-05      -37.152 
          50      9.49267 -0.000157743 -2.22265e-05     -37.1519 
          50      9.58739 -0.000158043 -2.19453e-05     -37.1519 
          50      9.68251 -0.000158338  -2.1606e-05     -37.1518 
          50      9.77817 -0.000158624 -2.11714e-05     -37.1517 
          50      9.87422 -0.000158808 -2.08002e-05     -37.1516 
          50      9.97083 -0.000158821 -2.06164e-05     -37.1515 
          50      10.0678 -0.000159247 -2.01084e-05     -37.1515 
          50      10.1654 -0.000159448 -1.99488e-05     -37.1514 
          50      10.2633 -0.000159605 -1.97259e-05     -37.1513 
          50      10.3618 -0.000159747  -1.9452e-05     -37.1512 
          50      10.4607 -0.000159892 -1.91409e-05     -37.1511 
          50      10.5601  -0.00016005 -1.88068e-05      -37.151 
          50        10.66 -0.000160225  -1.8462e-05     -37.1509 
          50      10.7603 -0.000160414 -1.81187e-05     -37.1508 
          50      10.8611 -0.000160613 -1.77855e-05     -37.1507 
          50      10.9623 -0.000160816 -1.74694e-05     -37.1507 
          50      11.0641 -0.000161017 -1.71736e-05     -37.1506 
          50      11.1663 -0.000161211 -1.68986e-05     -37.1505 
          50       11.269 -0.000161395 -1.66422e-05     -37.1504 
          50      11.3721 -0.000161568 -1.63988e-05     -37.1503 
          50      11.4757 -0.000161733 -1.61617e-05     -37.1502 
          50      11.5798 -0.000161895 -1.59222e-05     -37.1501 
          50      11.6844 -0.000162058 -1.56726e-05       -37.15 
          50      11.7894  -0.00016223 -1.54064e-05     -37.1498 
          50       11.895 -0.000162416 -1.51208e-05     -37.1497 
          50      12.0009 -0.000162618 -1.48195e-05     -37.1496 
          50      12.1073  -0.00016283  -1.4514e-05     -37.1495 
          50      12.2142 -0.000163039 -1.42285e-05     -37.1494 
          50      12.3216 -0.000163217 -1.40023e-05     -37.1493 
          50      12.4294 -0.000163305 -1.38393e-05     -37.1492 
          50      12.5378 -0.000163324 -1.36053e-05     -37.1491 
          50      12.6465 -0.000163338 -1.33821e-05      -37.149 
          50      12.7558 -0.000163351 -1.31735e-05     -37.1488 
          50      12.8656 -0.000163368 -1.29812e-05     -37.1487 
          50      12.9757 -0.000163393 -1.28053e-05     -37.1486 
          50      13.0864 -0.000163433  -1.2644e-05     -37.1485 
          50      13.1975 -0.000163488 -1.24949e-05     -37.1484 
          50      13.3092 -0.000163562 -1.23544e-05     -37.1482 
          50      13.4212 -0.000163654 -1.22185e-05     -37.1481 
          50      13.5338 -0.000163759 -1.20819e-05      -37.148 
          50      13.6468 -0.000163872 -1.19384e-05     -37.1478 
          50      13.7603 -0.000163982 -1.17802e-05     -37.1477 
          50      13.8743 -0.000164061 -1.16727e-05     -37.1476 
          50      13.9886 -0.000164126 -1.16021e-05     -37.1474 
          50      14.1036  -0.00016419 -1.15232e-05     -37.1473 
          50      14.2189 -0.000164252 -1.14279e-05     -37.1472 
          50      14.3348 -0.000164315 -1.13142e-05      -37.147 
          50       14.451  -0.00016438 -1.11854e-05     -37.1469 
          50      14.5678 -0.000164446 -1.10493e-05     -37.1468 
          50      14.6851 -0.000164512 -1.09164e-05     -37.1466 
          50      14.8028 -0.000164574 -1.07983e-05     -37.1465 
          50       14.921 -0.000164629 -1.07045e-05     -37.1463 
          50      15.0396 -0.000164674 -1.06402e-05     -37.1462 
          50      15.1588 -0.000164707 -1.06018e-05      -37.146 
          50      15.2783 -0.000164728 -1.05733e-05     -37.1459 
          50      15.3984 -0.000164745 -1.05209e-05     -37.1457 
          50       15.519  -0.00016477 -1.03875e-05     -37.1456 
          50        15.64 -0.000164829 -1.00869e-05     -37.1454 
          50      15.7615 -0.000164768 -1.01402e-05     -37.1452 
          50      15.8834 -0.000164729 -1.01617e-05     -37.1451 
          50      16.0058 -0.000164724 -1.01111e-05     -37.1449 
          50      16.1286 -0.000164743 -1.00219e-05     -37.1448 
          50       16.252 -0.000164776 -9.92003e-06     -37.1446 
          50      16.3759 -0.000164815 -9.82448e-06     -37.1444 
          50      16.5002 -0.000164855 -9.74823e-06     -37.1442 
          50       16.625 -0.000164891 -9.69861e-06     -37.1441 
          50      16.7501 -0.000164921 -9.67847e-06     -37.1439 
          50      16.8759 -0.000164943 -9.68661e-06     -37.1437 
          50       17.002 -0.000164956 -9.71872e-06     -37.1436 
          50      17.1287  -0.00016496 -9.76821e-06     -37.1434 
          50      17.2557 -0.000164956 -9.82686e-06     -37.1432 
          50      17.3834 -0.000164945 -9.88595e-06      -37.143 
          50      17.5115  -0.00016493 -9.93677e-06     -37.1428 
          50      17.6399 -0.000164912 -9.97171e-06     -37.1426 
          50       17.769 -0.000164893 -9.98513e-06     -37.1425 
          50      17.8984 -0.000164875 -9.97414e-06     -37.1423 
          50      18.0284 -0.000164858 -9.93954e-06     -37.1421 
          50      18.1587 -0.000164844 -9.88682e-06     -37.1419 
          50      18.2896 -0.000164833 -9.82683e-06     -37.1417 
          50       18.421 -0.000164822 -9.77698e-06     -37.1415 
          50      18.5528 -0.000164807 -9.70659e-06     -37.1413 
          50      18.6851 -0.000164766 -9.66376e-06     -37.1411 
          50      18.8178 -0.000164699 -9.67908e-06     -37.1409 
          50      18.9511 -0.000164611 -9.74593e-06     -37.1407 
          50      19.0847 -0.000164515 -9.84317e-06     -37.1405 
          50      19.2189 -0.000164428 -9.93305e-06     -37.1403 
          50      19.3535 -0.000164375 -9.95823e-06     -37.1401 
          50      19.4886 -0.000164388 -9.83951e-06     -37.1398 
          50      19.6242 -0.000164509 -9.47279e-06     -37.1396 
          50      19.7602 -0.000164728 -9.27981e-06     -37.1394 
          50      19.8968 -0.000164846  -9.6598e-06     -37.1392 
          50      20.0337 -0.000164892 -9.81182e-06      -37.139 
          50      20.1712 -0.000164883 -9.83402e-06     -37.1387 
          50      20.3091 -0.000164834 -9.80467e-06     -37.1385 
          50      20.4475 -0.000164764 -9.78469e-06     -37.1383 
          50      20.5864 -0.000164689 -9.81974e-06     -37.1381 
          50      20.7257 -0.000164629 -9.94209e-06     -37.1378 
          50      20.8655 -0.000164656 -1.01017e-05     -37.1376 
          50      21.0058 -0.000164728  -1.0225e-05     -37.1374 
          50      21.1465 -0.000164785 -1.03461e-05     -37.1371 
          50      21.2877 -0.000164827 -1.04659e-05     -37.1369 
          50      21.4294 -0.000164856 -1.05864e-05     -37.1366 
          50      21.5716 -0.000164874 -1.07097e-05     -37.1364 
          50      21.7142 -0.000164883 -1.08376e-05     -37.1361 
          50      21.8573 -0.000164887 -1.09713e-05     -37.1359 
          50      22.0008 -0.000164886 -1.11107e-05     -37.1356 
          50      22.1449 -0.000164883 -1.12545e-05     -37.1354 
          50      22.2893 -0.000164879 -1.13998e-05     -37.1351 
          50      22.4344 -0.000164872 -1.15426e-05     -37.1349 
          50      22.5797 -0.000164863 -1.16774e-05     -37.1346 
          50      22.7257  -0.00016485 -1.17983e-05     -37.1344 
          50      22.8721 -0.000164831  -1.1899e-05     -37.1341 
          50      23.0189 -0.000164804  -1.1974e-05     -37.1338 
          50      23.1663 -0.000164768 -1.20193e-05     -37.1335 
          50       23.314 -0.000164724 -1.20339e-05     -37.1333 
          50      23.4623 -0.000164674 -1.20209e-05      -37.133 
          50       23.611 -0.000164624 -1.19895e-05     -37.1327 
          50      23.7602 -0.000164582 -1.19567e-05     -37.1324 
          50        23.91 -0.000164564 -1.19498e-05     -37.1322 
          50        24.06 -0.000164592 -1.20085e-05     -37.1319 
          50      24.2107 -0.000164697 -1.21881e-05     -37.1316 
          50      24.3617 -0.000164555 -1.21477e-05     -37.1313 
          50      24.5133 -0.000164364 -1.19849e-05      -37.131 
          50      24.6653 -0.000164264 -1.18707e-05     -37.1307 
          50      24.8178  -0.00016422 -1.17994e-05     -37.1304 
          50      24.9708 -0.000164205 -1.17651e-05     -37.1301 
          50      25.1242 -0.000164202 -1.17616e-05     -37.1298 
          50      25.2781 -0.000164195 -1.17827e-05     -37.1295 
          50      25.4324 -0.000164178 -1.18225e-05     -37.1292 
          50      25.5873 -0.000164146 -1.18754e-05     -37.1289 
          50      25.7426 -0.000164099 -1.19359e-05     -37.1286 
          50      25.8984  -0.00016404 -1.19995e-05     -37.1283 
          50      26.0546 -0.000163971  -1.2062e-05      -37.128 
          50      26.2114   -0.0001639 -1.21202e-05     -37.1277 
          50      26.3686  -0.00016383 -1.21714e-05     -37.1274 
          50      26.5262 -0.000163769 -1.22138e-05      -37.127 
          50      26.6844 -0.000163722 -1.22466e-05     -37.1267 
          50      26.8429 -0.000163691 -1.22696e-05     -37.1264 
          50       27.002 -0.000163681 -1.22838e-05     -37.1261 
          50      27.1615 -0.000163691 -1.22905e-05     -37.1257 
          50      27.3216 -0.000163721 -1.22921e-05     -37.1254 
          50      27.4821 -0.000163768 -1.22914e-05      -37.125 
          50       27.643 -0.000163827 -1.22918e-05     -37.1247 
          50      27.8044 -0.000163891 -1.22968e-05     -37.1244 
          50      27.9663 -0.000163953 -1.23101e-05      -37.124 
          50      28.1287 -0.000164001 -1.23356e-05     -37.1237 
          50      28.2914 -0.000164026 -1.23762e-05     -37.1233 
          50      28.4548 -0.000164017 -1.24347e-05      -37.123 
          50      28.6185 -0.000163965 -1.25125e-05     -37.1226 
          50      28.7828 -0.000163859 -1.26098e-05     -37.1223 
          50      28.9475 -0.000163696 -1.27249e-05     -37.1219 
          50      29.1126 -0.000163472 -1.28535e-05     -37.1215 
          50      29.2784 -0.000163339 -1.28248e-05     -37.1212 
          50      29.4444   -0.0001633 -1.26394e-05     -37.1208 
          50       29.611  -0.00016329 -1.23293e-05     -37.1204 
          50       29.778 -0.000163339 -1.19801e-05     -37.1201 
          50      29.9456 -0.000163496 -1.23301e-05     -37.1197 
          50      30.1137 -0.000163628 -1.24486e-05     -37.1193 
          50      30.2821  -0.00016363 -1.23195e-05     -37.1189 
          50      30.4511 -0.000163429 -1.21372e-05     -37.1186 
          50      30.6204 -0.000163209  -1.2061e-05     -37.1182 
          50      30.7903 -0.000162994 -1.20653e-05     -37.1178 
          50      30.9606 -0.000162806 -1.21274e-05     -37.1174 
          50      31.1315 -0.000162655 -1.22274e-05      -37.117 
          50      31.3028 -0.000162547 -1.23484e-05     -37.1166 
          50      31.4745 -0.000162486  -1.2476e-05     -37.1162 
          50      31.6468 -0.000162467 -1.25993e-05     -37.1158 
          50      31.8194 -0.000162487 -1.27101e-05     -37.1154 
          50      31.9926 -0.000162536  -1.2803e-05      -37.115 
          50      32.1662 -0.000162607 -1.28752e-05     -37.1146 
          50      32.3404  -0.00016269 -1.29265e-05     -37.1142 
          50      32.5149 -0.000162776 -1.29589e-05     -37.1137 
          50        32.69 -0.000162856 -1.29759e-05     -37.1133 
          50      32.8655 -0.000162923 -1.29829e-05     -37.1129 
          50      33.0414 -0.000162969  -1.2986e-05     -37.1125 
          50       33.218 -0.000162992 -1.29917e-05     -37.1121 
          50      33.3948 -0.000162988 -1.30063e-05     -37.1116 
          50      33.5723 -0.000162958 -1.30353e-05     -37.1112 
          50        33.75 -0.000162903 -1.30823e-05     -37.1108 
          50      33.9284 -0.000162826 -1.31484e-05     -37.1103 
          50      34.1073 -0.000162734 -1.32312e-05     -37.1099 
          50      34.2865 -0.000162632 -1.33235e-05     -37.1094 
          50      34.4663 -0.000162529 -1.34123e-05      -37.109 
          50      34.6465 -0.000162432 -1.34777e-05     -37.1085 
          50      34.8272 -0.000162347  -1.3491e-05     -37.1081 
          50      35.0083  -0.00016228  -1.3414e-05     -37.1076 
          50        35.19 -0.000162231 -1.31964e-05     -37.1072 
          50      35.3721   -0.0001622 -1.27748e-05     -37.1067 
          50      35.5546 -0.000162082 -1.27136e-05     -37.1063 
          50      35.7377 -0.000161904 -1.31253e-05     -37.1058 
          50      35.9211 -0.000161773  -1.3399e-05     -37.1053 
          50      36.1052 -0.000161682 -1.35739e-05     -37.1049 
          50      36.2895 -0.000161621 -1.36811e-05     -37.1044 
          50      36.4745 -0.000161582 -1.37458e-05     -37.1039 
          50      36.6598 -0.000161555 -1.37869e-05     -37.1034 
          50      36.8457 -0.000161535 -1.38185e-05     -37.1029 
          50      37.0321 -0.000161515 -1.38496e-05     -37.1025 
          50      37.2188 -0.000161491 -1.38856e-05      -37.102 
          50      37.4062  -0.00016146 -1.39287e-05     -37.1015 
          50      37.5938 -0.000161421 -1.39784e-05      -37.101 
          50      37.7821 -0.000161376 -1.40326e-05     -37.1005 
          50      37.9707 -0.000161326  -1.4088e-05        -37.1 
          50      38.1599 -0.000161275 -1.41411e-05     -37.0995 
          50      38.3496  -0.00016123 -1.41889e-05      -37.099 
          50      38.5396 -0.000161196 -1.42293e-05     -37.0985 
          50      38.7302  -0.00016118 -1.42626e-05      -37.098 
          50      38.9211  -0.00016119 -1.42914e-05     -37.0975 
          50      39.1127 -0.000161233 -1.43223e-05     -37.0969 
          50      39.3046 -0.000161315 -1.43659e-05     -37.0964 
          50      39.4971 -0.000161439 -1.44383e-05     -37.0959 
          50      39.6899 -0.000161606 -1.45613e-05     -37.0954 
          50      39.8833 -0.000161457 -1.45071e-05     -37.0948 
          50      40.0772 -0.000161257 -1.44231e-05     -37.0943 
          50      40.2714 -0.000161111 -1.43716e-05     -37.0938 
          50      40.4663 -0.000161015 -1.43427e-05     -37.0932 
          50      40.6615  -0.00016096 -1.43276e-05     -37.0927 
          50      40.8573 -0.000160939 -1.43192e-05     -37.0922 
          50      41.0534 -0.000160943 -1.43122e-05     -37.0916 
          50      41.2501 -0.000160965 -1.43033e-05     -37.0911 
          50      41.4473 -0.000160999 -1.42921e-05     -37.0905 
          50      41.6448 -0.000161039 -1.42809e-05       -37.09 
          50      41.8429 -0.000161081 -1.42756e-05     -37.0894 
          50      42.0414 -0.000161125 -1.42863e-05     -37.0888 
          50      42.2405 -0.000161173 -1.43272e-05     -37.0883 
          50      42.4399  -0.00016104  -1.4297e-05     -37.0877 
          50      42.6399 -0.000160826 -1.42293e-05     -37.0871 
          50      42.8404 -0.000160644 -1.41845e-05     -37.0866 
          50      43.0412 -0.000160489 -1.41559e-05      -37.086 
          50      43.2426 -0.000160354 -1.41402e-05     -37.0854 
          50      43.4444 -0.000160235 -1.41362e-05     -37.0848 
          50      43.6467  -0.00016013 -1.41442e-05     -37.0843 
          50      43.8494 -0.000160039 -1.41648e-05     -37.0837 
          50      44.0527 -0.000159963 -1.41985e-05     -37.0831 
          50      44.2563 -0.000159904 -1.42442e-05     -37.0825 
          50      44.4606 -0.000159865 -1.42994e-05     -37.0819 
          50      44.6653 -0.000159851 -1.43588e-05     -37.0813 
          50      44.8704 -0.000159866 -1.44144e-05     -37.0807 
          50       45.076 -0.000159916 -1.44545e-05     -37.0801 
          50       45.282 -0.000160006 -1.44635e-05     -37.0795 
          50      45.4886 -0.000159923 -1.45096e-05     -37.0789 
          50      45.6955 -0.000159793  -1.4545e-05     -37.0783 
          50       45.903 -0.000159677 -1.45516e-05     -37.0776 
          50      46.1111 -0.000159572 -1.45363e-05      -37.077 
          50      46.3194 -0.000159473 -1.45057e-05     -37.0764 
          50      46.5283 -0.000159379 -1.44653e-05     -37.0758 
          50      46.7376 -0.000159289 -1.44201e-05     -37.0752 
          50      46.9475 -0.000159201 -1.43738e-05     -37.0745 
          50      47.1577 -0.000159117 -1.43299e-05     -37.0739 
          50      47.3685 -0.000159038 -1.42906e-05     -37.0733 
          50      47.5798 -0.000158966 -1.42574e-05     -37.0726 
          50      47.7914 -0.000158904 -1.42313e-05      -37.072 
          50      48.0037 -0.000158853 -1.42121e-05     -37.0713 
          50      48.2162 -0.000158815 -1.41993e-05     -37.0707 
          50      48.4294 -0.000158791 -1.41916e-05       -37.07 
          50      48.6429  -0.00015878 -1.41872e-05     -37.0694 
          50       48.857  -0.00015878 -1.41839e-05     -37.0687 
          50      49.0714 -0.000158785 -1.41791e-05     -37.0681 
          50      49.2865 -0.000158786 -1.41703e-05     -37.0674 
          50       49.502  -0.00015877 -1.41544e-05     -37.0668 
          50      49.7179 -0.000158719 -1.41291e-05     -37.0661 
          50      49.9343 -0.000158607 -1.40919e-05     -37.0654 
          50      50.1511 -0.000158403  -1.4041e-05     -37.0647 
          50      50.3685 -0.000158065 -1.39754e-05     -37.0641 
          50      50.5862 -0.000158059 -1.39933e-05     -37.0634 
          50      50.8046 -0.000158195 -1.40366e-05     -37.0627 
          50      51.0234 -0.000158269 -1.40612e-05      -37.062 
          50      51.2425 -0.000158292 -1.40704e-05     -37.0613 
          50      51.4623 -0.000158275 -1.40677e-05     -37.0607 
          50      51.6824 -0.000158229 -1.40566e-05       -37.06 
          50      51.9031 -0.000158161 -1.40407e-05     -37.0593 
          50      52.1241 -0.000158079 -1.40234e-05     -37.0586 
          50      52.3457 -0.000157989 -1.40077e-05     -37.0579 
          50      52.5676 -0.000157897 -1.39964e-05     -37.0572 
          50      52.7902 -0.000157805 -1.39916e-05     -37.0565 
          50      53.0133 -0.000157718 -1.39947e-05     -37.0558 
          50      53.2366 -0.000157635 -1.40066e-05     -37.0551 
          50      53.4606 -0.000157559 -1.40275e-05     -37.0543 
          50      53.6849  -0.00015749 -1.40569e-05     -37.0536 
          50      53.9099 -0.000157425 -1.40936e-05     -37.0529 
          50      54.1351 -0.000157364 -1.41356e-05     -37.0522 
          50       54.361 -0.000157305 -1.41806e-05     -37.0515 
          50      54.5873 -0.000157247 -1.42256e-05     -37.0507 
          50      54.8139 -0.000157186 -1.42675e-05       -37.05 
          50      55.0412 -0.000157122 -1.43028e-05     -37.0493 
          50      55.2688 -0.000157054 -1.43279e-05     -37.0485 
          50       55.497 -0.000156981 -1.43398e-05     -37.0478 
          50      55.7255 -0.000156904 -1.43356e-05     -37.0471 
          50      55.9547 -0.000156828 -1.43134e-05     -37.0463 
          50      56.1844 -0.000156756 -1.42721e-05     -37.0456 
          50      56.4143 -0.000156697 -1.42126e-05     -37.0448 
          50      56.6449 -0.000156661  -1.4137e-05     -37.0441 
          50      56.8757 -0.000156662 -1.40501e-05     -37.0433 
          50      57.1072 -0.000156719 -1.39595e-05     -37.0426 
          50       57.339 -0.000156798 -1.39182e-05     -37.0418 
          50      57.5715 -0.000156677 -1.40472e-05     -37.0411 
          50      57.8042 -0.000156576 -1.41441e-05     -37.0403 
          50      58.0376 -0.000156494 -1.42141e-05     -37.0395 
          50      58.2715 -0.000156426 -1.42623e-05     -37.0388 
          50      58.5057 -0.000156371 -1.42946e-05      -37.038 
          50      58.7405 -0.000156324 -1.43169e-05     -37.0372 
          50      58.9756 -0.000156281 -1.43351e-05     -37.0364 
          50      59.2113 -0.000156237 -1.43551e-05     -37.0357 
          50      59.4473 -0.000156188 -1.43822e-05     -37.0349 
          50       59.684 -0.000156127 -1.44216e-05     -37.0341 
          50      59.9212 -0.000156048 -1.44775e-05     -37.0333 
          50      60.1586 -0.000155944 -1.45534e-05     -37.0325 
          50      60.3967 -0.000155809 -1.46516e-05     -37.0317 
          50      60.6351 -0.000155634 -1.47731e-05      -37.031 
          50      60.8741 -0.000155412 -1.49173e-05     -37.0302 
          50      61.1135 -0.000155134 -1.50816e-05     -37.0294 
          50      61.3534 -0.000155156 -1.51175e-05     -37.0286 
          50      61.5939 -0.000155213 -1.51081e-05     -37.0278 
          50      61.8346 -0.000155242 -1.50833e-05      -37.027 
          50       62.076 -0.000155249 -1.50479e-05     -37.0262 
          50      62.3177 -0.000155236 -1.50059e-05     -37.0254 
          50        62.56 -0.000155206 -1.49605e-05     -37.0245 
          50      62.8026 -0.000155163 -1.49142e-05     -37.0237 
          50      63.0459 -0.000155109 -1.48687e-05     -37.0229 
          50      63.2894 -0.000155047 -1.48253e-05     -37.0221 
          50      63.5336 -0.000154978 -1.47848e-05     -37.0213 
          50      63.7783 -0.000154905 -1.47474e-05     -37.0205 
          50      64.0233 -0.000154829 -1.47134e-05     -37.0197 
          50      64.2689 -0.000154752 -1.46823e-05     -37.0188 
          50      64.5148 -0.000154674 -1.46539e-05      -37.018 
          50      64.7613 -0.000154597 -1.46275e-05     -37.0172 
          50      65.0082  -0.00015452 -1.46025e-05     -37.0163 
          50      65.2557 -0.000154444 -1.45781e-05     -37.0155 
          50      65.5036 -0.000154369 -1.45536e-05     -37.0147 
          50      65.7519 -0.000154295 -1.45286e-05     -37.0138 
          50      66.0008  -0.00015422 -1.45022e-05      -37.013 
          50        66.25 -0.000154143 -1.44741e-05     -37.0122 
          50      66.4998 -0.000154064 -1.44439e-05     -37.0113 
          50        66.75 -0.000153982 -1.44114e-05     -37.0105 
          50      67.0007 -0.000153893 -1.43764e-05     -37.0096 
          50      67.2518 -0.000153798 -1.43391e-05     -37.0088 
          50      67.5035 -0.000153693 -1.42995e-05     -37.0079 
          50      67.7557 -0.000153577 -1.42581e-05     -37.0071 
          50      68.0082 -0.000153447 -1.42152e-05     -37.0062 
          50      68.2614 -0.000153301 -1.41713e-05     -37.0054 
          50      68.5148 -0.000153137 -1.41268e-05     -37.0045 
          50      68.7688 -0.000153141 -1.41754e-05     -37.0037 
          50      69.0232 -0.000153147  -1.4227e-05     -37.0028 
          50      69.2782 -0.000153146 -1.42746e-05      -37.002 
          50      69.5337 -0.000153138 -1.43169e-05     -37.0011 
          50      69.7895 -0.000153121 -1.43526e-05     -37.0002 
          50      70.0459 -0.000153098 -1.43808e-05     -36.9994 
          50      70.3026 -0.000153066 -1.44004e-05     -36.9985 
          50        70.56 -0.000153026  -1.4411e-05     -36.9976 
          50      70.8176 -0.000152977 -1.44124e-05     -36.9968 
          50      71.0759 -0.000152919 -1.44046e-05     -36.9959 
          50      71.3347 -0.000152852 -1.43884e-05      -36.995 
          50      71.5938 -0.000152776 -1.43648e-05     -36.9941 
          50      71.8535 -0.000152692 -1.43357e-05     -36.9933 
          50      72.1135 -0.000152599 -1.43035e-05     -36.9924 
          50      72.3741 -0.000152498 -1.42715e-05     -36.9915 
          50       72.635 -0.000152393 -1.42437e-05     -36.9906 
          50      72.8967 -0.000152284 -1.42253e-05     -36.9897 
          50      73.1585 -0.000152175 -1.42223e-05     -36.9889 
          50      73.4211  -0.00015207  -1.4242e-05      -36.988 
          50      73.6841 -0.000151975  -1.4293e-05     -36.9871 
          50      73.9473 -0.000151896 -1.43851e-05     -36.9862 
          50      74.2113 -0.000151842 -1.45298e-05     -36.9853 
          50      74.4755 -0.000151813 -1.47174e-05     -36.9844 
          50      74.7404 -0.000151674 -1.46047e-05     -36.9835 
          50      75.0056 -0.000151557 -1.45243e-05     -36.9827 
          50      75.2714 -0.000151464 -1.44697e-05     -36.9818 
          50      75.5377 -0.000151394 -1.44349e-05     -36.9809 
          50      75.8043 -0.000151344 -1.44143e-05       -36.98 
          50      76.0715 -0.000151312 -1.44027e-05     -36.9791 
          50       76.339 -0.000151293 -1.43957e-05     -36.9782 
          50      76.6072 -0.000151282  -1.4389e-05     -36.9773 
          50      76.8756 -0.000151273 -1.43791e-05     -36.9764 
          50      77.1448 -0.000151259  -1.4363e-05     -36.9755 
          50      77.4141 -0.000151235 -1.43384e-05     -36.9746 
          50      77.6842 -0.000151192 -1.43036e-05     -36.9737 
          50      77.9547 -0.000151124 -1.42574e-05     -36.9728 
          50      78.2255 -0.000151024 -1.41995e-05     -36.9719 
          50       78.497 -0.000150885 -1.41302e-05      -36.971 
          50      78.7687 -0.000150702 -1.40507e-05     -36.9701 
          50      79.0411 -0.000150468 -1.39629e-05     -36.9692 
          50      79.3138 -0.000150317 -1.39109e-05     -36.9683 
          50      79.5872 -0.000150298 -1.39008e-05     -36.9674 
          50       79.861 -0.000150278 -1.38892e-05     -36.9665 
          50      80.1351 -0.000150254 -1.38767e-05     -36.9656 
          50      80.4098 -0.000150225 -1.38639e-05     -36.9647 
          50      80.6849  -0.00015019 -1.38511e-05     -36.9638 
          50      80.9606 -0.000150148 -1.38385e-05     -36.9629 
          50      81.2365 -0.000150098 -1.38265e-05     -36.9619 
          50      81.5132  -0.00015004  -1.3815e-05      -36.961 
          50      81.7903 -0.000149974 -1.38042e-05     -36.9601 
          50      82.0676 -0.000149899 -1.37941e-05     -36.9592 
          50      82.3457 -0.000149815 -1.37848e-05     -36.9583 
          50       82.624 -0.000149725 -1.37763e-05     -36.9574 
          50       82.903 -0.000149627 -1.37688e-05     -36.9565 
          50      83.1822 -0.000149524 -1.37623e-05     -36.9556 
          50      83.4622 -0.000149417  -1.3757e-05     -36.9547 
          50      83.7424 -0.000149306 -1.37529e-05     -36.9538 
          50      84.0232 -0.000149193 -1.37502e-05     -36.9529 
          50      84.3046 -0.000149081 -1.37488e-05      -36.952 
          50      84.5862 -0.000148971 -1.37487e-05     -36.9511 
          50      84.8685 -0.000148864 -1.37496e-05     -36.9501 
          50       85.151 -0.000148762 -1.37513e-05     -36.9492 
          50      85.4342 -0.000148667 -1.37532e-05     -36.9483 
          50      85.7177  -0.00014858 -1.37542e-05     -36.9474 
          50      86.0019 -0.000148502 -1.37534e-05     -36.9465 
          50      86.2865 -0.000148435 -1.37489e-05     -36.9456 
          50      86.5714 -0.000148378 -1.37387e-05     -36.9447 
          50       86.857 -0.000148332   -1.372e-05     -36.9438 
          50      87.1428 -0.000148295 -1.36893e-05     -36.9429 
          50      87.4293 -0.000148267 -1.36423e-05      -36.942 
          50      87.7161 -0.000148244 -1.35738e-05     -36.9411 
          50      88.0035 -0.000148199 -1.34987e-05     -36.9402 
          50      88.2914 -0.000147976 -1.35707e-05     -36.9393 
          50      88.5796 -0.000147815 -1.36071e-05     -36.9384 
          50      88.8685 -0.000147703 -1.36146e-05     -36.9375 
          50      89.1576 -0.000147627 -1.35992e-05     -36.9366 
          50      89.4474  -0.00014758 -1.35662e-05     -36.9357 
          50      89.7374 -0.000147551   -1.352e-05     -36.9348 
          50      90.0282 -0.000147534 -1.34643e-05     -36.9339 
          50      90.3192 -0.000147522 -1.34024e-05      -36.933 
          50      90.6109 -0.000147511 -1.33368e-05     -36.9321 
          50       90.903 -0.000147496 -1.32697e-05     -36.9312 
          50      91.1954 -0.000147474 -1.32029e-05     -36.9303 
          50      91.4885 -0.000147443 -1.31376e-05     -36.9294 
          50      91.7819 -0.000147401  -1.3075e-05     -36.9285 
          50      92.0759 -0.000147347 -1.30156e-05     -36.9276 
          50      92.3702 -0.000147281   -1.296e-05     -36.9267 
          50      92.6652 -0.000147204 -1.29084e-05     -36.9258 
          50      92.9606 -0.000147115  -1.2861e-05     -36.9249 
          50      93.2563 -0.000147016 -1.28178e-05      -36.924 
          50      93.5527 -0.000146908 -1.27785e-05     -36.9232 
          50      93.8493 -0.000146793  -1.2743e-05     -36.9223 
          50      94.1466 -0.000146673  -1.2711e-05     -36.9214 
          50      94.4442 -0.000146549  -1.2682e-05     -36.9205 
          50      94.7425 -0.000146424 -1.26557e-05     -36.9196 
          50       95.041   -0.0001463 -1.26316e-05     -36.9187 
          50      95.3402 -0.000146179 -1.26092e-05     -36.9179 
          50      95.6399 -0.000146062 -1.25878e-05      -36.917 
          50      95.9398 -0.000145953 -1.25669e-05     -36.9161 
          50      96.2404 -0.000145853 -1.25457e-05     -36.9152 
          50      96.5412 -0.000145763 -1.25233e-05     -36.9144 
          50      96.8428 -0.000145686 -1.24987e-05     -36.9135 
          50      97.1446 -0.000145621 -1.24708e-05     -36.9126 
          50      97.4471 -0.000145572 -1.24381e-05     -36.9118 
          50      97.7501 -0.000145538 -1.23989e-05     -36.9109 
          50      98.0533  -0.00014552 -1.23514e-05       -36.91 
          50      98.3572 -0.000145519 -1.22929e-05     -36.9092 
          50      98.6613 -0.000145534 -1.22208e-05     -36.9083 
          50      98.9662 -0.000145567 -1.21315e-05     -36.9075 
          50      99.2712 -0.000145551 -1.19621e-05     -36.9066 
          50       99.577 -0.000145522 -1.18097e-05     -36.9058 
          50      99.8833 -0.000145486 -1.16854e-05     -36.9049 
          50       100.19  -0.00014544 -1.15849e-05     -36.9041 
          50      100.497 -0.000145382 -1.15032e-05     -36.9032 
          50      100.804 -0.000145313 -1.14349e-05     -36.9024 
          50      101.113 -0.000145233 -1.13738e-05     -36.9016 
          50      101.421 -0.000145141 -1.13132e-05     -36.9007 
          50       101.73 -0.000145041 -1.12455e-05     -36.8999 
          50      102.039 -0.000144934  -1.1163e-05      -36.899 
          50      102.349 -0.000144822 -1.10569e-05     -36.8982 
          50       102.66 -0.000144724 -1.09793e-05     -36.8974 
          50      102.971 -0.000144646  -1.0995e-05     -36.8965 
          50      103.282 -0.000144549 -1.09762e-05     -36.8957 
          50      103.594 -0.000144435 -1.09251e-05     -36.8949 
          50      103.906 -0.000144302 -1.08453e-05     -36.8941 
          50      104.219 -0.000144153 -1.07411e-05     -36.8933 
          50      104.532 -0.000143986 -1.06178e-05     -36.8925 
          50      104.846 -0.000143801 -1.04821e-05     -36.8917 
          50       105.16 -0.000144037 -1.05184e-05     -36.8909 
          50      105.474 -0.000144248 -1.05766e-05     -36.8901 
          50      105.789 -0.000144339   -1.061e-05     -36.8893 
          50      106.105 -0.000144341  -1.0621e-05     -36.8885 
          50      106.421 -0.000144281 -1.06122e-05     -36.8877 
          50      106.738 -0.000144182 -1.05859e-05     -36.8869 
          50      107.055 -0.000144061 -1.05444e-05     -36.8861 
          50      107.372 -0.000143932 -1.04902e-05     -36.8854 
          50       107.69 -0.000143805 -1.04253e-05     -36.8846 
          50      108.008 -0.000143687 -1.03518e-05     -36.8838 
          50      108.327 -0.000143583 -1.02716e-05      -36.883 
          50      108.646 -0.000143495 -1.01866e-05     -36.8823 
          50      108.966 -0.000143424 -1.00984e-05     -36.8815 
          50      109.286  -0.00014337 -1.00085e-05     -36.8807 
          50      109.607 -0.000143329 -9.91818e-06       -36.88 
          50      109.928 -0.000143299 -9.82866e-06     -36.8792 
          50       110.25 -0.000143278 -9.74099e-06     -36.8785 
          50      110.572  -0.00014326 -9.65582e-06     -36.8777 
          50      110.895 -0.000143243 -9.57392e-06      -36.877 
          50      111.218 -0.000143223 -9.49559e-06     -36.8762 
          50      111.541 -0.000143197 -9.42121e-06     -36.8755 
          50      111.865 -0.000143162 -9.35076e-06     -36.8748 
          50       112.19 -0.000143116 -9.28422e-06      -36.874 
          50      112.515 -0.000143058  -9.2214e-06     -36.8733 
          50       112.84 -0.000142988  -9.1618e-06     -36.8726 
          50      113.166 -0.000142906 -9.10501e-06     -36.8719 
          50      113.492 -0.000142814 -9.05028e-06     -36.8711 
          50      113.819 -0.000142712 -8.99696e-06     -36.8704 
          50      114.147 -0.000142605 -8.94414e-06     -36.8697 
          50      114.474 -0.000142495 -8.89101e-06      -36.869 
          50      114.803 -0.000142387 -8.83656e-06     -36.8684 
          50      115.131 -0.000142284  -8.7799e-06     -36.8677 
          50       115.46 -0.000142192 -8.72015e-06      -36.867 
          50       115.79 -0.000142113 -8.65638e-06     -36.8663 
          50       116.12 -0.000142053  -8.5879e-06     -36.8657 
          50      116.451 -0.000142013 -8.51396e-06      -36.865 
          50      116.782 -0.000141995 -8.43421e-06     -36.8643 
          50      117.113 -0.000141999 -8.34825e-06     -36.8637 
          50      117.446 -0.000142023 -8.25615e-06     -36.8631 
          50      117.778 -0.000142063 -8.15828e-06     -36.8624 
          50      118.111 -0.000142109 -8.05517e-06     -36.8618 
          50      118.444 -0.000142151 -7.94807e-06     -36.8612 
          50      118.778 -0.000142172 -7.83838e-06     -36.8605 
          50      119.112 -0.000142149 -7.72837e-06     -36.8599 
          50      119.447 -0.000142056 -7.62062e-06     -36.8593 
          50      119.783 -0.000141858  -7.5186e-06     -36.8587 
          50      120.118 -0.000141512 -7.42655e-06      -36.858 
          50      120.455 -0.000140967 -7.34934e-06     -36.8574 
          50      120.791 -0.000140163 -7.29297e-06     -36.8568 
          50      121.128 -0.000139026 -7.26428e-06     -36.8561 
          50      121.466 -0.000137664 -7.26599e-06     -36.8555 
          50      121.804 -0.000140008 -7.16723e-06     -36.8549 
          50      122.143 -0.000141729 -7.07029e-06     -36.8543 
          50      122.482 -0.000142914 -6.97502e-06     -36.8538 
          50      122.821 -0.000143641 -6.88151e-06     -36.8532 
          50      123.161 -0.000143982 -6.78984e-06     -36.8527 
          50      123.502 -0.000144005 -6.69988e-06     -36.8521 
          50      123.843 -0.000143768 -6.61178e-06     -36.8516 
          50      124.184 -0.000143327 -6.52541e-06     -36.8511 
          50      124.526 -0.000142731 -6.44092e-06     -36.8506 
          50      124.868 -0.000142022 -6.35815e-06     -36.8501 
          50      125.211 -0.000141239 -6.27714e-06     -36.8496 
          50      125.554 -0.000140419 -6.19791e-06     -36.8491 
          50      125.898 -0.000139588 -6.12028e-06     -36.8486 
          50      126.242 -0.000138774 -6.04426e-06     -36.8481 
          50      126.587 -0.000137998 -5.96964e-06     -36.8476 
          50      126.932 -0.000137279 -5.89638e-06     -36.8471 
          50      127.278 -0.000136631 -5.82419e-06     -36.8467 
          50      127.624 -0.000136067 -5.75293e-06     -36.8462 
          50      127.971 -0.000135596 -5.68241e-06     -36.8457 
          50      128.318 -0.000135224 -5.61224e-06     -36.8453 
          50      128.665 -0.000134957 -5.54222e-06     -36.8448 
          50      129.013 -0.000134795 -5.47188e-06     -36.8444 
          50      129.361 -0.000134741 -5.40093e-06     -36.8439 
          50       129.71 -0.000134794 -5.32882e-06     -36.8435 
          50       130.06  -0.00013495  -5.2552e-06     -36.8431 
          50       130.41 -0.000135208 -5.17941e-06     -36.8426 
          50       130.76 -0.000135562 -5.10096e-06     -36.8422 
          50      131.111 -0.000136008 -5.01928e-06     -36.8418 
          50      131.462 -0.000136542 -4.93361e-06     -36.8413 
          50      131.814 -0.000137156 -4.84337e-06     -36.8409 
          50      132.166 -0.000137847 -4.74768e-06     -36.8405 
          50      132.519 -0.000138609 -4.64591e-06     -36.8401 
          50      132.872 -0.000139437 -4.53707e-06     -36.8397 
          50      133.226 -0.000140326 -4.42038e-06     -36.8392 
          50       133.58 -0.000141273 -4.29503e-06     -36.8388 
          50      133.934 -0.000142276 -4.15988e-06     -36.8384 
          50      134.289 -0.000143148 -4.06165e-06      -36.838 
          50      134.645 -0.000144085 -3.98134e-06     -36.8377 
          50          135 -0.000145084 -3.89768e-06     -36.8374 
          50      135.357  -0.00014604 -3.81069e-06      -36.837 
          50      135.714 -0.000146859 -3.72071e-06     -36.8367 
          50      136.071 -0.000147466 -3.62783e-06     -36.8364 
          50      136.429 -0.000147801 -3.53243e-06      -36.836 
          50      136.787 -0.000147822 -3.43491e-06     -36.8357 
          50      137.146 -0.000147504 -3.33543e-06     -36.8354 
          50      137.505 -0.000146836 -3.23451e-06     -36.8351 
          50      137.865 -0.000145827 -3.13234e-06     -36.8349 
          50      138.225 -0.000144499 -3.02943e-06     -36.8346 
          50      138.586  -0.00014289 -2.92595e-06     -36.8343 
          50      138.947 -0.000141051 -2.82229e-06      -36.834 
          50      139.309 -0.000139049 -2.71882e-06     -36.8338 
          50      139.671 -0.000136953 -2.61565e-06     -36.8335 
          50      140.033 -0.000134852 -2.51316e-06     -36.8333 
          50      140.397 -0.000132831 -2.41139e-06     -36.8331 
          50       140.76 -0.000130986 -2.31064e-06     -36.8328 
          50      141.124 -0.000129409 -2.21089e-06     -36.8326 
          50      141.488 -0.000128194 -2.11227e-06     -36.8324 
          50      141.853 -0.000127429 -2.01491e-06     -36.8322 
          50      142.219 -0.000127189 -1.91863e-06     -36.8321 
          50      142.584 -0.000127539 -1.82354e-06     -36.8319 
          50      142.951 -0.000128525 -1.72941e-06     -36.8317 
          50      143.317 -0.000130171 -1.63628e-06     -36.8316 
          50      143.685 -0.000132473 -1.54385e-06     -36.8314 
          50      144.052 -0.000135391 -1.45212e-06     -36.8313 
          50      144.421 -0.000138852 -1.36076e-06     -36.8311 
          50      144.789 -0.000142732 -1.26965e-06      -36.831 
          50      145.158 -0.000146853  -1.1787e-06     -36.8309 
          50      145.528 -0.000150989 -1.08758e-06     -36.8308 
          50      145.898 -0.000154832 -9.96301e-07     -36.8307 
          50      146.269 -0.000158015 -9.04594e-07     -36.8306 
          50       146.64 -0.000160076 -8.12547e-07     -36.8306 
          50      147.011  -0.00016047 -7.20015e-07     -36.8305 
          50      147.383 -0.000158546 -6.27151e-07     -36.8305 
          50      147.755 -0.000153549 -5.34206e-07     -36.8304 
          50      148.128 -0.000144593 -4.41324e-07     -36.8304 
          50      148.502 -0.000130684  -3.4908e-07     -36.8304 
          50      148.876 -0.000110649 -2.57908e-07     -36.8304 
          50       149.25 -8.32178e-05 -1.68715e-07     -36.8304 
          50      149.625 -4.68774e-05 -8.23242e-08     -36.8304 
          50          150           -0           -0     -36.8305 
