Variables = x, y, u, v, p

Zone, I=800, F=POINT
         500            0           -0           -0      3.66999 
         500     0.000234 -7.76833e-06  2.51857e-11      3.66999 
         500     0.000939 -2.94436e-05  4.10456e-10      3.66999 
         500     0.002113 -6.02394e-05  2.07702e-09      3.66999 
         500     0.003759 -9.37771e-05  6.54942e-09      3.66999 
         500     0.005872 -0.000123554  1.58956e-08      3.66999 
         500     0.008457 -0.000145052  3.27436e-08      3.66999 
         500      0.01151 -0.000156719  6.01479e-08      3.66999 
         500     0.015036 -0.000160498   1.0165e-07      3.66999 
         500     0.019031  -0.00016098  1.61041e-07      3.66999 
         500     0.023493 -0.000163669  2.42362e-07      3.66999 
         500     0.028429 -0.000172701  3.50004e-07      3.66999 
         500     0.033831  -0.00018888  4.88129e-07      3.66999 
         500     0.039706 -0.000209142  6.61224e-07      3.66999 
         500     0.046047  -0.00022808  8.73271e-07      3.66999 
         500     0.052863 -0.000241905  1.12855e-06      3.66999 
         500      0.06015 -0.000252975  1.43059e-06      3.66999 
         500       0.0679 -0.000270809  1.78227e-06      3.66999 
         500     0.076126 -0.000300571   2.1869e-06      3.66999 
         500     0.084816 -0.000313914  2.64606e-06      3.66999 
         500     0.093982 -0.000339024  3.16189e-06      3.66999 
         500     0.103611 -0.000362863  3.73445e-06      3.66999 
         500     0.113718 -0.000386357  4.36474e-06      3.66999 
         500     0.124286 -0.000410045    5.051e-06      3.66999 
         500     0.135333 -0.000434206  5.79296e-06      3.66999 
         500      0.14685 -0.000458744  6.58786e-06      3.66999 
         500     0.158827 -0.000483334  7.43205e-06      3.66999 
         500     0.171284  -0.00050761  8.32337e-06      3.66999 
         500     0.184201 -0.000531185  9.25623e-06      3.66999 
         500     0.197599 -0.000553931  1.02274e-05      3.66999 
         500     0.211455 -0.000575865  1.12302e-05      3.66999 
         500     0.225792 -0.000597134  1.22608e-05      3.66999 
         500       0.2406 -0.000617378  1.33127e-05      3.66999 
         500     0.255865 -0.000635692  1.43791e-05      3.66999 
         500     0.271613 -0.000653066  1.54563e-05      3.66999 
         500     0.287818 -0.000668891  1.65366e-05      3.66999 
         500     0.304506 -0.000683156  1.76164e-05      3.66999 
         500      0.32165 -0.000695819  1.86888e-05      3.66999 
         500     0.339278 -0.000706895  1.97507e-05      3.66999 
         500     0.357377 -0.000716386  2.07972e-05      3.66999 
         500      0.37593 -0.000724311  2.18235e-05      3.66999 
         500     0.394968 -0.000730726  2.28283e-05      3.66999 
         500     0.414461 -0.000735677  2.38076e-05      3.66999 
         500      0.43444 -0.000739241  2.47612e-05      3.66999 
         500     0.454872 -0.000741494  2.56863e-05      3.66999 
         500     0.475791 -0.000742528   2.6584e-05      3.66999 
         500     0.497163 -0.000742437  2.74529e-05      3.66999 
         500     0.519021 -0.000741318  2.82953e-05      3.66999 
         500      0.54135 -0.000739266  2.91118e-05      3.66999 
         500     0.564131  -0.00073637  2.99037e-05      3.66999 
         500       0.5874 -0.000732699  3.06753e-05      3.66999 
         500     0.611121 -0.000728304  3.14289e-05      3.66999 
         500      0.63533 -0.000723251  3.21685e-05      3.66999 
         500      0.65999 -0.000717668  3.28934e-05      3.66999 
         500     0.685139 -0.000711559  3.36097e-05      3.66999 
         500     0.710759 -0.000704936  3.43215e-05      3.66999 
         500     0.736828 -0.000697812  3.50328e-05      3.66999 
         500     0.763387 -0.000690181  3.57489e-05      3.66999 
         500     0.790396 -0.000682058  3.64727e-05      3.66999 
         500     0.817896 -0.000673433  3.72086e-05      3.66999 
         500     0.845843 -0.000664323  3.79584e-05      3.66999 
         500     0.874283 -0.000654718  3.87258e-05      3.66999 
         500      0.90317 -0.000644641  3.95113e-05      3.66999 
         500     0.932551 -0.000634087  4.03174e-05      3.66999 
         500     0.962401 -0.000623083  4.11441e-05      3.66999 
         500     0.992697 -0.000611659  4.19904e-05      3.66999 
         500      1.02349  -0.00059983  4.28571e-05      3.66999 
         500      1.05472 -0.000587654  4.37411e-05      3.66999 
         500      1.08645 -0.000575161  4.46417e-05      3.66999 
         500      1.11863  -0.00056243  4.55547e-05      3.66999 
         500       1.1513  -0.00054951  4.64781e-05      3.66999 
         500      1.18444 -0.000536487  4.74071e-05      3.66999 
         500      1.21802 -0.000523457  4.83365e-05      3.66999 
         500      1.25211 -0.000510488  4.92629e-05      3.66999 
         500      1.28663 -0.000497688  5.01796e-05      3.66999 
         500      1.32165 -0.000485122  5.10825e-05      3.66999 
         500      1.35712 -0.000472882  5.19647e-05      3.66999 
         500      1.39308 -0.000460998  5.28219e-05      3.66999 
         500      1.42951 -0.000449498  5.36483e-05      3.66999 
         500      1.46638 -0.000438361  5.44382e-05      3.66999 
         500      1.50375 -0.000427476  5.51883e-05      3.66999 
         500      1.54156 -0.000417083  5.59186e-05      3.66999 
         500      1.57987 -0.000406891  5.66091e-05      3.66999 
         500      1.61863 -0.000396849  5.72585e-05      3.66999 
         500      1.65788   -0.0003869  5.78691e-05      3.66999 
         500      1.69757 -0.000377023  5.84411e-05      3.66999 
         500      1.73776 -0.000367168  5.89765e-05      3.66999 
         500      1.77842 -0.000357314  5.94758e-05      3.66999 
         500      1.81952 -0.000347442  5.99394e-05      3.66999 
         500      1.86113 -0.000337516  6.03687e-05      3.66999 
         500      1.90316 -0.000327534  6.07633e-05      3.66999 
         500      1.94571 -0.000317467  6.11242e-05      3.66999 
         500      1.98869 -0.000307323   6.1451e-05         3.67 
         500      2.03217  -0.00029708  6.17442e-05         3.67 
         500      2.07612 -0.000286745  6.20035e-05         3.67 
         500      2.12051 -0.000276331  6.22284e-05         3.67 
         500       2.1654 -0.000265827   6.2419e-05         3.67 
         500      2.21073  -0.00025526  6.25746e-05         3.67 
         500      2.25656 -0.000244626   6.2695e-05         3.67 
         500      2.30283 -0.000233959  6.27794e-05         3.67 
         500       2.3496  -0.00022326  6.28275e-05         3.67 
         500      2.39685 -0.000212558  6.28387e-05         3.67 
         500      2.44452 -0.000201884  6.28125e-05         3.67 
         500      2.49271 -0.000191246  6.27485e-05         3.67 
         500      2.54132 -0.000180683  6.26462e-05      3.67001 
         500      2.59044 -0.000170204  6.25054e-05      3.67001 
         500         2.64  -0.00015985   6.2326e-05      3.67001 
         500      2.69006  -0.00014963  6.21078e-05      3.67001 
         500      2.74056 -0.000139583  6.18512e-05      3.67001 
         500      2.79156 -0.000129715  6.15562e-05      3.67001 
         500      2.84304 -0.000120055  6.12234e-05      3.67001 
         500      2.89494 -0.000110628  6.08539e-05      3.67001 
         500      2.94735 -0.000101436  6.04479e-05      3.67001 
         500       3.0002 -9.25072e-05  6.00072e-05      3.67002 
         500      3.05355 -8.38397e-05  5.95324e-05      3.67002 
         500      3.10733 -7.54564e-05  5.90256e-05      3.67002 
         500      3.16163 -6.73517e-05  5.84875e-05      3.67002 
         500      3.21639 -5.95385e-05  5.79202e-05      3.67002 
         500      3.27158 -5.20278e-05  5.73259e-05      3.67002 
         500      3.32729 -4.48129e-05  5.67051e-05      3.67002 
         500      3.38342 -3.79113e-05  5.60603e-05      3.67003 
         500      3.44007  -3.1321e-05  5.53917e-05      3.67003 
         500      3.49714 -2.50652e-05  5.47012e-05      3.67003 
         500      3.55472  -1.9153e-05   5.3988e-05      3.67003 
         500      3.61273 -1.36216e-05  5.32527e-05      3.67003 
         500      3.67125 -8.50188e-06  5.24929e-05      3.67003 
         500      3.73025 -3.85274e-06  5.17065e-05      3.67003 
         500      3.78967  4.47985e-07  5.08838e-05      3.67004 
         500      3.84961  4.46964e-06  5.00432e-05      3.67004 
         500      3.90996  8.14054e-06  4.91952e-05      3.67004 
         500      3.97084  1.14631e-05  4.83407e-05      3.67004 
         500      4.03214  1.44315e-05  4.74834e-05      3.67004 
         500      4.09395  1.70532e-05  4.66245e-05      3.67004 
         500      4.15624   1.9331e-05   4.5767e-05      3.67005 
         500      4.21895  2.12717e-05   4.4914e-05      3.67005 
         500      4.28217  2.28886e-05  4.40664e-05      3.67005 
         500      4.34582  2.41918e-05  4.32279e-05      3.67005 
         500      4.40998  2.52177e-05  4.23249e-05      3.67005 
         500      4.47457  2.59688e-05  4.14054e-05      3.67005 
         500      4.53968  2.64559e-05  4.04892e-05      3.67005 
         500      4.60525  2.66926e-05    3.958e-05      3.67006 
         500      4.67125  2.66942e-05  3.86806e-05      3.67006 
         500      4.73777  2.64757e-05  3.77916e-05      3.67006 
         500       4.8047  2.60529e-05  3.69159e-05      3.67006 
         500      4.87216  2.54404e-05  3.60534e-05      3.67006 
         500      4.94003  2.46545e-05   3.5206e-05      3.67006 
         500      5.00843  2.37092e-05  3.43728e-05      3.67007 
         500      5.07724  2.26207e-05   3.3555e-05      3.67007 
         500      5.14658  2.14018e-05  3.27508e-05      3.67007 
         500      5.21639  2.00674e-05  3.19602e-05      3.67007 
         500      5.28661  1.86321e-05  3.11826e-05      3.67007 
         500      5.35736  1.71066e-05  3.04154e-05      3.67007 
         500      5.42852  1.55055e-05  2.96582e-05      3.67008 
         500      5.50021  1.38374e-05  2.89081e-05      3.67008 
         500      5.57231  1.21157e-05  2.81644e-05      3.67008 
         500      5.64493  1.03473e-05  2.74242e-05      3.67008 
         500      5.71803  8.54247e-06  2.66864e-05      3.67008 
         500      5.79154  6.71056e-06  2.59501e-05      3.67008 
         500      5.86558  4.85576e-06  2.52131e-05      3.67008 
         500      5.94003   2.9873e-06  2.44761e-05      3.67009 
         500      6.01501  1.10766e-06  2.37383e-05      3.67009 
         500       6.0904  -7.7531e-07  2.30018e-05      3.67009 
         500      6.16632 -2.66042e-06  2.22679e-05      3.67009 
         500      6.24271 -4.54232e-06  2.15409e-05      3.67009 
         500       6.3195 -6.41584e-06  2.08267e-05      3.67009 
         500      6.39683 -8.28043e-06  2.01315e-05       3.6701 
         500      6.47457 -1.01292e-05  1.94662e-05       3.6701 
         500      6.55284 -1.19605e-05  1.88419e-05       3.6701 
         500      6.63152 -1.37662e-05   1.8275e-05       3.6701 
         500      6.71073 -1.56706e-05  1.75272e-05       3.6701 
         500      6.79034 -1.75518e-05  1.67508e-05       3.6701 
         500      6.87049 -1.93757e-05  1.60157e-05       3.6701 
         500      6.95111 -2.11506e-05   1.5312e-05      3.67011 
         500      7.03214 -2.28834e-05  1.46323e-05      3.67011 
         500       7.1137 -2.45837e-05  1.39689e-05      3.67011 
         500      7.19566 -2.62541e-05  1.33185e-05      3.67011 
         500      7.27816 -2.79015e-05  1.26767e-05      3.67011 
         500      7.36106 -2.95262e-05  1.20427e-05      3.67011 
         500      7.44451 -3.11328e-05   1.1415e-05      3.67011 
         500      7.52842 -3.27213e-05   1.0794e-05      3.67012 
         500      7.61273 -3.42907e-05  1.01812e-05      3.67012 
         500      7.69758 -3.58435e-05   9.5768e-06      3.67012 
         500      7.78283 -3.73765e-05  8.98349e-06      3.67012 
         500      7.86862 -3.88914e-05  8.40197e-06      3.67012 
         500      7.95481 -4.03846e-05  7.83474e-06      3.67012 
         500      8.04155 -4.18574e-05  7.28219e-06      3.67012 
         500      8.12868 -4.33063e-05  6.74603e-06      3.67013 
         500      8.21635 -4.47328e-05  6.22562e-06      3.67013 
         500      8.30449  -4.6135e-05  5.72086e-06      3.67013 
         500      8.39303 -4.75118e-05  5.23071e-06      3.67013 
         500      8.48211 -4.88654e-05    4.752e-06      3.67013 
         500      8.57159 -5.01945e-05  4.28206e-06      3.67013 
         500      8.66161 -5.15026e-05  3.81558e-06      3.67013 
         500      8.75203 -5.27894e-05  3.34768e-06      3.67013 
         500      8.84299 -5.40596e-05  2.87084e-06      3.67014 
         500      8.93443 -5.53152e-05  2.37766e-06      3.67014 
         500      9.02626 -5.65591e-05  1.85982e-06      3.67014 
         500      9.11863 -5.77925e-05  1.33569e-06      3.67014 
         500      9.21139 -5.89712e-05  9.93337e-07      3.67014 
         500      9.30471 -6.01173e-05  6.49972e-07      3.67014 
         500      9.39841 -6.12295e-05  3.06476e-07      3.67014 
         500      9.49267 -6.23114e-05 -3.58106e-08      3.67015 
         500      9.58739 -6.33652e-05 -3.72718e-07      3.67015 
         500      9.68251 -6.43953e-05 -6.97587e-07      3.67015 
         500      9.77817 -6.54116e-05 -1.00147e-06      3.67015 
         500      9.87422 -6.64309e-05 -1.28221e-06      3.67015 
         500      9.97083 -6.75292e-05 -1.66161e-06      3.67015 
         500      10.0678 -6.86011e-05 -2.01521e-06      3.67015 
         500      10.1654 -6.96438e-05 -2.34806e-06      3.67015 
         500      10.2633 -7.06532e-05 -2.66339e-06      3.67016 
         500      10.3618 -7.16306e-05 -2.96482e-06      3.67016 
         500      10.4607 -7.25763e-05 -3.25458e-06      3.67016 
         500      10.5601 -7.34919e-05 -3.53434e-06      3.67016 
         500        10.66 -7.43823e-05  -3.8059e-06      3.67016 
         500      10.7603   -7.525e-05 -4.06967e-06      3.67016 
         500      10.8611 -7.61004e-05 -4.32648e-06      3.67016 
         500      10.9623 -7.69365e-05 -4.57592e-06      3.67016 
         500      11.0641 -7.77637e-05 -4.81802e-06      3.67017 
         500      11.1663 -7.85848e-05 -5.05197e-06      3.67017 
         500       11.269 -7.94021e-05 -5.27675e-06      3.67017 
         500      11.3721 -8.02188e-05  -5.4917e-06      3.67017 
         500      11.4757 -8.10349e-05  -5.6954e-06      3.67017 
         500      11.5798 -8.18514e-05 -5.88707e-06      3.67017 
         500      11.6844 -8.26661e-05 -6.06537e-06      3.67017 
         500      11.7894 -8.34779e-05  -6.2297e-06      3.67018 
         500       11.895 -8.42767e-05 -6.39091e-06      3.67018 
         500      12.0009 -8.50448e-05 -6.55221e-06      3.67018 
         500      12.1073 -8.57781e-05 -6.70569e-06      3.67018 
         500      12.2142   -8.647e-05  -6.8514e-06      3.67018 
         500      12.3216 -8.71179e-05 -6.98991e-06      3.67018 
         500      12.4294 -8.77204e-05 -7.12146e-06      3.67018 
         500      12.5378 -8.82821e-05  -7.2468e-06      3.67018 
         500      12.6465 -8.88121e-05 -7.36641e-06      3.67019 
         500      12.7558 -8.93285e-05 -7.48129e-06      3.67019 
         500      12.8656 -8.98583e-05 -7.59228e-06      3.67019 
         500      12.9757 -9.04402e-05 -7.70036e-06      3.67019 
         500      13.0864 -9.11289e-05 -7.80691e-06      3.67019 
         500      13.1975 -9.19944e-05 -7.91307e-06      3.67019 
         500      13.3092  -9.2954e-05 -8.01956e-06      3.67019 
         500      13.4212 -9.34468e-05 -8.09743e-06       3.6702 
         500      13.5338  -9.3896e-05 -8.12497e-06       3.6702 
         500      13.6468 -9.42968e-05 -8.13413e-06       3.6702 
         500      13.7603 -9.46514e-05 -8.22306e-06       3.6702 
         500      13.8743 -9.50679e-05 -8.28532e-06       3.6702 
         500      13.9886  -9.5527e-05 -8.32833e-06       3.6702 
         500      14.1036 -9.60137e-05 -8.35832e-06       3.6702 
         500      14.2189 -9.65143e-05 -8.38021e-06       3.6702 
         500      14.3348 -9.70191e-05 -8.39791e-06      3.67021 
         500       14.451 -9.75191e-05 -8.41428e-06      3.67021 
         500      14.5678  -9.8009e-05 -8.43135e-06      3.67021 
         500      14.6851 -9.84842e-05 -8.45039e-06      3.67021 
         500      14.8028 -9.89417e-05   -8.472e-06      3.67021 
         500       14.921 -9.93809e-05  -8.4963e-06      3.67021 
         500      15.0396 -9.98012e-05 -8.52292e-06      3.67021 
         500      15.1588 -0.000100204 -8.55124e-06      3.67022 
         500      15.2783 -0.000100591 -8.58032e-06      3.67022 
         500      15.3984 -0.000100963 -8.60919e-06      3.67022 
         500       15.519 -0.000101325 -8.63675e-06      3.67022 
         500        15.64 -0.000101678 -8.66194e-06      3.67022 
         500      15.7615 -0.000102026 -8.68384e-06      3.67022 
         500      15.8834 -0.000102371 -8.70165e-06      3.67022 
         500      16.0058  -0.00010271 -8.70989e-06      3.67023 
         500      16.1286 -0.000103033  -8.6942e-06      3.67023 
         500       16.252 -0.000103354 -8.66651e-06      3.67023 
         500      16.3759 -0.000103674 -8.62749e-06      3.67023 
         500      16.5002 -0.000103995 -8.57819e-06      3.67023 
         500       16.625 -0.000104319  -8.5199e-06      3.67023 
         500      16.7501 -0.000104644 -8.45433e-06      3.67024 
         500      16.8759 -0.000104971 -8.38326e-06      3.67024 
         500       17.002 -0.000105298 -8.30886e-06      3.67024 
         500      17.1287 -0.000105623 -8.23315e-06      3.67024 
         500      17.2557 -0.000105941 -8.15835e-06      3.67024 
         500      17.3834 -0.000106252 -8.08635e-06      3.67024 
         500      17.5115 -0.000106551 -8.01894e-06      3.67025 
         500      17.6399 -0.000106834 -7.95748e-06      3.67025 
         500       17.769 -0.000107099 -7.90261e-06      3.67025 
         500      17.8984 -0.000107344 -7.85436e-06      3.67025 
         500      18.0284 -0.000107569 -7.81161e-06      3.67025 
         500      18.1587 -0.000107775 -7.77214e-06      3.67025 
         500      18.2896 -0.000107968  -7.7321e-06      3.67026 
         500       18.421 -0.000108154 -7.68595e-06      3.67026 
         500      18.5528 -0.000108347 -7.62604e-06      3.67026 
         500      18.6851 -0.000108563 -7.54214e-06      3.67026 
         500      18.8178 -0.000108828 -7.42142e-06      3.67026 
         500      18.9511 -0.000109173 -7.24746e-06      3.67026 
         500      19.0847 -0.000109447 -7.17638e-06      3.67027 
         500      19.2189 -0.000109606  -7.2353e-06      3.67027 
         500      19.3535  -0.00010968 -7.39786e-06      3.67027 
         500      19.4886  -0.00010971 -7.56533e-06      3.67027 
         500      19.6242 -0.000109848 -7.42104e-06      3.67027 
         500      19.7602 -0.000110011 -7.28844e-06      3.67028 
         500      19.8968 -0.000110191 -7.16795e-06      3.67028 
         500      20.0337 -0.000110381 -7.05991e-06      3.67028 
         500      20.1712 -0.000110573 -6.96385e-06      3.67028 
         500      20.3091 -0.000110763 -6.87926e-06      3.67028 
         500      20.4475 -0.000110948 -6.80507e-06      3.67028 
         500      20.5864 -0.000111125 -6.74016e-06      3.67029 
         500      20.7257 -0.000111293 -6.68321e-06      3.67029 
         500      20.8655 -0.000111452 -6.63268e-06      3.67029 
         500      21.0058 -0.000111601 -6.58712e-06      3.67029 
         500      21.1465 -0.000111741 -6.54496e-06      3.67029 
         500      21.2877 -0.000111873 -6.50478e-06       3.6703 
         500      21.4294 -0.000111998 -6.46514e-06       3.6703 
         500      21.5716 -0.000112119 -6.42482e-06       3.6703 
         500      21.7142 -0.000112235 -6.38277e-06       3.6703 
         500      21.8573 -0.000112349 -6.33803e-06       3.6703 
         500      22.0008 -0.000112463 -6.28997e-06      3.67031 
         500      22.1449 -0.000112576 -6.23808e-06      3.67031 
         500      22.2893 -0.000112691  -6.1822e-06      3.67031 
         500      22.4344 -0.000112808 -6.12225e-06      3.67031 
         500      22.5797 -0.000112928 -6.05856e-06      3.67032 
         500      22.7257 -0.000113049 -5.99147e-06      3.67032 
         500      22.8721 -0.000113172 -5.92165e-06      3.67032 
         500      23.0189 -0.000113296  -5.8499e-06      3.67032 
         500      23.1663  -0.00011342 -5.77696e-06      3.67032 
         500       23.314 -0.000113542 -5.70383e-06      3.67033 
         500      23.4623 -0.000113661 -5.63124e-06      3.67033 
         500       23.611 -0.000113775 -5.56001e-06      3.67033 
         500      23.7602 -0.000113882 -5.49053e-06      3.67033 
         500        23.91 -0.000113981 -5.42301e-06      3.67034 
         500        24.06  -0.00011407 -5.35721e-06      3.67034 
         500      24.2107 -0.000114148  -5.2921e-06      3.67034 
         500      24.3617 -0.000114216 -5.22614e-06      3.67034 
         500      24.5133 -0.000114274  -5.1566e-06      3.67035 
         500      24.6653 -0.000114324 -5.07985e-06      3.67035 
         500      24.8178  -0.00011437 -4.99068e-06      3.67035 
         500      24.9708 -0.000114416 -4.88247e-06      3.67035 
         500      25.1242 -0.000114472 -4.74683e-06      3.67036 
         500      25.2781 -0.000114533 -4.61107e-06      3.67036 
         500      25.4324 -0.000114559 -4.61085e-06      3.67036 
         500      25.5873 -0.000114623 -4.57508e-06      3.67036 
         500      25.7426 -0.000114718 -4.51841e-06      3.67037 
         500      25.8984 -0.000114836 -4.45724e-06      3.67037 
         500      26.0546 -0.000114963 -4.40933e-06      3.67037 
         500      26.2114 -0.000115083 -4.39267e-06      3.67037 
         500      26.3686 -0.000115097 -4.33249e-06      3.67038 
         500      26.5262 -0.000115029 -4.19745e-06      3.67038 
         500      26.6844 -0.000114984 -4.08445e-06      3.67038 
         500      26.8429 -0.000114965 -3.98947e-06      3.67039 
         500       27.002 -0.000114972 -3.90778e-06      3.67039 
         500      27.1615  -0.00011501 -3.83471e-06      3.67039 
         500      27.3216 -0.000115082 -3.76524e-06      3.67039 
         500      27.4821 -0.000115195 -3.69459e-06       3.6704 
         500       27.643 -0.000115357 -3.61817e-06       3.6704 
         500      27.8044 -0.000115467 -3.57418e-06       3.6704 
         500      27.9663 -0.000115445 -3.58433e-06      3.67041 
         500      28.1287 -0.000115436 -3.58905e-06      3.67041 
         500      28.2914 -0.000115437 -3.58934e-06      3.67041 
         500      28.4548 -0.000115448 -3.58607e-06      3.67041 
         500      28.6185 -0.000115468 -3.57999e-06      3.67042 
         500      28.7828 -0.000115495 -3.57173e-06      3.67042 
         500      28.9475 -0.000115529 -3.56182e-06      3.67042 
         500      29.1126 -0.000115567 -3.55067e-06      3.67043 
         500      29.2784  -0.00011561 -3.53857e-06      3.67043 
         500      29.4444 -0.000115656 -3.52578e-06      3.67043 
         500       29.611 -0.000115705 -3.51241e-06      3.67044 
         500       29.778 -0.000115755 -3.49856e-06      3.67044 
         500      29.9456 -0.000115805  -3.4842e-06      3.67044 
         500      30.1137 -0.000115855 -3.46927e-06      3.67045 
         500      30.2821 -0.000115903 -3.45369e-06      3.67045 
         500      30.4511 -0.000115951 -3.43728e-06      3.67045 
         500      30.6204 -0.000115996 -3.41987e-06      3.67046 
         500      30.7903 -0.000116038 -3.40122e-06      3.67046 
         500      30.9606 -0.000116078 -3.38113e-06      3.67046 
         500      31.1315 -0.000116115 -3.35934e-06      3.67047 
         500      31.3028 -0.000116148 -3.33562e-06      3.67047 
         500      31.4745 -0.000116178 -3.30975e-06      3.67047 
         500      31.6468 -0.000116205  -3.2815e-06      3.67048 
         500      31.8194 -0.000116229 -3.25071e-06      3.67048 
         500      31.9926 -0.000116251 -3.21719e-06      3.67048 
         500      32.1662  -0.00011627 -3.18089e-06      3.67049 
         500      32.3404 -0.000116287  -3.1417e-06      3.67049 
         500      32.5149 -0.000116302 -3.09969e-06       3.6705 
         500        32.69 -0.000116316 -3.05487e-06       3.6705 
         500      32.8655  -0.00011633 -3.00745e-06       3.6705 
         500      33.0414 -0.000116344 -2.95772e-06      3.67051 
         500       33.218 -0.000116359 -2.90593e-06      3.67051 
         500      33.3948 -0.000116374 -2.85264e-06      3.67051 
         500      33.5723 -0.000116391 -2.79832e-06      3.67052 
         500        33.75 -0.000116409 -2.74376e-06      3.67052 
         500      33.9284 -0.000116429 -2.68968e-06      3.67053 
         500      34.1073  -0.00011645 -2.63712e-06      3.67053 
         500      34.2865 -0.000116474  -2.5872e-06      3.67053 
         500      34.4663 -0.000116498 -2.54113e-06      3.67054 
         500      34.6465 -0.000116523  -2.5004e-06      3.67054 
         500      34.8272 -0.000116546 -2.46656e-06      3.67055 
         500      35.0083 -0.000116568 -2.44143e-06      3.67055 
         500        35.19 -0.000116585 -2.42694e-06      3.67056 
         500      35.3721 -0.000116595 -2.42528e-06      3.67056 
         500      35.5546 -0.000116596 -2.43877e-06      3.67056 
         500      35.7377 -0.000116583 -2.47001e-06      3.67057 
         500      35.9211 -0.000116554 -2.50661e-06      3.67057 
         500      36.1052 -0.000116527 -2.50201e-06      3.67058 
         500      36.2895 -0.000116509 -2.49132e-06      3.67058 
         500      36.4745 -0.000116497 -2.47581e-06      3.67059 
         500      36.6598  -0.00011649 -2.45667e-06      3.67059 
         500      36.8457 -0.000116488 -2.43493e-06      3.67059 
         500      37.0321  -0.00011649 -2.41156e-06       3.6706 
         500      37.2188 -0.000116494 -2.38741e-06       3.6706 
         500      37.4062 -0.000116501 -2.36317e-06      3.67061 
         500      37.5938 -0.000116509  -2.3395e-06      3.67061 
         500      37.7821 -0.000116519 -2.31685e-06      3.67062 
         500      37.9707  -0.00011653 -2.29567e-06      3.67062 
         500      38.1599 -0.000116542  -2.2762e-06      3.67063 
         500      38.3496 -0.000116556 -2.25863e-06      3.67063 
         500      38.5396 -0.000116571 -2.24302e-06      3.67064 
         500      38.7302 -0.000116587 -2.22928e-06      3.67064 
         500      38.9211 -0.000116605 -2.21726e-06      3.67065 
         500      39.1127 -0.000116624 -2.20665e-06      3.67065 
         500      39.3046 -0.000116646 -2.19703e-06      3.67066 
         500      39.4971  -0.00011667 -2.18787e-06      3.67066 
         500      39.6899 -0.000116696  -2.1785e-06      3.67067 
         500      39.8833 -0.000116724 -2.16811e-06      3.67067 
         500      40.0772 -0.000116755  -2.1558e-06      3.67068 
         500      40.2714 -0.000116789 -2.14051e-06      3.67068 
         500      40.4663 -0.000116826 -2.12102e-06      3.67069 
         500      40.6615 -0.000116865 -2.09602e-06      3.67069 
         500      40.8573 -0.000116907 -2.06399e-06       3.6707 
         500      41.0534 -0.000116951 -2.02335e-06       3.6707 
         500      41.2501 -0.000116997 -1.97222e-06      3.67071 
         500      41.4473 -0.000117024 -1.96362e-06      3.67071 
         500      41.6448 -0.000117034  -1.9789e-06      3.67072 
         500      41.8429 -0.000117036 -1.99315e-06      3.67072 
         500      42.0414 -0.000117031 -2.00537e-06      3.67073 
         500      42.2405 -0.000117022 -2.01475e-06      3.67073 
         500      42.4399 -0.000117008 -2.02059e-06      3.67074 
         500      42.6399 -0.000116992 -2.02234e-06      3.67074 
         500      42.8404 -0.000116974 -2.01964e-06      3.67075 
         500      43.0412 -0.000116957 -2.01226e-06      3.67076 
         500      43.2426  -0.00011694 -2.00017e-06      3.67076 
         500      43.4444 -0.000116926 -1.98353e-06      3.67077 
         500      43.6467 -0.000116916 -1.96264e-06      3.67077 
         500      43.8494 -0.000116909 -1.93807e-06      3.67078 
         500      44.0527 -0.000116906 -1.91051e-06      3.67079 
         500      44.2563 -0.000116908 -1.88091e-06      3.67079 
         500      44.4606 -0.000116915 -1.85035e-06       3.6708 
         500      44.6653 -0.000116925 -1.82019e-06       3.6708 
         500      44.8704 -0.000116938 -1.79198e-06      3.67081 
         500       45.076 -0.000116952 -1.76742e-06      3.67082 
         500       45.282 -0.000116964 -1.74849e-06      3.67082 
         500      45.4886 -0.000116973 -1.73729e-06      3.67083 
         500      45.6955 -0.000116973 -1.73619e-06      3.67083 
         500       45.903  -0.00011696 -1.74771e-06      3.67084 
         500      46.1111 -0.000116928 -1.77458e-06      3.67085 
         500      46.3194 -0.000116872 -1.81443e-06      3.67085 
         500      46.5283 -0.000116841 -1.73787e-06      3.67086 
         500      46.7376 -0.000116834 -1.68664e-06      3.67087 
         500      46.9475 -0.000116842 -1.65373e-06      3.67087 
         500      47.1577 -0.000116859 -1.63331e-06      3.67088 
         500      47.3685  -0.00011688  -1.6205e-06      3.67088 
         500      47.5798 -0.000116899 -1.61143e-06      3.67089 
         500      47.7914 -0.000116914 -1.60311e-06       3.6709 
         500      48.0037 -0.000116924 -1.59341e-06       3.6709 
         500      48.2162 -0.000116928 -1.58099e-06      3.67091 
         500      48.4294 -0.000116927  -1.5652e-06      3.67092 
         500      48.6429  -0.00011692 -1.54613e-06      3.67093 
         500       48.857 -0.000116911 -1.52438e-06      3.67093 
         500      49.0714 -0.000116899 -1.50118e-06      3.67094 
         500      49.2865 -0.000116887 -1.47816e-06      3.67095 
         500       49.502 -0.000116877 -1.45739e-06      3.67095 
         500      49.7179 -0.000116871  -1.4413e-06      3.67096 
         500      49.9343 -0.000116868 -1.43253e-06      3.67097 
         500      50.1511 -0.000116872 -1.43396e-06      3.67097 
         500      50.3685  -0.00011688  -1.4486e-06      3.67098 
         500      50.5862 -0.000116894 -1.47946e-06      3.67099 
         500      50.8046 -0.000116912 -1.52962e-06        3.671 
         500      51.0234 -0.000116968 -1.55512e-06        3.671 
         500      51.2425 -0.000117013 -1.57585e-06      3.67101 
         500      51.4623 -0.000117047 -1.59302e-06      3.67102 
         500      51.6824  -0.00011707 -1.60654e-06      3.67103 
         500      51.9031 -0.000117084 -1.61652e-06      3.67103 
         500      52.1241 -0.000117091 -1.62314e-06      3.67104 
         500      52.3457  -0.00011709 -1.62674e-06      3.67105 
         500      52.5676 -0.000117084 -1.62772e-06      3.67106 
         500      52.7902 -0.000117074 -1.62654e-06      3.67106 
         500      53.0133  -0.00011706 -1.62374e-06      3.67107 
         500      53.2366 -0.000117044 -1.61988e-06      3.67108 
         500      53.4606 -0.000117027  -1.6155e-06      3.67109 
         500      53.6849 -0.000117009 -1.61116e-06       3.6711 
         500      53.9099 -0.000116991 -1.60734e-06       3.6711 
         500      54.1351 -0.000116973 -1.60447e-06      3.67111 
         500       54.361 -0.000116957  -1.6029e-06      3.67112 
         500      54.5873 -0.000116942 -1.60282e-06      3.67113 
         500      54.8139 -0.000116929 -1.60428e-06      3.67114 
         500      55.0412 -0.000116918 -1.60715e-06      3.67114 
         500      55.2688 -0.000116909 -1.61107e-06      3.67115 
         500       55.497 -0.000116902 -1.61543e-06      3.67116 
         500      55.7255 -0.000116896 -1.61934e-06      3.67117 
         500      55.9547 -0.000116893 -1.62158e-06      3.67118 
         500      56.1844 -0.000116892 -1.62055e-06      3.67119 
         500      56.4143 -0.000116894 -1.61427e-06       3.6712 
         500      56.6449 -0.000116898  -1.6003e-06       3.6712 
         500      56.8757 -0.000116906 -1.57573e-06      3.67121 
         500      57.1072 -0.000116918 -1.53708e-06      3.67122 
         500       57.339 -0.000116935 -1.48036e-06      3.67123 
         500      57.5715  -0.00011696 -1.40082e-06      3.67124 
         500      57.8042 -0.000116994 -1.29326e-06      3.67125 
         500      58.0376 -0.000117024 -1.18846e-06      3.67126 
         500      58.2715 -0.000116982 -1.26775e-06      3.67127 
         500      58.5057 -0.000116961  -1.3343e-06      3.67128 
         500      58.7405 -0.000116955   -1.389e-06      3.67128 
         500      58.9756 -0.000116962 -1.43257e-06      3.67129 
         500      59.2113 -0.000116978 -1.46595e-06       3.6713 
         500      59.4473 -0.000116999 -1.48994e-06      3.67131 
         500       59.684 -0.000117023 -1.50547e-06      3.67132 
         500      59.9212  -0.00011705  -1.5134e-06      3.67133 
         500      60.1586 -0.000117076  -1.5146e-06      3.67134 
         500      60.3967 -0.000117101 -1.50995e-06      3.67135 
         500      60.6351 -0.000117123 -1.50029e-06      3.67136 
         500      60.8741 -0.000117143 -1.48642e-06      3.67137 
         500      61.1135  -0.00011716 -1.46916e-06      3.67138 
         500      61.3534 -0.000117174 -1.44921e-06      3.67139 
         500      61.5939 -0.000117184 -1.42729e-06       3.6714 
         500      61.8346 -0.000117191 -1.40405e-06      3.67141 
         500       62.076 -0.000117196 -1.38005e-06      3.67142 
         500      62.3177 -0.000117198 -1.35586e-06      3.67143 
         500        62.56 -0.000117199  -1.3319e-06      3.67144 
         500      62.8026 -0.000117198  -1.3086e-06      3.67145 
         500      63.0459 -0.000117195 -1.28626e-06      3.67146 
         500      63.2894 -0.000117193 -1.26516e-06      3.67147 
         500      63.5336  -0.00011719 -1.24546e-06      3.67148 
         500      63.7783 -0.000117188 -1.22727e-06      3.67149 
         500      64.0233 -0.000117186 -1.21064e-06       3.6715 
         500      64.2689 -0.000117185 -1.19551e-06      3.67151 
         500      64.5148 -0.000117185  -1.1818e-06      3.67152 
         500      64.7613 -0.000117186 -1.16929e-06      3.67153 
         500      65.0082 -0.000117189 -1.15776e-06      3.67154 
         500      65.2557 -0.000117192 -1.14689e-06      3.67155 
         500      65.5036 -0.000117195 -1.13632e-06      3.67157 
         500      65.7519 -0.000117199 -1.12564e-06      3.67158 
         500      66.0008 -0.000117203 -1.11437e-06      3.67159 
         500        66.25 -0.000117206 -1.10204e-06       3.6716 
         500      66.4998 -0.000117207 -1.08808e-06      3.67161 
         500        66.75 -0.000117206 -1.07199e-06      3.67162 
         500      67.0007 -0.000117203 -1.05317e-06      3.67163 
         500      67.2518 -0.000117196 -1.03111e-06      3.67164 
         500      67.5035 -0.000117184 -1.00524e-06      3.67165 
         500      67.7557 -0.000117168  -9.7507e-07      3.67167 
         500      68.0082 -0.000117146 -9.40175e-07      3.67168 
         500      68.2614 -0.000117119 -9.00104e-07      3.67169 
         500      68.5148 -0.000117085 -8.54609e-07       3.6717 
         500      68.7688 -0.000117044 -8.03404e-07      3.67171 
         500      69.0232 -0.000116997 -7.46479e-07      3.67173 
         500      69.2782 -0.000116945 -6.83795e-07      3.67174 
         500      69.5337 -0.000116887 -6.15612e-07      3.67175 
         500      69.7895 -0.000116826 -5.42401e-07      3.67176 
         500      70.0459 -0.000116885 -5.33674e-07      3.67177 
         500      70.3026 -0.000117041    -5.86e-07      3.67179 
         500        70.56 -0.000117169 -6.34075e-07       3.6718 
         500      70.8176 -0.000117269 -6.84804e-07      3.67181 
         500      71.0759 -0.000117254 -7.23827e-07      3.67182 
         500      71.3347 -0.000117056 -7.05764e-07      3.67183 
         500      71.5938 -0.000116936 -6.90151e-07      3.67185 
         500      71.8535  -0.00011688 -6.80782e-07      3.67186 
         500      72.1135 -0.000116873 -6.80808e-07      3.67187 
         500      72.3741 -0.000116905 -6.92727e-07      3.67188 
         500       72.635 -0.000116964 -7.18424e-07       3.6719 
         500      72.8967 -0.000117044 -7.59297e-07      3.67191 
         500      73.1585 -0.000117136 -8.16135e-07      3.67192 
         500      73.4211 -0.000117185 -7.93915e-07      3.67194 
         500      73.6841  -0.00011722 -7.79201e-07      3.67195 
         500      73.9473 -0.000117242 -7.69906e-07      3.67196 
         500      74.2113 -0.000117249 -7.63425e-07      3.67198 
         500      74.4755 -0.000117245 -7.57789e-07      3.67199 
         500      74.7404  -0.00011723 -7.51548e-07        3.672 
         500      75.0056 -0.000117205 -7.43741e-07      3.67202 
         500      75.2714 -0.000117173 -7.33787e-07      3.67203 
         500      75.5377 -0.000117135 -7.21468e-07      3.67204 
         500      75.8043 -0.000117092  -7.0685e-07      3.67206 
         500      76.0715 -0.000117048 -6.90192e-07      3.67207 
         500       76.339 -0.000117002 -6.71972e-07      3.67209 
         500      76.6072 -0.000116958 -6.52733e-07       3.6721 
         500      76.8756 -0.000116917 -6.33153e-07      3.67211 
         500      77.1448  -0.00011688 -6.13881e-07      3.67213 
         500      77.4141 -0.000116849 -5.95617e-07      3.67214 
         500      77.6842 -0.000116825 -5.78962e-07      3.67216 
         500      77.9547 -0.000116808  -5.6449e-07      3.67217 
         500      78.2255   -0.0001168 -5.52667e-07      3.67219 
         500       78.497 -0.000116801 -5.43813e-07       3.6722 
         500      78.7687 -0.000116811 -5.38143e-07      3.67222 
         500      79.0411  -0.00011683   -5.357e-07      3.67223 
         500      79.3138 -0.000116857 -5.36388e-07      3.67224 
         500      79.5872 -0.000116893  -5.3995e-07      3.67226 
         500       79.861 -0.000116936 -5.45976e-07      3.67227 
         500      80.1351 -0.000116985  -5.5391e-07      3.67229 
         500      80.4098 -0.000117038 -5.63088e-07       3.6723 
         500      80.6849 -0.000117095 -5.72719e-07      3.67232 
         500      80.9606 -0.000117154 -5.81968e-07      3.67234 
         500      81.2365 -0.000117212 -5.89933e-07      3.67235 
         500      81.5132 -0.000117267 -5.95743e-07      3.67237 
         500      81.7903 -0.000117318  -5.9856e-07      3.67238 
         500      82.0676 -0.000117362 -5.97668e-07       3.6724 
         500      82.3457 -0.000117398 -5.92522e-07      3.67241 
         500       82.624 -0.000117422 -5.82836e-07      3.67243 
         500       82.903 -0.000117434 -5.68624e-07      3.67244 
         500      83.1822 -0.000117432 -5.50359e-07      3.67246 
         500      83.4622 -0.000117413 -5.28971e-07      3.67248 
         500      83.7424 -0.000117379 -5.06072e-07      3.67249 
         500      84.0232 -0.000117327 -4.83937e-07      3.67251 
         500      84.3046 -0.000117258 -4.65757e-07      3.67252 
         500      84.5862 -0.000117173 -4.55697e-07      3.67254 
         500      84.8685 -0.000117074 -4.59034e-07      3.67256 
         500       85.151 -0.000116986 -4.89047e-07      3.67257 
         500      85.4342 -0.000116957 -5.32915e-07      3.67259 
         500      85.7177 -0.000116939 -5.63671e-07      3.67261 
         500      86.0019 -0.000116929 -5.83893e-07      3.67263 
         500      86.2865 -0.000116927 -5.95788e-07      3.67264 
         500      86.5714 -0.000116932 -6.01315e-07      3.67266 
         500       86.857 -0.000116943 -6.02187e-07      3.67268 
         500      87.1428 -0.000116959 -5.99866e-07       3.6727 
         500      87.4293  -0.00011698 -5.95595e-07      3.67272 
         500      87.7161 -0.000117004 -5.90427e-07      3.67274 
         500      88.0035 -0.000117033 -5.85222e-07      3.67275 
         500      88.2914 -0.000117064 -5.80689e-07      3.67277 
         500      88.5796 -0.000117098 -5.77398e-07      3.67279 
         500      88.8685 -0.000117133 -5.75788e-07      3.67281 
         500      89.1576 -0.000117169 -5.76207e-07      3.67283 
         500      89.4474 -0.000117205 -5.78921e-07      3.67284 
         500      89.7374 -0.000117239 -5.84132e-07      3.67286 
         500      90.0282  -0.00011727 -5.92018e-07      3.67288 
         500      90.3192 -0.000117295 -6.02715e-07      3.67289 
         500      90.6109 -0.000117314 -6.16397e-07      3.67291 
         500       90.903 -0.000117322 -6.33238e-07      3.67293 
         500      91.1954 -0.000117319 -6.53446e-07      3.67294 
         500      91.4885 -0.000117299 -6.77351e-07      3.67296 
         500      91.7819 -0.000117261 -7.01075e-07      3.67297 
         500      92.0759 -0.000117236 -6.73503e-07      3.67299 
         500      92.3702 -0.000117213 -6.50828e-07      3.67301 
         500      92.6652 -0.000117192 -6.32481e-07      3.67303 
         500      92.9606 -0.000117174 -6.17947e-07      3.67305 
         500      93.2563 -0.000117157 -6.06698e-07      3.67307 
         500      93.5527 -0.000117142 -5.98186e-07      3.67309 
         500      93.8493 -0.000117129 -5.91913e-07      3.67311 
         500      94.1466 -0.000117117 -5.87379e-07      3.67313 
         500      94.4442 -0.000117106 -5.84129e-07      3.67315 
         500      94.7425 -0.000117096 -5.81731e-07      3.67317 
         500       95.041 -0.000117087 -5.79807e-07      3.67319 
         500      95.3402 -0.000117079 -5.78016e-07      3.67321 
         500      95.6399 -0.000117072 -5.76081e-07      3.67323 
         500      95.9398 -0.000117066 -5.73781e-07      3.67325 
         500      96.2404 -0.000117062 -5.70958e-07      3.67326 
         500      96.5412 -0.000117059 -5.67534e-07      3.67328 
         500      96.8428 -0.000117058 -5.63495e-07       3.6733 
         500      97.1446 -0.000117058 -5.58921e-07      3.67332 
         500      97.4471  -0.00011706 -5.53966e-07      3.67334 
         500      97.7501 -0.000117063 -5.48882e-07      3.67336 
         500      98.0533 -0.000117066 -5.44017e-07      3.67338 
         500      98.3572  -0.00011707 -5.39805e-07      3.67339 
         500      98.6613 -0.000117072 -5.36794e-07      3.67341 
         500      98.9662 -0.000117071 -5.35626e-07      3.67344 
         500      99.2712 -0.000117065 -5.37054e-07      3.67346 
         500       99.577 -0.000117051 -5.41942e-07      3.67348 
         500      99.8833 -0.000117024 -5.51265e-07      3.67351 
         500       100.19 -0.000116981 -5.66092e-07      3.67353 
         500      100.497 -0.000116915 -5.87647e-07      3.67356 
         500      100.804  -0.00011682 -6.17205e-07       3.6736 
         500      101.113 -0.000116688 -6.56242e-07      3.67363 
         500      101.421 -0.000116579 -6.96509e-07      3.67367 
         500       101.73 -0.000117209  -6.2346e-07      3.67371 
         500      102.039 -0.000117596 -5.62836e-07      3.67374 
         500      102.349 -0.000117794 -5.13355e-07      3.67377 
         500       102.66 -0.000117848 -4.73933e-07      3.67378 
         500      102.971 -0.000117798   -4.435e-07      3.67379 
         500      103.282 -0.000117677 -4.20969e-07      3.67379 
         500      103.594 -0.000117515 -4.05386e-07      3.67379 
         500      103.906 -0.000117333 -3.95789e-07      3.67379 
         500      104.219 -0.000117151 -3.91307e-07      3.67379 
         500      104.532 -0.000116982 -3.91099e-07      3.67379 
         500      104.846 -0.000116839 -3.94389e-07      3.67378 
         500       105.16 -0.000116727 -4.00442e-07      3.67379 
         500      105.474 -0.000116651 -4.08593e-07      3.67379 
         500      105.789 -0.000116613 -4.18207e-07       3.6738 
         500      106.105 -0.000116613 -4.28731e-07      3.67381 
         500      106.421 -0.000116647 -4.39632e-07      3.67382 
         500      106.738 -0.000116714 -4.50463e-07      3.67384 
         500      107.055 -0.000116807 -4.60802e-07      3.67386 
         500      107.372 -0.000116921 -4.70279e-07      3.67389 
         500       107.69 -0.000117049 -4.78596e-07      3.67392 
         500      108.008 -0.000117185 -4.85475e-07      3.67396 
         500      108.327 -0.000117322 -4.90709e-07        3.674 
         500      108.646 -0.000117453 -4.94116e-07      3.67404 
         500      108.966 -0.000117572  -4.9557e-07      3.67409 
         500      109.286 -0.000117673 -4.94981e-07      3.67414 
         500      109.607 -0.000117752 -4.92298e-07       3.6742 
         500      109.928 -0.000117804 -4.87505e-07      3.67426 
         500       110.25 -0.000117826 -4.80629e-07      3.67431 
         500      110.572 -0.000117817 -4.71709e-07      3.67437 
         500      110.895 -0.000117774 -4.60836e-07      3.67444 
         500      111.218 -0.000117699 -4.48095e-07       3.6745 
         500      111.541 -0.000117594 -4.33627e-07      3.67456 
         500      111.865 -0.000117461 -4.17547e-07      3.67461 
         500       112.19 -0.000117304 -4.00015e-07      3.67467 
         500      112.515 -0.000117129 -3.81206e-07      3.67472 
         500       112.84 -0.000116942 -3.61249e-07      3.67477 
         500      113.166  -0.00011675 -3.40334e-07      3.67481 
         500      113.492 -0.000116561 -3.18578e-07      3.67485 
         500      113.819 -0.000116383 -2.96152e-07      3.67488 
         500      114.147 -0.000116227  -2.7314e-07      3.67491 
         500      114.474   -0.0001161 -2.49669e-07      3.67492 
         500      114.803 -0.000116011 -2.25765e-07      3.67493 
         500      115.131  -0.00011597 -2.01466e-07      3.67492 
         500       115.46 -0.000115983 -1.76769e-07       3.6749 
         500       115.79 -0.000116057 -1.51556e-07      3.67487 
         500       116.12 -0.000116197  -1.2573e-07      3.67483 
         500      116.451 -0.000116405 -9.90391e-08      3.67478 
         500      116.782 -0.000116575 -8.53044e-08       3.6747 
         500      117.113 -0.000116764 -6.95365e-08      3.67461 
         500      117.446  -0.00011698 -5.15997e-08      3.67452 
         500      117.778  -0.00011722 -3.28428e-08      3.67443 
         500      118.111  -0.00011748 -1.47299e-08      3.67433 
         500      118.444 -0.000117751  1.07306e-09      3.67423 
         500      118.778 -0.000118022  1.28264e-08      3.67414 
         500      119.112 -0.000118279  1.86426e-08      3.67405 
         500      119.447 -0.000118502  1.65774e-08      3.67396 
         500      119.783 -0.000118667  4.61081e-09      3.67388 
         500      120.118 -0.000118746 -1.92752e-08      3.67382 
         500      120.455 -0.000118705 -5.71604e-08      3.67376 
         500      120.791 -0.000118503 -1.10991e-07      3.67373 
         500      121.128 -0.000118094 -1.82793e-07      3.67371 
         500      121.466 -0.000117424 -2.74288e-07      3.67372 
         500      121.804 -0.000116431 -3.87312e-07      3.67375 
         500      122.143 -0.000115047 -5.23183e-07      3.67382 
         500      122.482 -0.000113192 -6.83387e-07      3.67392 
         500      122.821 -0.000110778 -8.68809e-07      3.67406 
         500      123.161 -0.000112956 -8.98714e-07      3.67431 
         500      123.502 -0.000117618 -8.08286e-07       3.6746 
         500      123.843 -0.000120936 -7.26633e-07      3.67485 
         500      124.184 -0.000123133 -6.53291e-07      3.67508 
         500      124.526 -0.000124401 -5.88048e-07      3.67528 
         500      124.868 -0.000124919 -5.30471e-07      3.67545 
         500      125.211 -0.000124841 -4.80286e-07      3.67559 
         500      125.554 -0.000124306 -4.37196e-07      3.67571 
         500      125.898 -0.000123435 -4.00799e-07      3.67581 
         500      126.242 -0.000122331 -3.70813e-07      3.67588 
         500      126.587 -0.000121085 -3.46844e-07      3.67594 
         500      126.932 -0.000119771 -3.28573e-07      3.67597 
         500      127.278 -0.000118451 -3.15604e-07      3.67599 
         500      127.624 -0.000117175 -3.07571e-07      3.67599 
         500      127.971 -0.000115983 -3.04075e-07      3.67597 
         500      128.318   -0.0001149 -3.04696e-07      3.67594 
         500      128.665 -0.000113946 -3.08995e-07       3.6759 
         500      129.013 -0.000113131  -3.1652e-07      3.67585 
         500      129.361 -0.000112456 -3.26774e-07      3.67579 
         500       129.71 -0.000111914 -3.39263e-07      3.67572 
         500       130.06 -0.000111007 -3.20584e-07       3.6758 
         500       130.41 -0.000110497 -2.97878e-07      3.67589 
         500       130.76 -0.000110432 -2.75695e-07      3.67596 
         500      131.111 -0.000110766 -2.54329e-07      3.67603 
         500      131.462 -0.000111445 -2.34016e-07      3.67608 
         500      131.814 -0.000112408  -2.1505e-07      3.67613 
         500      132.166 -0.000113593 -1.97647e-07      3.67616 
         500      132.519 -0.000114936 -1.82067e-07      3.67619 
         500      132.872 -0.000116373 -1.68493e-07      3.67622 
         500      133.226 -0.000117842 -1.57128e-07      3.67624 
         500       133.58 -0.000119279 -1.48141e-07      3.67625 
         500      133.934 -0.000120633 -1.41651e-07      3.67627 
         500      134.289 -0.000121849 -1.37775e-07      3.67628 
         500      134.645 -0.000122885 -1.36581e-07      3.67629 
         500          135   -0.0001237 -1.38112e-07      3.67631 
         500      135.357 -0.000124266 -1.42378e-07      3.67632 
         500      135.714 -0.000124559 -1.49346e-07      3.67634 
         500      136.071 -0.000124566 -1.58964e-07      3.67636 
         500      136.429 -0.000124282 -1.71129e-07      3.67639 
         500      136.787 -0.000123712 -1.85696e-07      3.67642 
         500      137.146 -0.000122868 -2.02518e-07      3.67645 
         500      137.505 -0.000121773 -2.21365e-07      3.67649 
         500      137.865 -0.000120458 -2.42032e-07      3.67654 
         500      138.225 -0.000118961 -2.64217e-07      3.67659 
         500      138.586 -0.000117328 -2.87655e-07      3.67666 
         500      138.947 -0.000115613 -3.12004e-07      3.67672 
         500      139.309 -0.000113874 -3.36891e-07       3.6768 
         500      139.671 -0.000112173 -3.61981e-07      3.67689 
         500      140.033 -0.000110576  -3.8684e-07      3.67698 
         500      140.397 -0.000109149 -4.11099e-07      3.67708 
         500       140.76 -0.000107961   -4.343e-07      3.67719 
         500      141.124 -0.000107074 -4.56053e-07      3.67731 
         500      141.488 -0.000106548  -4.7591e-07      3.67744 
         500      141.853 -0.000106436 -4.93435e-07      3.67757 
         500      142.219 -0.000106782 -5.08242e-07      3.67771 
         500      142.584 -0.000107614  -5.1991e-07      3.67786 
         500      142.951  -0.00010895 -5.28085e-07      3.67801 
         500      143.317 -0.000110784 -5.32411e-07      3.67817 
         500      143.685 -0.000113093 -5.32593e-07      3.67834 
         500      144.052  -0.00011582 -5.28373e-07      3.67851 
         500      144.421 -0.000118887 -5.19548e-07      3.67868 
         500      144.789 -0.000122177 -5.05984e-07      3.67886 
         500      145.158 -0.000125529 -4.87642e-07      3.67904 
         500      145.528 -0.000128751 -4.64524e-07      3.67922 
         500      145.898 -0.000131587 -4.36795e-07       3.6794 
         500      146.269 -0.000133741 -4.04649e-07      3.67957 
         500       146.64 -0.000134846 -3.68501e-07      3.67974 
         500      147.011 -0.000134475 -3.28789e-07      3.67991 
         500      147.383 -0.000132126  -2.8619e-07      3.68007 
         500      147.755 -0.000127224  -2.4155e-07      3.68022 
         500      148.128 -0.000119097 -1.95789e-07      3.68036 
         500      148.502 -0.000107002 -1.50165e-07      3.68048 
         500      148.876 -9.00609e-05 -1.05999e-07      3.68059 
         500       149.25 -6.73374e-05 -6.49859e-08      3.68069 
         500      149.625 -3.77139e-05 -2.89293e-08      3.68076 
         500          150 -1.68256e-19 -9.80317e-23      3.68081 
