Variables = x, y, u, v, p

Zone, I=800, F=POINT
         800            0           -0           -0     -4.23306 
         800     0.000234 -2.04277e-06  2.72326e-11     -4.23306 
         800     0.000939  -7.7886e-06  4.35388e-10     -4.23306 
         800     0.002113 -1.60999e-05  2.19785e-09     -4.23306 
         800     0.003759 -2.54508e-05  6.93356e-09     -4.23306 
         800     0.005872 -3.42516e-05  1.68552e-08     -4.23306 
         800     0.008457 -4.13595e-05  3.48033e-08     -4.23306 
         800      0.01151 -4.63107e-05  6.41236e-08     -4.23306 
         800     0.015036 -4.94937e-05  1.08754e-07     -4.23306 
         800     0.019031 -5.19882e-05  1.72999e-07     -4.23306 
         800     0.023493  -5.5215e-05  2.61551e-07     -4.23306 
         800     0.028429 -6.04293e-05  3.79632e-07     -4.23306 
         800     0.033831 -6.82166e-05  5.32387e-07     -4.23306 
         800     0.039706 -7.82839e-05  7.25522e-07     -4.23306 
         800     0.046047 -8.96188e-05  9.64404e-07     -4.23306 
         800     0.052863 -0.000101248  1.25498e-06     -4.23306 
         800      0.06015 -0.000113194  1.60264e-06     -4.23306 
         800       0.0679 -0.000127045  2.01227e-06     -4.23306 
         800     0.076126 -0.000144524  2.48958e-06     -4.23306 
         800     0.084816 -0.000162034  3.03854e-06     -4.23306 
         800     0.093982 -0.000180975  3.66406e-06     -4.23306 
         800     0.103611 -0.000201498  4.36885e-06     -4.23306 
         800     0.113718 -0.000223472  5.15705e-06     -4.23306 
         800     0.124286 -0.000246699   6.0296e-06     -4.23306 
         800     0.135333  -0.00027106  6.98955e-06     -4.23306 
         800      0.14685 -0.000296385  8.03689e-06     -4.23306 
         800     0.158827 -0.000322494  9.17059e-06     -4.23306 
         800     0.171284 -0.000349264  1.03916e-05     -4.23306 
         800     0.184201 -0.000376464  1.16964e-05     -4.23306 
         800     0.197599 -0.000403919  1.30845e-05     -4.23306 
         800     0.211455 -0.000431339  1.45504e-05     -4.23306 
         800     0.225792 -0.000458525  1.60926e-05     -4.23306 
         800       0.2406 -0.000485269  1.77054e-05     -4.23306 
         800     0.255865 -0.000511412   1.9382e-05     -4.23306 
         800     0.271613 -0.000536671  2.11204e-05     -4.23306 
         800     0.287818 -0.000560883  2.29117e-05     -4.23306 
         800     0.304506 -0.000583915  2.47526e-05     -4.23306 
         800      0.32165 -0.000605578  2.66338e-05     -4.23306 
         800     0.339278 -0.000625776  2.85523e-05     -4.23306 
         800     0.357377 -0.000644382  3.05006e-05     -4.23306 
         800      0.37593   -0.0006613  3.24712e-05     -4.23306 
         800     0.394968 -0.000676496  3.44622e-05     -4.23306 
         800     0.414461 -0.000689911  3.64653e-05     -4.23306 
         800      0.43444 -0.000701554  3.84792e-05     -4.23306 
         800     0.454872 -0.000711411  4.04965e-05     -4.23306 
         800     0.475791 -0.000719526  4.25169e-05     -4.23306 
         800     0.497163 -0.000725924  4.45342e-05     -4.23306 
         800     0.519021  -0.00073067  4.65489e-05     -4.23306 
         800      0.54135 -0.000733819  4.85582e-05     -4.23306 
         800     0.564131 -0.000735442  5.05596e-05     -4.23306 
         800       0.5874 -0.000735622  5.25572e-05     -4.23306 
         800     0.611121 -0.000734443  5.45498e-05     -4.23306 
         800      0.63533 -0.000731958  5.65369e-05     -4.23306 
         800      0.65999 -0.000728303  5.85151e-05     -4.23306 
         800     0.685139 -0.000723534  6.04907e-05     -4.23306 
         800     0.710759 -0.000717718  6.24652e-05     -4.23306 
         800     0.736828 -0.000710919  6.44399e-05     -4.23306 
         800     0.763387 -0.000703186  6.64206e-05     -4.23306 
         800     0.790396 -0.000694588  6.84065e-05     -4.23306 
         800     0.817896 -0.000685165  7.04026e-05     -4.23306 
         800     0.845843 -0.000674987  7.24074e-05     -4.23306 
         800     0.874283 -0.000664089  7.44253e-05     -4.23306 
         800      0.90317 -0.000652542  7.64539e-05     -4.23306 
         800     0.932551 -0.000640381  7.84969e-05     -4.23306 
         800     0.962401  -0.00062767  8.05523e-05     -4.23306 
         800     0.992697 -0.000614476  8.26182e-05     -4.23306 
         800      1.02349 -0.000600841  8.46969e-05     -4.23306 
         800      1.05472 -0.000586851  8.67837e-05     -4.23306 
         800      1.08645 -0.000572554    8.888e-05     -4.23306 
         800      1.11863 -0.000558051  9.09802e-05     -4.23306 
         800       1.1513 -0.000543401  9.30851e-05     -4.23306 
         800      1.18444 -0.000528704  9.51896e-05     -4.23306 
         800      1.21802 -0.000514065  9.72886e-05     -4.23306 
         800      1.25211 -0.000499558  9.93812e-05     -4.23306 
         800      1.28663 -0.000485304  0.000101459     -4.23306 
         800      1.32165 -0.000471374  0.000103521     -4.23306 
         800      1.35712 -0.000457878  0.000105557     -4.23306 
         800      1.39308 -0.000444867  0.000107563     -4.23306 
         800      1.42951 -0.000432398  0.000109531     -4.23306 
         800      1.46638 -0.000420494  0.000111448     -4.23306 
         800      1.50375 -0.000409099  0.000113308     -4.23306 
         800      1.54156  -0.00039814  0.000115148     -4.23306 
         800      1.57987 -0.000387823  0.000116937     -4.23306 
         800      1.61863 -0.000378073  0.000118671     -4.23306 
         800      1.65788 -0.000368776  0.000120353     -4.23306 
         800      1.69757 -0.000359856  0.000121982     -4.23306 
         800      1.73776 -0.000351213  0.000123561     -4.23306 
         800      1.77842 -0.000342776  0.000125089     -4.23306 
         800      1.81952 -0.000334481  0.000126566     -4.23306 
         800      1.86113 -0.000326251  0.000127994     -4.23306 
         800      1.90316 -0.000318042  0.000129372     -4.23306 
         800      1.94571 -0.000309793  0.000130702     -4.23306 
         800      1.98869 -0.000301476  0.000131981     -4.23306 
         800      2.03217 -0.000293044  0.000133212     -4.23306 
         800      2.07612 -0.000284477  0.000134392     -4.23306 
         800      2.12051 -0.000275765   0.00013552     -4.23306 
         800       2.1654 -0.000266879  0.000136598     -4.23306 
         800      2.21073  -0.00025783  0.000137622     -4.23306 
         800      2.25656 -0.000248601  0.000138594     -4.23306 
         800      2.30283 -0.000239213   0.00013951     -4.23306 
         800       2.3496 -0.000229662  0.000140371     -4.23305 
         800      2.39685 -0.000219968  0.000141176     -4.23305 
         800      2.44452 -0.000210157  0.000141922     -4.23305 
         800      2.49271 -0.000200235  0.000142609     -4.23305 
         800      2.54132 -0.000190238  0.000143234     -4.23305 
         800      2.59044 -0.000180174  0.000143799     -4.23305 
         800         2.64 -0.000170083  0.000144299     -4.23305 
         800      2.69006 -0.000159971  0.000144736     -4.23305 
         800      2.74056 -0.000149879  0.000145107     -4.23305 
         800      2.79156  -0.00013981  0.000145412     -4.23305 
         800      2.84304  -0.00012979  0.000145649     -4.23305 
         800      2.89494 -0.000119845  0.000145819     -4.23305 
         800      2.94735  -0.00010997   0.00014592     -4.23305 
         800       3.0002 -0.000100193  0.000145952     -4.23305 
         800      3.05355 -9.05063e-05  0.000145915     -4.23305 
         800      3.10733 -8.09299e-05  0.000145808     -4.23305 
         800      3.16163  -7.1453e-05  0.000145632     -4.23304 
         800      3.21639  -6.2087e-05  0.000145385     -4.23304 
         800      3.27158 -5.28442e-05   0.00014507     -4.23304 
         800      3.32729 -4.37177e-05  0.000144684     -4.23304 
         800      3.38342 -3.47355e-05  0.000144229     -4.23304 
         800      3.44007 -2.59056e-05  0.000143703     -4.23304 
         800      3.49714 -1.72765e-05  0.000143108     -4.23304 
         800      3.55472 -8.88622e-06   0.00014244     -4.23304 
         800      3.61273 -8.21287e-07    0.0001417     -4.23304 
         800      3.67125  6.82877e-06  0.000140885     -4.23304 
         800      3.73025  1.39201e-05  0.000139991     -4.23303 
         800      3.78967  2.12027e-05  0.000139082     -4.23303 
         800      3.84961  2.84467e-05  0.000138139     -4.23303 
         800      3.90996  3.52477e-05  0.000137135     -4.23303 
         800      3.97084  4.16292e-05  0.000136072     -4.23303 
         800      4.03214  4.75937e-05  0.000134951     -4.23303 
         800      4.09395  5.31631e-05  0.000133775     -4.23303 
         800      4.15624  5.83453e-05  0.000132547     -4.23303 
         800      4.21895  6.31493e-05  0.000131269     -4.23303 
         800      4.28217  6.75952e-05  0.000129943     -4.23303 
         800      4.34582  7.16885e-05  0.000128574     -4.23302 
         800      4.40998  7.54484e-05  0.000127162     -4.23302 
         800      4.47457  7.88813e-05  0.000125713     -4.23302 
         800      4.53968  8.20049e-05  0.000124228     -4.23302 
         800      4.60525  8.48288e-05   0.00012271     -4.23302 
         800      4.67125  8.73631e-05  0.000121165     -4.23302 
         800      4.73777  8.96239e-05  0.000119594     -4.23302 
         800       4.8047  9.16195e-05  0.000118002     -4.23302 
         800      4.87216  9.33648e-05  0.000116389     -4.23301 
         800      4.94003  9.48686e-05  0.000114763     -4.23301 
         800      5.00843  9.61446e-05  0.000113123     -4.23301 
         800      5.07724  9.72022e-05  0.000111476     -4.23301 
         800      5.14658   9.8054e-05  0.000109822     -4.23301 
         800      5.21639  9.87099e-05  0.000108166     -4.23301 
         800      5.28661  9.91802e-05  0.000106511     -4.23301 
         800      5.35736  9.94762e-05  0.000104858     -4.23301 
         800      5.42852  9.96076e-05  0.000103212     -4.23301 
         800      5.50021  9.95846e-05  0.000101572       -4.233 
         800      5.57231  9.94168e-05  9.99446e-05       -4.233 
         800      5.64493  9.91137e-05  9.83277e-05       -4.233 
         800      5.71803  9.86594e-05  9.67747e-05       -4.233 
         800      5.79154  9.80814e-05  9.52277e-05       -4.233 
         800      5.86558  9.73891e-05  9.36841e-05       -4.233 
         800      5.94003  9.65932e-05   9.2148e-05       -4.233 
         800      6.01501  9.57018e-05  9.06184e-05       -4.233 
         800       6.0904  9.47253e-05  8.90989e-05       -4.233 
         800      6.16632   9.3671e-05  8.75884e-05       -4.233 
         800      6.24271  9.25483e-05  8.60894e-05     -4.23299 
         800       6.3195  9.13662e-05   8.4604e-05     -4.23299 
         800      6.39683  9.01307e-05  8.31308e-05     -4.23299 
         800      6.47457  8.88512e-05  8.16732e-05     -4.23299 
         800      6.55284  8.75326e-05  8.02296e-05     -4.23299 
         800      6.63152  8.61834e-05  7.88031e-05     -4.23299 
         800      6.71073  8.48077e-05  7.73921e-05     -4.23299 
         800      6.79034  8.34131e-05  7.59994e-05     -4.23299 
         800      6.87049  8.20024e-05  7.46232e-05     -4.23299 
         800      6.95111  8.05813e-05  7.32652e-05     -4.23299 
         800      7.03214  7.91549e-05  7.19266e-05     -4.23298 
         800       7.1137  7.77245e-05  7.06055e-05     -4.23298 
         800      7.19566  7.62952e-05  6.93038e-05     -4.23298 
         800      7.27816  7.48672e-05  6.80196e-05     -4.23298 
         800      7.36106  7.34448e-05  6.67543e-05     -4.23298 
         800      7.44451  7.20272e-05  6.55056e-05     -4.23298 
         800      7.52842  7.06166e-05  6.42735e-05     -4.23298 
         800      7.61273  6.92149e-05   6.3058e-05     -4.23298 
         800      7.69758    6.782e-05  6.18559e-05     -4.23298 
         800      7.78283  6.64343e-05  6.06672e-05     -4.23298 
         800      7.86862  6.50556e-05   5.9488e-05     -4.23298 
         800      7.95481  6.36856e-05  5.83174e-05     -4.23298 
         800      8.04155  6.23219e-05  5.71507e-05     -4.23298 
         800      8.12868  6.09666e-05  5.59857e-05     -4.23297 
         800      8.21635  5.96174e-05  5.48164e-05     -4.23297 
         800      8.30449  5.82758e-05  5.36384e-05     -4.23297 
         800      8.39303  5.69437e-05  5.24468e-05     -4.23297 
         800      8.48211  5.56205e-05  5.12325e-05     -4.23297 
         800      8.57159  5.43105e-05  4.99896e-05     -4.23297 
         800      8.66161  5.30153e-05  4.87069e-05     -4.23297 
         800      8.75203  5.17382e-05  4.73918e-05     -4.23297 
         800      8.84299  5.04113e-05  4.63986e-05     -4.23297 
         800      8.93443  4.91069e-05  4.53931e-05     -4.23297 
         800      9.02626  4.78226e-05  4.43787e-05     -4.23297 
         800      9.11863  4.65539e-05  4.33568e-05     -4.23297 
         800      9.21139   4.5301e-05   4.2332e-05     -4.23297 
         800      9.30471  4.40603e-05   4.1306e-05     -4.23297 
         800      9.39841  4.28331e-05  4.02836e-05     -4.23297 
         800      9.49267  4.16166e-05  3.92667e-05     -4.23297 
         800      9.58739  4.04119e-05  3.82592e-05     -4.23297 
         800      9.68251  3.92199e-05  3.72652e-05     -4.23297 
         800      9.77817  3.80391e-05   3.6286e-05     -4.23296 
         800      9.87422  3.68719e-05  3.53261e-05     -4.23296 
         800      9.97083  3.57171e-05  3.43863e-05     -4.23296 
         800      10.0678  3.45771e-05  3.34702e-05     -4.23296 
         800      10.1654  3.34508e-05  3.25783e-05     -4.23296 
         800      10.2633  3.23404e-05   3.1713e-05     -4.23296 
         800      10.3618  3.12445e-05  3.08739e-05     -4.23296 
         800      10.4607   3.0164e-05  3.00616e-05     -4.23296 
         800      10.5601  2.90994e-05  2.92764e-05     -4.23296 
         800        10.66  2.80482e-05  2.85159e-05     -4.23296 
         800      10.7603  2.70109e-05  2.77793e-05     -4.23296 
         800      10.8611  2.60934e-05  2.69909e-05     -4.23296 
         800      10.9623   2.5178e-05  2.62161e-05     -4.23296 
         800      11.0641  2.42603e-05  2.54549e-05     -4.23296 
         800      11.1663  2.33418e-05  2.47073e-05     -4.23296 
         800       11.269  2.24241e-05  2.39732e-05     -4.23296 
         800      11.3721  2.15067e-05  2.32511e-05     -4.23296 
         800      11.4757  2.05922e-05  2.25419e-05     -4.23296 
         800      11.5798  1.96804e-05  2.18442e-05     -4.23296 
         800      11.6844   1.8774e-05  2.11591e-05     -4.23296 
         800      11.7894  1.78726e-05  2.04854e-05     -4.23296 
         800       11.895   1.6978e-05  1.98237e-05     -4.23296 
         800      12.0009  1.60919e-05  1.91745e-05     -4.23296 
         800      12.1073  1.52136e-05  1.85368e-05     -4.23296 
         800      12.2142  1.43451e-05  1.79119e-05     -4.23296 
         800      12.3216  1.34852e-05  1.72989e-05     -4.23296 
         800      12.4294  1.26357e-05  1.66988e-05     -4.23296 
         800      12.5378  1.17951e-05   1.6111e-05     -4.23296 
         800      12.6465  1.09646e-05  1.55363e-05     -4.23296 
         800      12.7558  1.01426e-05  1.49741e-05     -4.23296 
         800      12.8656   9.3294e-06  1.44249e-05     -4.23296 
         800      12.9757  8.52539e-06   1.3889e-05     -4.23296 
         800      13.0864  7.72904e-06  1.33658e-05     -4.23296 
         800      13.1975  6.94162e-06  1.28559e-05     -4.23296 
         800      13.3092  6.16221e-06  1.23585e-05     -4.23296 
         800      13.4212   5.3929e-06  1.18742e-05     -4.23296 
         800      13.5338  4.63396e-06  1.14021e-05     -4.23296 
         800      13.6468  3.88841e-06  1.09423e-05     -4.23296 
         800      13.7603  3.16029e-06  1.04949e-05     -4.23296 
         800      13.8743  2.45329e-06   1.0059e-05     -4.23296 
         800      13.9886    1.775e-06   9.6348e-06     -4.23296 
         800      14.1036  1.13278e-06  9.22135e-06     -4.23296 
         800      14.2189  5.38396e-07  8.81893e-06     -4.23296 
         800      14.3348  4.33325e-09  8.42657e-06     -4.23296 
         800       14.451 -5.75127e-07  8.05056e-06     -4.23296 
         800      14.5678 -1.25594e-06  7.68943e-06     -4.23296 
         800      14.6851  -1.9162e-06  7.33653e-06     -4.23296 
         800      14.8028 -2.55662e-06  6.99253e-06     -4.23296 
         800       14.921 -3.17942e-06  6.65714e-06     -4.23296 
         800      15.0396 -3.78473e-06  6.33107e-06     -4.23296 
         800      15.1588 -4.37459e-06  6.01389e-06     -4.23297 
         800      15.2783 -4.94909e-06  5.70607e-06     -4.23297 
         800      15.3984 -5.51012e-06  5.40705e-06     -4.23297 
         800       15.519 -6.05813e-06  5.11689e-06     -4.23297 
         800        15.64 -6.59355e-06  4.83561e-06     -4.23297 
         800      15.7615 -7.11805e-06  4.56245e-06     -4.23297 
         800      15.8834 -7.63153e-06  4.29752e-06     -4.23297 
         800      16.0058 -8.13551e-06  4.04003e-06     -4.23297 
         800      16.1286 -8.62981e-06  3.78998e-06     -4.23297 
         800       16.252  -9.1158e-06  3.54654e-06     -4.23297 
         800      16.3759 -9.59359e-06  3.30948e-06     -4.23297 
         800      16.5002 -1.00633e-05  3.07851e-06     -4.23297 
         800       16.625  -1.0526e-05  2.85283e-06     -4.23297 
         800      16.7501 -1.09814e-05  2.63236e-06     -4.23297 
         800      16.8759 -1.14305e-05  2.41633e-06     -4.23297 
         800       17.002 -1.18728e-05  2.20469e-06     -4.23297 
         800      17.1287 -1.23093e-05  1.99675e-06     -4.23297 
         800      17.2557 -1.27393e-05  1.79252e-06     -4.23297 
         800      17.3834 -1.31637e-05  1.59141e-06     -4.23298 
         800      17.5115 -1.35822e-05  1.39339e-06     -4.23298 
         800      17.6399 -1.39944e-05  1.19846e-06     -4.23298 
         800       17.769 -1.44011e-05  1.00625e-06     -4.23298 
         800      17.8984 -1.48015e-05   8.1706e-07     -4.23298 
         800      18.0284 -1.51962e-05  6.30693e-07     -4.23298 
         800      18.1587 -1.55845e-05  4.47622e-07     -4.23298 
         800      18.2896 -1.59669e-05   2.6783e-07     -4.23298 
         800       18.421 -1.63429e-05  9.18383e-08     -4.23298 
         800      18.5528 -1.67121e-05 -7.97432e-08     -4.23298 
         800      18.6851 -1.70751e-05 -2.46608e-07     -4.23298 
         800      18.8178  -1.7431e-05 -4.07799e-07     -4.23298 
         800      18.9511 -1.77804e-05  -5.6278e-07     -4.23299 
         800      19.0847 -1.81226e-05 -7.10393e-07     -4.23299 
         800      19.2189 -1.84581e-05 -8.49858e-07     -4.23299 
         800      19.3535 -1.87863e-05 -9.79825e-07     -4.23299 
         800      19.4886 -1.91079e-05 -1.09927e-06     -4.23299 
         800      19.6242 -1.94227e-05 -1.20675e-06     -4.23299 
         800      19.7602 -1.97306e-05 -1.30076e-06     -4.23299 
         800      19.8968 -2.00323e-05 -1.37991e-06     -4.23299 
         800      20.0337 -2.03278e-05 -1.44247e-06     -4.23299 
         800      20.1712 -2.06179e-05 -1.48685e-06     -4.23299 
         800      20.3091 -2.09029e-05 -1.51121e-06       -4.233 
         800      20.4475 -2.11838e-05 -1.51378e-06       -4.233 
         800      20.5864 -2.14615e-05 -1.49266e-06       -4.233 
         800      20.7257 -2.17366e-05 -1.44601e-06       -4.233 
         800      20.8655  -2.2011e-05 -1.37185e-06       -4.233 
         800      21.0058 -2.22855e-05 -1.26841e-06       -4.233 
         800      21.1465 -2.25841e-05 -1.24544e-06       -4.233 
         800      21.2877 -2.28576e-05 -1.29516e-06       -4.233 
         800      21.4294 -2.30911e-05 -1.41515e-06       -4.233 
         800      21.5716 -2.32776e-05 -1.62512e-06     -4.23301 
         800      21.7142 -2.34103e-05 -1.94655e-06     -4.23301 
         800      21.8573 -2.36139e-05 -1.86282e-06     -4.23301 
         800      22.0008 -2.38515e-05  -1.7433e-06     -4.23301 
         800      22.1449 -2.40974e-05 -1.71642e-06     -4.23301 
         800      22.2893 -2.43255e-05 -1.76296e-06     -4.23301 
         800      22.4344 -2.45207e-05 -1.80064e-06     -4.23301 
         800      22.5797 -2.47145e-05 -1.82426e-06     -4.23302 
         800      22.7257 -2.49067e-05 -1.83842e-06     -4.23302 
         800      22.8721 -2.50968e-05 -1.84692e-06     -4.23302 
         800      23.0189 -2.52842e-05 -1.85295e-06     -4.23302 
         800      23.1663 -2.54692e-05 -1.85909e-06     -4.23302 
         800       23.314 -2.56513e-05 -1.86734e-06     -4.23302 
         800      23.4623 -2.58307e-05  -1.8792e-06     -4.23302 
         800       23.611 -2.60073e-05 -1.89568e-06     -4.23302 
         800      23.7602 -2.61812e-05 -1.91743e-06     -4.23303 
         800        23.91 -2.63526e-05 -1.94466e-06     -4.23303 
         800        24.06 -2.65212e-05 -1.97726e-06     -4.23303 
         800      24.2107 -2.66875e-05 -2.01493e-06     -4.23303 
         800      24.3617 -2.68513e-05   -2.057e-06     -4.23303 
         800      24.5133 -2.70129e-05 -2.10276e-06     -4.23303 
         800      24.6653 -2.71722e-05 -2.15121e-06     -4.23304 
         800      24.8178 -2.73294e-05 -2.20137e-06     -4.23304 
         800      24.9708 -2.74844e-05 -2.25211e-06     -4.23304 
         800      25.1242 -2.76369e-05 -2.30225e-06     -4.23304 
         800      25.2781 -2.77872e-05 -2.35074e-06     -4.23304 
         800      25.4324 -2.79348e-05  -2.3964e-06     -4.23304 
         800      25.5873 -2.80799e-05 -2.43829e-06     -4.23305 
         800      25.7426 -2.82218e-05 -2.47541e-06     -4.23305 
         800      25.8984 -2.83607e-05 -2.50702e-06     -4.23305 
         800      26.0546 -2.84959e-05  -2.5324e-06     -4.23305 
         800      26.2114 -2.86273e-05  -2.5511e-06     -4.23305 
         800      26.3686 -2.87545e-05 -2.56275e-06     -4.23305 
         800      26.5262 -2.88771e-05 -2.56723e-06     -4.23306 
         800      26.6844 -2.89947e-05 -2.56457e-06     -4.23306 
         800      26.8429 -2.91071e-05 -2.55504e-06     -4.23306 
         800       27.002  -2.9214e-05 -2.53904e-06     -4.23306 
         800      27.1615  -2.9315e-05 -2.51721e-06     -4.23306 
         800      27.3216 -2.94103e-05 -2.49029e-06     -4.23307 
         800      27.4821 -2.94997e-05 -2.45922e-06     -4.23307 
         800       27.643 -2.95834e-05 -2.42509e-06     -4.23307 
         800      27.8044 -2.96618e-05 -2.38895e-06     -4.23307 
         800      27.9663 -2.97353e-05 -2.35207e-06     -4.23307 
         800      28.1287 -2.98049e-05 -2.31557e-06     -4.23308 
         800      28.2914 -2.98718e-05 -2.28063e-06     -4.23308 
         800      28.4548 -2.99374e-05 -2.24823e-06     -4.23308 
         800      28.6185 -3.00037e-05 -2.21927e-06     -4.23308 
         800      28.7828 -3.00732e-05 -2.19428e-06     -4.23308 
         800      28.9475 -3.01488e-05 -2.17352e-06     -4.23309 
         800      29.1126  -3.0234e-05  -2.1568e-06     -4.23309 
         800      29.2784 -3.03333e-05 -2.14333e-06     -4.23309 
         800      29.4444 -3.04514e-05 -2.13171e-06     -4.23309 
         800       29.611 -3.05945e-05 -2.11968e-06     -4.23309 
         800       29.778 -3.07691e-05 -2.10412e-06      -4.2331 
         800      29.9456 -3.08227e-05 -2.08303e-06      -4.2331 
         800      30.1137 -3.08681e-05 -2.06155e-06      -4.2331 
         800      30.2821 -3.09112e-05 -2.03963e-06      -4.2331 
         800      30.4511 -3.09527e-05 -2.01714e-06     -4.23311 
         800      30.6204 -3.09927e-05 -1.99404e-06     -4.23311 
         800      30.7903 -3.10317e-05 -1.97026e-06     -4.23311 
         800      30.9606 -3.10697e-05 -1.94582e-06     -4.23311 
         800      31.1315 -3.11071e-05 -1.92071e-06     -4.23311 
         800      31.3028 -3.11439e-05 -1.89499e-06     -4.23312 
         800      31.4745 -3.11803e-05 -1.86876e-06     -4.23312 
         800      31.6468 -3.12163e-05 -1.84207e-06     -4.23312 
         800      31.8194 -3.12519e-05 -1.81504e-06     -4.23312 
         800      31.9926 -3.12873e-05 -1.78777e-06     -4.23313 
         800      32.1662 -3.13224e-05  -1.7604e-06     -4.23313 
         800      32.3404 -3.13573e-05 -1.73303e-06     -4.23313 
         800      32.5149 -3.13917e-05 -1.70584e-06     -4.23313 
         800        32.69 -3.14259e-05  -1.6789e-06     -4.23314 
         800      32.8655 -3.14598e-05 -1.65239e-06     -4.23314 
         800      33.0414 -3.14932e-05 -1.62644e-06     -4.23314 
         800       33.218 -3.15262e-05 -1.60114e-06     -4.23314 
         800      33.3948 -3.15588e-05 -1.57663e-06     -4.23315 
         800      33.5723 -3.15909e-05 -1.55299e-06     -4.23315 
         800        33.75 -3.16224e-05 -1.53034e-06     -4.23315 
         800      33.9284 -3.16536e-05 -1.50873e-06     -4.23315 
         800      34.1073 -3.16842e-05 -1.48822e-06     -4.23316 
         800      34.2865 -3.17143e-05  -1.4689e-06     -4.23316 
         800      34.4663 -3.17441e-05 -1.45075e-06     -4.23316 
         800      34.6465 -3.17733e-05 -1.43382e-06     -4.23316 
         800      34.8272 -3.18023e-05 -1.41807e-06     -4.23317 
         800      35.0083 -3.18309e-05 -1.40352e-06     -4.23317 
         800        35.19 -3.18593e-05 -1.39009e-06     -4.23317 
         800      35.3721 -3.18875e-05 -1.37774e-06     -4.23318 
         800      35.5546 -3.19156e-05 -1.36642e-06     -4.23318 
         800      35.7377 -3.19437e-05 -1.35601e-06     -4.23318 
         800      35.9211 -3.19717e-05 -1.34643e-06     -4.23318 
         800      36.1052 -3.19999e-05 -1.33756e-06     -4.23319 
         800      36.2895 -3.20282e-05  -1.3293e-06     -4.23319 
         800      36.4745 -3.20567e-05  -1.3215e-06     -4.23319 
         800      36.6598 -3.20854e-05 -1.31406e-06      -4.2332 
         800      36.8457 -3.21141e-05 -1.30683e-06      -4.2332 
         800      37.0321 -3.21429e-05 -1.29971e-06      -4.2332 
         800      37.2188 -3.21716e-05 -1.29259e-06      -4.2332 
         800      37.4062 -3.22001e-05 -1.28537e-06     -4.23321 
         800      37.5938  -3.2228e-05 -1.27798e-06     -4.23321 
         800      37.7821  -3.2255e-05 -1.27039e-06     -4.23321 
         800      37.9707 -3.22807e-05 -1.26258e-06     -4.23322 
         800      38.1599 -3.23045e-05 -1.25458e-06     -4.23322 
         800      38.3496 -3.23258e-05 -1.24648e-06     -4.23322 
         800      38.5396 -3.23437e-05 -1.23844e-06     -4.23323 
         800      38.7302 -3.23572e-05 -1.23065e-06     -4.23323 
         800      38.9211 -3.23653e-05 -1.22343e-06     -4.23323 
         800      39.1127 -3.23665e-05 -1.21713e-06     -4.23324 
         800      39.3046 -3.23594e-05 -1.21227e-06     -4.23324 
         800      39.4971 -3.24024e-05 -1.17061e-06     -4.23324 
         800      39.6899 -3.24823e-05 -1.16532e-06     -4.23325 
         800      39.8833 -3.25978e-05 -1.20271e-06     -4.23325 
         800      40.0772 -3.27441e-05 -1.28018e-06     -4.23325 
         800      40.2714 -3.25981e-05  -1.2307e-06     -4.23326 
         800      40.4663   -3.248e-05 -1.17917e-06     -4.23326 
         800      40.6615 -3.23804e-05 -1.13052e-06     -4.23326 
         800      40.8573 -3.23088e-05 -1.08622e-06     -4.23327 
         800      41.0534 -3.23386e-05  -1.0379e-06     -4.23327 
         800      41.2501 -3.23714e-05 -1.00001e-06     -4.23327 
         800      41.4473 -3.24068e-05 -9.70377e-07     -4.23328 
         800      41.6448 -3.24444e-05  -9.4715e-07     -4.23328 
         800      41.8429 -3.24835e-05 -9.28706e-07     -4.23328 
         800      42.0414 -3.25235e-05 -9.13773e-07     -4.23329 
         800      42.2405 -3.25636e-05 -9.01278e-07     -4.23329 
         800      42.4399 -3.26032e-05 -8.90417e-07     -4.23329 
         800      42.6399 -3.26414e-05 -8.80555e-07      -4.2333 
         800      42.8404 -3.26775e-05 -8.71267e-07      -4.2333 
         800      43.0412 -3.27108e-05 -8.62281e-07      -4.2333 
         800      43.2426 -3.27407e-05 -8.53446e-07     -4.23331 
         800      43.4444 -3.27666e-05 -8.44751e-07     -4.23331 
         800      43.6467  -3.2788e-05 -8.36256e-07     -4.23332 
         800      43.8494 -3.28046e-05 -8.28123e-07     -4.23332 
         800      44.0527 -3.28161e-05 -8.20545e-07     -4.23332 
         800      44.2563 -3.28224e-05 -8.13778e-07     -4.23333 
         800      44.4606 -3.28234e-05 -8.08077e-07     -4.23333 
         800      44.6653 -3.28194e-05 -8.03721e-07     -4.23333 
         800      44.8704 -3.28106e-05 -8.00974e-07     -4.23334 
         800       45.076 -3.27975e-05 -8.00069e-07     -4.23334 
         800       45.282 -3.27806e-05 -8.01213e-07     -4.23335 
         800      45.4886 -3.27605e-05 -8.04562e-07     -4.23335 
         800      45.6955  -3.2738e-05 -8.10211e-07     -4.23335 
         800       45.903 -3.27141e-05 -8.18201e-07     -4.23336 
         800      46.1111 -3.26898e-05  -8.2849e-07     -4.23336 
         800      46.3194  -3.2666e-05 -8.40949e-07     -4.23337 
         800      46.5283 -3.26438e-05 -8.55401e-07     -4.23337 
         800      46.7376 -3.26243e-05  -8.7154e-07     -4.23337 
         800      46.9475 -3.26086e-05 -8.89027e-07     -4.23338 
         800      47.1577 -3.25976e-05 -9.07389e-07     -4.23338 
         800      47.3685 -3.25923e-05 -9.26132e-07     -4.23339 
         800      47.5798 -3.25933e-05 -9.44647e-07     -4.23339 
         800      47.7914 -3.26013e-05 -9.62263e-07     -4.23339 
         800      48.0037 -3.26164e-05 -9.78302e-07      -4.2334 
         800      48.2162 -3.26387e-05 -9.91992e-07      -4.2334 
         800      48.4294 -3.26677e-05 -1.00259e-06     -4.23341 
         800      48.6429 -3.27025e-05  -1.0093e-06     -4.23341 
         800       48.857 -3.27417e-05 -1.01139e-06     -4.23342 
         800      49.0714 -3.27832e-05 -1.00813e-06     -4.23342 
         800      49.2865 -3.28243e-05 -9.98893e-07     -4.23342 
         800       49.502 -3.28614e-05 -9.83117e-07     -4.23343 
         800      49.7179   -3.289e-05 -9.60417e-07     -4.23343 
         800      49.9343 -3.29046e-05 -9.30515e-07     -4.23344 
         800      50.1511 -3.28986e-05 -8.93426e-07     -4.23344 
         800      50.3685  -3.2864e-05 -8.49311e-07     -4.23345 
         800      50.5862 -3.27917e-05 -7.98762e-07     -4.23345 
         800      50.8046 -3.26705e-05 -7.42572e-07     -4.23345 
         800      51.0234 -3.24882e-05 -6.82063e-07     -4.23346 
         800      51.2425 -3.25196e-05 -6.76074e-07     -4.23346 
         800      51.4623  -3.2693e-05 -7.06293e-07     -4.23347 
         800      51.6824 -3.28251e-05 -7.32939e-07     -4.23347 
         800      51.9031 -3.29223e-05  -7.5538e-07     -4.23348 
         800      52.1241 -3.29903e-05 -7.73113e-07     -4.23348 
         800      52.3457 -3.30344e-05 -7.85879e-07     -4.23349 
         800      52.5676 -3.30591e-05  -7.9354e-07     -4.23349 
         800      52.7902 -3.30685e-05 -7.96135e-07      -4.2335 
         800      53.0133 -3.30661e-05 -7.93808e-07      -4.2335 
         800      53.2366 -3.30551e-05 -7.86829e-07      -4.2335 
         800      53.4606 -3.30381e-05 -7.75541e-07     -4.23351 
         800      53.6849 -3.30174e-05 -7.60389e-07     -4.23351 
         800      53.9099 -3.29947e-05 -7.41835e-07     -4.23352 
         800      54.1351 -3.29718e-05 -7.20435e-07     -4.23352 
         800       54.361 -3.29497e-05 -6.96711e-07     -4.23353 
         800      54.5873 -3.29295e-05 -6.71248e-07     -4.23353 
         800      54.8139 -3.29117e-05 -6.44637e-07     -4.23354 
         800      55.0412 -3.28969e-05 -6.17392e-07     -4.23354 
         800      55.2688 -3.28852e-05 -5.90087e-07     -4.23355 
         800       55.497 -3.28767e-05 -5.63179e-07     -4.23355 
         800      55.7255 -3.28713e-05 -5.37166e-07     -4.23356 
         800      55.9547 -3.28687e-05  -5.1241e-07     -4.23356 
         800      56.1844 -3.28687e-05 -4.89278e-07     -4.23357 
         800      56.4143 -3.28709e-05 -4.68067e-07     -4.23357 
         800      56.6449 -3.28747e-05 -4.48955e-07     -4.23358 
         800      56.8757 -3.28797e-05 -4.32114e-07     -4.23358 
         800      57.1072 -3.28854e-05 -4.17583e-07     -4.23359 
         800       57.339 -3.28911e-05 -4.05377e-07     -4.23359 
         800      57.5715 -3.28965e-05 -3.95397e-07      -4.2336 
         800      57.8042  -3.2901e-05 -3.87508e-07      -4.2336 
         800      58.0376 -3.29042e-05 -3.81483e-07     -4.23361 
         800      58.2715 -3.29058e-05 -3.77052e-07     -4.23361 
         800      58.5057 -3.29054e-05 -3.73892e-07     -4.23362 
         800      58.7405 -3.29028e-05 -3.71631e-07     -4.23362 
         800      58.9756  -3.2898e-05 -3.69875e-07     -4.23363 
         800      59.2113 -3.28909e-05 -3.68211e-07     -4.23363 
         800      59.4473 -3.28815e-05 -3.66229e-07     -4.23364 
         800       59.684   -3.287e-05 -3.63533e-07     -4.23364 
         800      59.9212 -3.28566e-05  -3.5977e-07     -4.23365 
         800      60.1586 -3.28419e-05 -3.54652e-07     -4.23365 
         800      60.3967 -3.28261e-05 -3.47967e-07     -4.23366 
         800      60.6351 -3.28098e-05 -3.39632e-07     -4.23367 
         800      60.8741 -3.27936e-05  -3.2969e-07     -4.23367 
         800      61.1135 -3.27783e-05 -3.18385e-07     -4.23368 
         800      61.3534 -3.27645e-05 -3.06145e-07     -4.23368 
         800      61.5939 -3.27529e-05 -2.93672e-07     -4.23369 
         800      61.8346 -3.27445e-05 -2.81965e-07     -4.23369 
         800       62.076 -3.27398e-05 -2.72329e-07      -4.2337 
         800      62.3177 -3.27396e-05 -2.66487e-07      -4.2337 
         800        62.56 -3.27446e-05 -2.66573e-07     -4.23371 
         800      62.8026 -3.27552e-05 -2.75218e-07     -4.23371 
         800      63.0459 -3.27865e-05 -2.89937e-07     -4.23372 
         800      63.2894 -3.28991e-05 -2.73961e-07     -4.23372 
         800      63.5336 -3.29901e-05 -2.54013e-07     -4.23373 
         800      63.7783 -3.30489e-05 -2.30726e-07     -4.23374 
         800      64.0233 -3.30628e-05  -2.0413e-07     -4.23374 
         800      64.2689 -3.30172e-05 -1.73503e-07     -4.23375 
         800      64.5148 -3.28948e-05 -1.37458e-07     -4.23375 
         800      64.7613 -3.28229e-05 -1.34286e-07     -4.23376 
         800      65.0082 -3.28731e-05  -1.5824e-07     -4.23376 
         800      65.2557  -3.2929e-05  -1.6886e-07     -4.23377 
         800      65.5036 -3.29885e-05 -1.66117e-07     -4.23378 
         800      65.7519 -3.30495e-05 -1.49901e-07     -4.23378 
         800      66.0008 -3.31096e-05 -1.19936e-07     -4.23379 
         800        66.25 -3.31659e-05 -7.58976e-08     -4.23379 
         800      66.4998 -3.31798e-05   -4.946e-08      -4.2338 
         800        66.75 -3.31337e-05 -7.69294e-08      -4.2338 
         800      67.0007 -3.30982e-05 -1.03557e-07     -4.23381 
         800      67.2518 -3.30716e-05 -1.28309e-07     -4.23381 
         800      67.5035 -3.30525e-05 -1.50475e-07     -4.23382 
         800      67.7557 -3.30394e-05   -1.695e-07     -4.23382 
         800      68.0082 -3.30312e-05 -1.85031e-07     -4.23383 
         800      68.2614 -3.30266e-05 -1.96918e-07     -4.23384 
         800      68.5148 -3.30249e-05 -2.05118e-07     -4.23384 
         800      68.7688 -3.30251e-05 -2.09743e-07     -4.23385 
         800      69.0232 -3.30265e-05  -2.1099e-07     -4.23385 
         800      69.2782 -3.30286e-05 -2.09151e-07     -4.23386 
         800      69.5337 -3.30308e-05 -2.04577e-07     -4.23386 
         800      69.7895 -3.30327e-05  -1.9768e-07     -4.23387 
         800      70.0459  -3.3034e-05 -1.88882e-07     -4.23388 
         800      70.3026 -3.30346e-05 -1.78646e-07     -4.23388 
         800        70.56 -3.30341e-05 -1.67407e-07     -4.23389 
         800      70.8176 -3.30327e-05 -1.55619e-07     -4.23389 
         800      71.0759 -3.30301e-05 -1.43674e-07      -4.2339 
         800      71.3347 -3.30266e-05 -1.31961e-07      -4.2339 
         800      71.5938 -3.30222e-05 -1.20816e-07     -4.23391 
         800      71.8535  -3.3017e-05   -1.105e-07     -4.23392 
         800      72.1135 -3.30113e-05 -1.01246e-07     -4.23392 
         800      72.3741 -3.30051e-05 -9.31888e-08     -4.23393 
         800       72.635 -3.29988e-05 -8.64248e-08     -4.23393 
         800      72.8967 -3.29926e-05 -8.09545e-08     -4.23394 
         800      73.1585 -3.29867e-05 -7.67276e-08     -4.23395 
         800      73.4211 -3.29814e-05 -7.36091e-08     -4.23395 
         800      73.6841 -3.29768e-05 -7.14094e-08     -4.23396 
         800      73.9473 -3.29733e-05 -6.98762e-08     -4.23396 
         800      74.2113  -3.2971e-05 -6.87018e-08     -4.23397 
         800      74.4755   -3.297e-05 -6.75408e-08     -4.23398 
         800      74.7404 -3.29706e-05 -6.60129e-08     -4.23398 
         800      75.0056 -3.29727e-05 -6.37261e-08     -4.23399 
         800      75.2714 -3.29764e-05 -6.02821e-08     -4.23399 
         800      75.5377 -3.29816e-05 -5.53058e-08       -4.234 
         800      75.8043 -3.29883e-05 -4.84671e-08     -4.23401 
         800      76.0715 -3.29962e-05 -3.94827e-08     -4.23401 
         800       76.339 -3.30051e-05 -2.81848e-08     -4.23402 
         800      76.6072 -3.30145e-05 -1.44925e-08     -4.23402 
         800      76.8756 -3.30241e-05  1.48401e-09     -4.23403 
         800      77.1448 -3.30332e-05  1.94958e-08     -4.23403 
         800      77.4141 -3.30411e-05  3.90165e-08     -4.23404 
         800      77.6842 -3.30471e-05  5.93142e-08     -4.23405 
         800      77.9547 -3.30501e-05  7.93017e-08     -4.23405 
         800      78.2255  -3.3049e-05  9.75372e-08     -4.23406 
         800       78.497 -3.30426e-05  1.12216e-07     -4.23406 
         800      78.7687 -3.30296e-05  1.21023e-07     -4.23407 
         800      79.0411 -3.30083e-05  1.21161e-07     -4.23407 
         800      79.3138  -3.2977e-05  1.09243e-07     -4.23408 
         800      79.5872 -3.29337e-05  8.12153e-08     -4.23409 
         800       79.861 -3.28765e-05  3.23344e-08     -4.23409 
         800      80.1351  -3.2803e-05  -4.2862e-08      -4.2341 
         800      80.4098 -3.29274e-05 -2.07797e-08      -4.2341 
         800      80.6849 -3.30772e-05  3.29001e-08     -4.23411 
         800      80.9606 -3.31712e-05  7.21966e-08     -4.23412 
         800      81.2365   -3.322e-05  9.96192e-08     -4.23412 
         800      81.5132 -3.32332e-05  1.17513e-07     -4.23413 
         800      81.7903 -3.32193e-05  1.27897e-07     -4.23413 
         800      82.0676 -3.31861e-05  1.32567e-07     -4.23414 
         800      82.3457 -3.31401e-05  1.33097e-07     -4.23414 
         800       82.624 -3.30871e-05  1.30833e-07     -4.23415 
         800       82.903  -3.3032e-05  1.26917e-07     -4.23415 
         800      83.1822  -3.2979e-05  1.22311e-07     -4.23415 
         800      83.4622 -3.29312e-05  1.17789e-07     -4.23416 
         800      83.7424 -3.28913e-05  1.13974e-07     -4.23416 
         800      84.0232 -3.28611e-05  1.11331e-07     -4.23417 
         800      84.3046  -3.2842e-05  1.10201e-07     -4.23417 
         800      84.5862 -3.28347e-05  1.10798e-07     -4.23418 
         800      84.8685 -3.28392e-05  1.13229e-07     -4.23418 
         800       85.151 -3.28552e-05  1.17506e-07     -4.23419 
         800      85.4342  -3.2882e-05  1.23568e-07     -4.23419 
         800      85.7177 -3.29184e-05  1.31271e-07      -4.2342 
         800      86.0019 -3.29627e-05  1.40438e-07      -4.2342 
         800      86.2865 -3.30133e-05  1.50833e-07     -4.23421 
         800      86.5714  -3.3068e-05  1.62184e-07     -4.23421 
         800       86.857 -3.31247e-05  1.74234e-07     -4.23422 
         800      87.1428 -3.31808e-05  1.86681e-07     -4.23422 
         800      87.4293  -3.3234e-05  1.99271e-07     -4.23423 
         800      87.7161 -3.32818e-05  2.11728e-07     -4.23423 
         800      88.0035 -3.33217e-05  2.23848e-07     -4.23424 
         800      88.2914 -3.33514e-05  2.35439e-07     -4.23424 
         800      88.5796 -3.33685e-05  2.46361e-07     -4.23425 
         800      88.8685 -3.33711e-05  2.56568e-07     -4.23425 
         800      89.1576 -3.33573e-05   2.6605e-07     -4.23426 
         800      89.4474 -3.33257e-05  2.74915e-07     -4.23426 
         800      89.7374 -3.32751e-05  2.83336e-07     -4.23427 
         800      90.0282 -3.32048e-05  2.91614e-07     -4.23428 
         800      90.3192 -3.31147e-05  3.00139e-07     -4.23428 
         800      90.6109 -3.30048e-05  3.09446e-07     -4.23429 
         800       90.903 -3.28763e-05   3.2018e-07     -4.23429 
         800      91.1954 -3.27308e-05   3.3312e-07      -4.2343 
         800      91.4885 -3.26907e-05  3.06266e-07      -4.2343 
         800      91.7819 -3.27087e-05   2.6607e-07     -4.23431 
         800      92.0759 -3.27262e-05  2.36143e-07     -4.23431 
         800      92.3702 -3.27461e-05  2.16246e-07     -4.23431 
         800      92.6652 -3.27711e-05  2.05803e-07     -4.23432 
         800      92.9606 -3.28033e-05  2.04037e-07     -4.23432 
         800      93.2563 -3.28443e-05  2.09897e-07     -4.23432 
         800      93.5527  -3.2895e-05  2.22103e-07     -4.23432 
         800      93.8493 -3.29554e-05  2.39118e-07     -4.23432 
         800      94.1466 -3.30246e-05  2.59229e-07     -4.23432 
         800      94.4442 -3.31003e-05  2.80455e-07     -4.23432 
         800      94.7425 -3.31791e-05  3.00688e-07     -4.23432 
         800       95.041 -3.32558e-05  3.17581e-07     -4.23432 
         800      95.3402 -3.33237e-05  3.28693e-07     -4.23432 
         800      95.6399 -3.33738e-05  3.31408e-07     -4.23432 
         800      95.9398 -3.33949e-05  3.23036e-07     -4.23432 
         800      96.2404 -3.33736e-05  3.00786e-07     -4.23433 
         800      96.5412 -3.32932e-05  2.61882e-07     -4.23433 
         800      96.8428 -3.31343e-05  2.03438e-07     -4.23434 
         800      97.1446 -3.28741e-05  1.22758e-07     -4.23435 
         800      97.4471 -3.24854e-05  1.69936e-08     -4.23437 
         800      97.7501 -3.24604e-05 -2.54887e-08     -4.23439 
         800      98.0533 -3.27288e-05 -7.02889e-09      -4.2344 
         800      98.3572 -3.29373e-05  1.12873e-08     -4.23441 
         800      98.6613 -3.30943e-05  2.89945e-08     -4.23441 
         800      98.9662 -3.32078e-05  4.57603e-08     -4.23441 
         800      99.2712 -3.32847e-05  6.12679e-08      -4.2344 
         800       99.577 -3.33314e-05  7.53173e-08     -4.23439 
         800      99.8833 -3.33536e-05  8.77317e-08     -4.23437 
         800       100.19 -3.33563e-05  9.83951e-08     -4.23436 
         800      100.497 -3.33439e-05  1.07268e-07     -4.23434 
         800      100.804 -3.33204e-05  1.14324e-07     -4.23432 
         800      101.113  -3.3289e-05  1.19608e-07      -4.2343 
         800      101.421 -3.32527e-05  1.23178e-07     -4.23428 
         800       101.73 -3.32138e-05  1.25142e-07     -4.23426 
         800      102.039 -3.31744e-05  1.25626e-07     -4.23424 
         800      102.349 -3.31361e-05  1.24784e-07     -4.23423 
         800       102.66 -3.31002e-05  1.22791e-07     -4.23421 
         800      102.971 -3.30677e-05  1.19839e-07      -4.2342 
         800      103.282 -3.30391e-05  1.16126e-07     -4.23419 
         800      103.594 -3.30151e-05   1.1187e-07     -4.23418 
         800      103.906 -3.29958e-05  1.07279e-07     -4.23418 
         800      104.219 -3.29812e-05  1.02579e-07     -4.23417 
         800      104.532 -3.29712e-05  9.79788e-08     -4.23417 
         800      104.846 -3.29656e-05  9.36936e-08     -4.23417 
         800       105.16 -3.29638e-05    8.993e-08     -4.23418 
         800      105.474 -3.29656e-05   8.6875e-08     -4.23419 
         800      105.789 -3.29703e-05  8.47131e-08     -4.23419 
         800      106.105 -3.29773e-05  8.36051e-08      -4.2342 
         800      106.421 -3.29861e-05  8.36989e-08     -4.23422 
         800      106.738 -3.29961e-05  8.51211e-08     -4.23423 
         800      107.055 -3.30067e-05  8.79766e-08     -4.23425 
         800      107.372 -3.30173e-05  9.23425e-08     -4.23427 
         800       107.69 -3.30275e-05  9.82821e-08     -4.23428 
         800      108.008 -3.30367e-05  1.05816e-07      -4.2343 
         800      108.327 -3.30446e-05   1.1496e-07     -4.23432 
         800      108.646  -3.3051e-05  1.25674e-07     -4.23434 
         800      108.966 -3.30555e-05  1.37924e-07     -4.23436 
         800      109.286  -3.3058e-05  1.51608e-07     -4.23438 
         800      109.607 -3.30586e-05   1.6664e-07      -4.2344 
         800      109.928 -3.30572e-05  1.82871e-07     -4.23441 
         800       110.25 -3.30541e-05  2.00124e-07     -4.23443 
         800      110.572 -3.30494e-05  2.18233e-07     -4.23444 
         800      110.895 -3.30435e-05  2.36956e-07     -4.23445 
         800      111.218 -3.30367e-05  2.56081e-07     -4.23445 
         800      111.541 -3.30297e-05  2.75316e-07     -4.23446 
         800      111.865 -3.30228e-05  2.94412e-07     -4.23445 
         800       112.19 -3.30166e-05  3.13052e-07     -4.23445 
         800      112.515 -3.30118e-05  3.30912e-07     -4.23444 
         800       112.84 -3.30089e-05  3.47694e-07     -4.23442 
         800      113.166 -3.30085e-05  3.63041e-07      -4.2344 
         800      113.492 -3.30111e-05  3.76642e-07     -4.23438 
         800      113.819 -3.30172e-05   3.8814e-07     -4.23434 
         800      114.147 -3.30271e-05  3.97225e-07     -4.23431 
         800      114.474  -3.3041e-05  4.03563e-07     -4.23426 
         800      114.803  -3.3059e-05  4.06861e-07     -4.23421 
         800      115.131 -3.30808e-05  4.06832e-07     -4.23415 
         800       115.46 -3.31061e-05  4.03227e-07     -4.23408 
         800       115.79  -3.3134e-05  3.95823e-07     -4.23401 
         800       116.12 -3.31633e-05  3.84457e-07     -4.23393 
         800      116.451 -3.31927e-05  3.68984e-07     -4.23384 
         800      116.782 -3.31805e-05   3.2132e-07     -4.23375 
         800      117.113 -3.31554e-05   2.5671e-07     -4.23365 
         800      117.446 -3.31497e-05  1.98267e-07     -4.23356 
         800      117.778 -3.31613e-05  1.46835e-07     -4.23346 
         800      118.111 -3.31878e-05  1.03021e-07     -4.23336 
         800      118.444 -3.32261e-05  6.74435e-08     -4.23326 
         800      118.778 -3.32725e-05  4.04385e-08     -4.23316 
         800      119.112 -3.33228e-05   2.2259e-08     -4.23306 
         800      119.447  -3.3372e-05   1.2881e-08     -4.23296 
         800      119.783 -3.34145e-05  1.20986e-08     -4.23287 
         800      120.118 -3.34439e-05  1.94235e-08     -4.23278 
         800      120.455  -3.3453e-05  3.41068e-08      -4.2327 
         800      120.791 -3.34337e-05  5.50562e-08     -4.23263 
         800      121.128 -3.33772e-05  8.08972e-08     -4.23257 
         800      121.466 -3.32737e-05  1.09814e-07     -4.23251 
         800      121.804 -3.31121e-05  1.39677e-07     -4.23248 
         800      122.143  -3.2881e-05  1.67834e-07     -4.23245 
         800      122.482 -3.26393e-05  1.38121e-07     -4.23249 
         800      122.821 -3.23663e-05  8.91507e-09     -4.23268 
         800      123.161 -3.17961e-05 -7.12687e-08     -4.23295 
         800      123.502 -3.08416e-05 -7.16041e-08     -4.23328 
         800      123.843 -2.97533e-05  3.55253e-08     -4.23368 
         800      124.184 -3.24153e-05  1.23414e-07     -4.23379 
         800      124.526 -3.43172e-05  1.92102e-07     -4.23383 
         800      124.868 -3.56043e-05  2.43933e-07     -4.23383 
         800      125.211 -3.63997e-05  2.80786e-07     -4.23378 
         800      125.554 -3.68114e-05  3.04309e-07     -4.23369 
         800      125.898 -3.69328e-05  3.15934e-07     -4.23356 
         800      126.242 -3.65569e-05  3.08028e-07     -4.23344 
         800      126.587 -3.56732e-05  2.82556e-07     -4.23337 
         800      126.932 -3.47527e-05  2.54675e-07     -4.23329 
         800      127.278 -3.38432e-05  2.25392e-07     -4.23321 
         800      127.624 -3.29852e-05  1.95657e-07     -4.23313 
         800      127.971 -3.22106e-05  1.66298e-07     -4.23305 
         800      128.318 -3.15414e-05  1.37958e-07     -4.23297 
         800      128.665 -3.09951e-05  1.11263e-07     -4.23289 
         800      129.013 -3.05807e-05  8.66516e-08     -4.23281 
         800      129.361 -3.03032e-05  6.45459e-08     -4.23274 
         800       129.71 -3.01617e-05  4.52063e-08     -4.23266 
         800       130.06 -3.01513e-05  2.88757e-08     -4.23259 
         800       130.41 -3.02635e-05  1.56635e-08     -4.23252 
         800       130.76 -3.04869e-05  5.64864e-09     -4.23246 
         800      131.111  -3.0807e-05 -1.16446e-09      -4.2324 
         800      131.462 -3.12086e-05 -4.84558e-09     -4.23234 
         800      131.814 -3.16737e-05 -5.50058e-09     -4.23228 
         800      132.166 -3.21849e-05 -3.28972e-09     -4.23223 
         800      132.519 -3.27232e-05  1.58267e-09     -4.23219 
         800      132.872 -3.32709e-05  8.88713e-09     -4.23214 
         800      133.226 -3.38098e-05  1.83524e-08     -4.23211 
         800       133.58 -3.43225e-05  2.96745e-08     -4.23207 
         800      133.934 -3.47942e-05   4.2557e-08     -4.23204 
         800      134.289 -3.52098e-05  5.66494e-08     -4.23201 
         800      134.645 -3.55576e-05  7.16331e-08     -4.23199 
         800          135 -3.58269e-05  8.71374e-08     -4.23196 
         800      135.357   -3.601e-05  1.02838e-07     -4.23194 
         800      135.714 -3.61009e-05  1.18364e-07     -4.23193 
         800      136.071 -3.60968e-05  1.33402e-07     -4.23191 
         800      136.429  -3.5997e-05   1.4761e-07      -4.2319 
         800      136.787 -3.58039e-05  1.60664e-07     -4.23188 
         800      137.146 -3.55222e-05  1.72291e-07     -4.23187 
         800      137.505 -3.51596e-05  1.82198e-07     -4.23186 
         800      137.865 -3.47256e-05  1.90156e-07     -4.23185 
         800      138.225 -3.42331e-05   1.9593e-07     -4.23184 
         800      138.586 -3.36958e-05  1.99343e-07     -4.23183 
         800      138.947 -3.31304e-05  2.00233e-07     -4.23182 
         800      139.309 -3.25553e-05  1.98487e-07     -4.23181 
         800      139.671 -3.19889e-05   1.9402e-07     -4.23179 
         800      140.033 -3.14521e-05  1.86801e-07     -4.23178 
         800      140.397 -3.09646e-05  1.76821e-07     -4.23176 
         800       140.76 -3.05472e-05  1.64142e-07     -4.23174 
         800      141.124 -3.02191e-05  1.48837e-07     -4.23172 
         800      141.488 -2.99988e-05   1.3105e-07     -4.23169 
         800      141.853 -2.99026e-05  1.10982e-07     -4.23166 
         800      142.219 -2.99437e-05  8.88322e-08     -4.23163 
         800      142.584 -3.01317e-05  6.49121e-08      -4.2316 
         800      142.951 -3.04722e-05  3.95076e-08     -4.23156 
         800      143.317 -3.09644e-05   1.3029e-08     -4.23152 
         800      143.685 -3.16021e-05 -1.41507e-08     -4.23147 
         800      144.052   -3.237e-05 -4.15287e-08     -4.23143 
         800      144.421 -3.32461e-05 -6.86465e-08     -4.23138 
         800      144.789 -3.41965e-05 -9.49384e-08     -4.23133 
         800      145.158 -3.51757e-05 -1.19803e-07     -4.23128 
         800      145.528  -3.6128e-05 -1.42661e-07     -4.23122 
         800      145.898 -3.69803e-05 -1.62825e-07     -4.23117 
         800      146.269 -3.76465e-05 -1.79646e-07     -4.23111 
         800       146.64 -3.80209e-05 -1.92388e-07     -4.23106 
         800      147.011 -3.79802e-05 -2.00342e-07       -4.231 
         800      147.383 -3.73787e-05 -2.02746e-07     -4.23095 
         800      147.755 -3.60502e-05 -1.98842e-07     -4.23091 
         800      148.128    -3.38e-05 -1.87856e-07     -4.23086 
         800      148.502 -3.04123e-05 -1.69031e-07     -4.23083 
         800      148.876 -2.56332e-05 -1.41571e-07      -4.2308 
         800       149.25 -1.91909e-05 -1.04761e-07     -4.23078 
         800      149.625 -1.07616e-05 -5.78006e-08     -4.23077 
         800          150           -0           -0     -4.23077 
