Variables = x, y, u, v, p

Zone, I=800, F=POINT
         600            0           -0           -0      12.7715 
         600     0.000234   2.0782e-06 -5.94226e-13      12.7715 
         600     0.000939  7.64086e-06 -5.92791e-12      12.7715 
         600     0.002113  1.47616e-05 -2.93474e-11      12.7715 
         600     0.003759  2.08412e-05 -1.02225e-10      12.7715 
         600     0.005872  2.32555e-05 -2.86469e-10      12.7715 
         600     0.008457   2.0124e-05 -6.92941e-10      12.7715 
         600      0.01151  1.08005e-05 -1.50056e-09      12.7715 
         600     0.015036 -3.98066e-06 -2.98307e-09      12.7715 
         600     0.019031 -2.23388e-05  -5.5289e-09      12.7715 
         600     0.023493 -4.19717e-05 -9.66704e-09      12.7715 
         600     0.028429 -6.10894e-05 -1.61026e-08      12.7715 
         600     0.033831  -7.9095e-05 -2.57111e-08      12.7715 
         600     0.039706 -9.69686e-05  -3.9597e-08      12.7715 
         600     0.046047 -0.000116583  -5.9056e-08      12.7715 
         600     0.052863 -0.000139322 -8.56605e-08      12.7715 
         600      0.06015 -0.000164186 -1.21179e-07      12.7715 
         600       0.0679 -0.000187377 -1.67569e-07      12.7715 
         600     0.076126 -0.000206697 -2.27128e-07      12.7715 
         600     0.084816 -0.000232581 -3.02183e-07      12.7715 
         600     0.093982 -0.000254556 -3.95458e-07      12.7715 
         600     0.103611 -0.000276999  -5.0957e-07      12.7715 
         600     0.113718 -0.000299428 -6.47555e-07      12.7715 
         600     0.124286 -0.000321401 -8.12121e-07      12.7715 
         600     0.135333 -0.000342677 -1.00654e-06      12.7715 
         600      0.14685 -0.000363077 -1.23368e-06      12.7715 
         600     0.158827  -0.00038252 -1.49626e-06      12.7715 
         600     0.171284 -0.000401026 -1.79758e-06      12.7715 
         600     0.184201 -0.000418549  -2.1399e-06      12.7715 
         600     0.197599 -0.000435058 -2.52636e-06      12.7715 
         600     0.211455 -0.000450409 -2.95867e-06      12.7715 
         600     0.225792 -0.000464508 -3.43977e-06      12.7715 
         600       0.2406 -0.000477398 -3.97138e-06      12.7715 
         600     0.255865 -0.000489334 -4.55476e-06      12.7715 
         600     0.271613 -0.000499995 -5.19215e-06      12.7715 
         600     0.287818 -0.000509558  -5.8838e-06      12.7715 
         600     0.304506  -0.00051807 -6.63192e-06      12.7715 
         600      0.32165 -0.000525564 -7.43614e-06      12.7715 
         600     0.339278 -0.000532104 -8.29835e-06      12.7715 
         600     0.357377 -0.000537747 -9.21832e-06      12.7715 
         600      0.37593 -0.000542557 -1.01953e-05      12.7715 
         600     0.394968 -0.000546616 -1.12308e-05      12.7715 
         600     0.414461 -0.000549994 -1.23233e-05      12.7715 
         600      0.43444 -0.000552775  -1.3474e-05      12.7715 
         600     0.454872 -0.000555032 -1.46809e-05      12.7715 
         600     0.475791 -0.000556846 -1.59457e-05      12.7715 
         600     0.497163 -0.000558288  -1.7266e-05      12.7715 
         600     0.519021 -0.000559432 -1.86435e-05      12.7715 
         600      0.54135 -0.000560344 -2.00767e-05      12.7715 
         600     0.564131  -0.00056109 -2.15637e-05      12.7715 
         600       0.5874 -0.000561736 -2.31055e-05      12.7715 
         600     0.611121  -0.00056235 -2.46982e-05      12.7715 
         600      0.63533 -0.000562982 -2.63479e-05      12.7715 
         600      0.65999 -0.000563644  -2.8047e-05      12.7715 
         600     0.685139 -0.000564389 -2.97974e-05      12.7715 
         600     0.710759 -0.000565255 -3.15973e-05      12.7715 
         600     0.736828  -0.00056627 -3.34436e-05      12.7715 
         600     0.763387 -0.000567451 -3.53376e-05      12.7715 
         600     0.790396 -0.000568799 -3.72744e-05      12.7715 
         600     0.817896 -0.000570305 -3.92544e-05      12.7715 
         600     0.845843 -0.000571941 -4.12714e-05      12.7715 
         600     0.874283 -0.000573672 -4.33252e-05      12.7715 
         600      0.90317 -0.000575444 -4.54086e-05      12.7715 
         600     0.932551 -0.000577194 -4.75206e-05      12.7715 
         600     0.962401 -0.000578847 -4.96543e-05      12.7715 
         600     0.992697 -0.000580315 -5.18029e-05      12.7715 
         600      1.02349 -0.000581507 -5.39641e-05      12.7715 
         600      1.05472 -0.000582322 -5.61281e-05      12.7715 
         600      1.08645 -0.000582658 -5.82922e-05      12.7715 
         600      1.11863 -0.000582409 -6.04462e-05      12.7715 
         600       1.1513 -0.000581472 -6.25867e-05      12.7715 
         600      1.18444  -0.00057975 -6.47052e-05      12.7715 
         600      1.21802 -0.000577154 -6.67935e-05      12.7715 
         600      1.25211 -0.000573604 -6.88484e-05      12.7715 
         600      1.28663 -0.000569043 -7.08607e-05      12.7715 
         600      1.32165 -0.000563421 -7.28287e-05      12.7715 
         600      1.35712 -0.000556729 -7.47447e-05      12.7715 
         600      1.39308 -0.000548962  -7.6609e-05      12.7715 
         600      1.42951  -0.00054016 -7.84188e-05      12.7715 
         600      1.46638 -0.000530401 -8.01733e-05      12.7715 
         600      1.50375 -0.000519769 -8.18784e-05      12.7715 
         600      1.54156 -0.000508002 -8.35062e-05      12.7715 
         600      1.57987 -0.000495763 -8.50759e-05      12.7715 
         600      1.61863 -0.000483157 -8.65894e-05      12.7715 
         600      1.65788 -0.000470204 -8.80512e-05      12.7715 
         600      1.69757 -0.000456965 -8.94609e-05      12.7715 
         600      1.73776 -0.000443453 -9.08223e-05      12.7715 
         600      1.77842 -0.000429711 -9.21357e-05      12.7715 
         600      1.81952 -0.000415777 -9.34009e-05      12.7715 
         600      1.86113 -0.000401654 -9.46208e-05      12.7715 
         600      1.90316 -0.000387386 -9.57937e-05      12.7715 
         600      1.94571 -0.000372968 -9.69216e-05      12.7715 
         600      1.98869 -0.000358438 -9.80024e-05      12.7715 
         600      2.03217 -0.000343785 -9.90376e-05      12.7715 
         600      2.07612  -0.00032903 -0.000100025      12.7715 
         600      2.12051 -0.000314192 -0.000100964      12.7715 
         600       2.1654 -0.000299254 -0.000101855      12.7715 
         600      2.21073 -0.000284244 -0.000102694      12.7715 
         600      2.25656 -0.000269141 -0.000103481      12.7715 
         600      2.30283 -0.000253973 -0.000104215      12.7715 
         600       2.3496 -0.000238718 -0.000104894      12.7715 
         600      2.39685 -0.000223392 -0.000105516      12.7715 
         600      2.44452 -0.000208012  -0.00010608      12.7715 
         600      2.49271  -0.00019256 -0.000106584      12.7715 
         600      2.54132 -0.000177069 -0.000107027      12.7715 
         600      2.59044 -0.000161524 -0.000107407      12.7715 
         600         2.64 -0.000145965 -0.000107725      12.7715 
         600      2.69006 -0.000130383 -0.000107978      12.7715 
         600      2.74056 -0.000114824 -0.000108166      12.7715 
         600      2.79156 -9.92868e-05  -0.00010829      12.7715 
         600      2.84304 -8.38124e-05 -0.000108348      12.7715 
         600      2.89494 -6.84443e-05 -0.000108341      12.7715 
         600      2.94735 -5.31933e-05 -0.000108271      12.7715 
         600       3.0002 -3.81216e-05 -0.000108137      12.7715 
         600      3.05355 -2.32462e-05 -0.000107941      12.7715 
         600      3.10733 -8.63188e-06 -0.000107685      12.7715 
         600      3.16163   5.7024e-06 -0.000107368      12.7715 
         600      3.21639  1.97042e-05 -0.000106994      12.7715 
         600      3.27158  3.33256e-05 -0.000106564      12.7715 
         600      3.32729  4.65566e-05 -0.000106078      12.7715 
         600      3.38342  5.93533e-05 -0.000105538      12.7715 
         600      3.44007  7.17243e-05 -0.000104943      12.7715 
         600      3.49714  8.36546e-05 -0.000104293      12.7715 
         600      3.55472  9.51874e-05 -0.000103585      12.7715 
         600      3.61273  0.000106355 -0.000102818      12.7715 
         600      3.67125  0.000117255 -0.000101983      12.7715 
         600      3.73025  0.000127999 -0.000101074      12.7715 
         600      3.78967  0.000138049 -0.000100163      12.7715 
         600      3.84961  0.000147403 -9.92407e-05      12.7715 
         600      3.90996  0.000156276 -9.82788e-05      12.7715 
         600      3.97084  0.000164659  -9.7279e-05      12.7715 
         600      4.03214  0.000172517 -9.62464e-05      12.7715 
         600      4.09395  0.000179847 -9.51827e-05      12.7715 
         600      4.15624  0.000186633  -9.4092e-05      12.7715 
         600      4.21895  0.000192862 -9.29787e-05      12.7715 
         600      4.28217  0.000198543 -9.18441e-05      12.7715 
         600      4.34582  0.000203667 -9.06933e-05      12.7715 
         600      4.40998  0.000208249 -8.95276e-05      12.7715 
         600      4.47457   0.00021229 -8.83522e-05      12.7715 
         600      4.53968  0.000215809 -8.71683e-05      12.7715 
         600      4.60525  0.000218818   -8.598e-05      12.7715 
         600      4.67125  0.000221335 -8.47915e-05      12.7715 
         600      4.73777  0.000223383  -8.3604e-05      12.7715 
         600       4.8047  0.000224983 -8.24228e-05      12.7715 
         600      4.87216  0.000226163 -8.12492e-05      12.7715 
         600      4.94003  0.000226948 -8.00885e-05      12.7715 
         600      5.00843   0.00022737 -7.89439e-05      12.7715 
         600      5.07724  0.000227522 -7.78458e-05      12.7715 
         600      5.14658  0.000227358 -7.67479e-05      12.7715 
         600      5.21639  0.000226904 -7.56533e-05      12.7715 
         600      5.28661  0.000226189 -7.45655e-05      12.7715 
         600      5.35736  0.000225238 -7.34851e-05      12.7715 
         600      5.42852  0.000224079 -7.24162e-05      12.7715 
         600      5.50021  0.000222736 -7.13592e-05      12.7715 
         600      5.57231  0.000221236  -7.0318e-05      12.7715 
         600      5.64493  0.000219601 -6.92927e-05      12.7715 
         600      5.71803  0.000217856 -6.82858e-05      12.7715 
         600      5.79154  0.000216022 -6.72993e-05      12.7716 
         600      5.86558  0.000214118 -6.63327e-05      12.7716 
         600      5.94003  0.000212165 -6.53881e-05      12.7716 
         600      6.01501  0.000210175  -6.4464e-05      12.7716 
         600       6.0904  0.000208167 -6.35618e-05      12.7716 
         600      6.16632  0.000206149 -6.26793e-05      12.7716 
         600      6.24271  0.000204134 -6.18159e-05      12.7716 
         600       6.3195  0.000202132 -6.09708e-05      12.7716 
         600      6.39683  0.000200144 -6.01404e-05      12.7716 
         600      6.47457  0.000198178 -5.93235e-05      12.7716 
         600      6.55284  0.000196232 -5.85158e-05      12.7716 
         600      6.63152  0.000194308 -5.77154e-05      12.7716 
         600      6.71073  0.000192401 -5.69173e-05      12.7716 
         600      6.79034   0.00019051 -5.61189e-05      12.7716 
         600      6.87049  0.000188625 -5.53151e-05      12.7716 
         600      6.95111  0.000186742 -5.45024e-05      12.7716 
         600      7.03214  0.000184838 -5.37059e-05      12.7716 
         600       7.1137  0.000182932 -5.29813e-05      12.7716 
         600      7.19566  0.000181089 -5.22622e-05      12.7716 
         600      7.27816  0.000179298 -5.15472e-05      12.7716 
         600      7.36106  0.000177553 -5.08371e-05      12.7716 
         600      7.44451  0.000175845 -5.01305e-05      12.7716 
         600      7.52842   0.00017417 -4.94279e-05      12.7716 
         600      7.61273  0.000172523 -4.87299e-05      12.7716 
         600      7.69758  0.000170897 -4.80355e-05      12.7716 
         600      7.78283  0.000169291 -4.73461e-05      12.7716 
         600      7.86862    0.0001677 -4.66609e-05      12.7716 
         600      7.95481  0.000166125 -4.59815e-05      12.7716 
         600      8.04155  0.000164562 -4.53072e-05      12.7716 
         600      8.12868  0.000163012   -4.464e-05      12.7716 
         600      8.21635  0.000161474 -4.39795e-05      12.7716 
         600      8.30449  0.000159949 -4.33272e-05      12.7716 
         600      8.39303   0.00015844 -4.26847e-05      12.7716 
         600      8.48211  0.000156947 -4.20521e-05      12.7716 
         600      8.57159  0.000155473 -4.14319e-05      12.7716 
         600      8.66161   0.00015402 -4.08245e-05      12.7716 
         600      8.75203  0.000152592 -4.02328e-05      12.7716 
         600      8.84299  0.000151188 -3.96576e-05      12.7716 
         600      8.93443   0.00014979 -3.90706e-05      12.7716 
         600      9.02626  0.000148402 -3.84824e-05      12.7716 
         600      9.11863  0.000147029 -3.78995e-05      12.7716 
         600      9.21139  0.000145671  -3.7322e-05      12.7716 
         600      9.30471  0.000144326 -3.67482e-05      12.7716 
         600      9.39841  0.000142996 -3.61791e-05      12.7716 
         600      9.49267  0.000141681 -3.56141e-05      12.7716 
         600      9.58739  0.000140383 -3.50541e-05      12.7716 
         600      9.68251  0.000139105 -3.45006e-05      12.7716 
         600      9.77817  0.000137846 -3.39535e-05      12.7716 
         600      9.87422  0.000136612 -3.34147e-05      12.7716 
         600      9.97083  0.000135401  -3.2884e-05      12.7716 
         600      10.0678  0.000134216 -3.23628e-05      12.7716 
         600      10.1654  0.000133054 -3.18499e-05      12.7716 
         600      10.2633  0.000131916 -3.13453e-05      12.7716 
         600      10.3618  0.000130794 -3.08462e-05      12.7716 
         600      10.4607  0.000129682 -3.03496e-05      12.7716 
         600      10.5601   0.00012857 -2.98509e-05      12.7716 
         600        10.66  0.000127438 -2.93424e-05      12.7716 
         600      10.7603  0.000126268 -2.88156e-05      12.7716 
         600      10.8611  0.000125028 -2.82573e-05      12.7716 
         600      10.9623  0.000123683 -2.76532e-05      12.7716 
         600      11.0641  0.000122729 -2.72513e-05      12.7716 
         600      11.1663  0.000121829 -2.68524e-05      12.7716 
         600       11.269  0.000120886  -2.6416e-05      12.7716 
         600      11.3721  0.000119908 -2.59567e-05      12.7716 
         600      11.4757  0.000118907 -2.54874e-05      12.7716 
         600      11.5798   0.00011789 -2.50171e-05      12.7716 
         600      11.6844  0.000116865 -2.45536e-05      12.7716 
         600      11.7894  0.000115839 -2.41012e-05      12.7716 
         600       11.895  0.000114817 -2.36635e-05      12.7716 
         600      12.0009  0.000113804 -2.32423e-05      12.7716 
         600      12.1073  0.000112803 -2.28373e-05      12.7716 
         600      12.2142  0.000111818 -2.24484e-05      12.7716 
         600      12.3216  0.000110849 -2.20735e-05      12.7716 
         600      12.4294    0.0001099 -2.17112e-05      12.7716 
         600      12.5378  0.000108969 -2.13585e-05      12.7717 
         600      12.6465  0.000108058 -2.10135e-05      12.7717 
         600      12.7558  0.000107166  -2.0673e-05      12.7717 
         600      12.8656  0.000106291 -2.03352e-05      12.7717 
         600      12.9757  0.000105435 -1.99982e-05      12.7717 
         600      13.0864  0.000104593   -1.966e-05      12.7717 
         600      13.1975  0.000103767 -1.93199e-05      12.7717 
         600      13.3092  0.000102954 -1.89767e-05      12.7717 
         600      13.4212  0.000102153 -1.86306e-05      12.7717 
         600      13.5338  0.000101363 -1.82812e-05      12.7717 
         600      13.6468  0.000100584  -1.7929e-05      12.7717 
         600      13.7603  9.98168e-05 -1.75746e-05      12.7717 
         600      13.8743  9.90619e-05 -1.72175e-05      12.7717 
         600      13.9886  9.82705e-05 -1.69548e-05      12.7717 
         600      14.1036  9.74264e-05 -1.67809e-05      12.7717 
         600      14.2189   9.6599e-05 -1.65658e-05      12.7717 
         600      14.3348  9.57953e-05 -1.63135e-05      12.7717 
         600       14.451   9.5027e-05 -1.60323e-05      12.7717 
         600      14.5678  9.43057e-05 -1.57342e-05      12.7717 
         600      14.6851   9.3648e-05 -1.54363e-05      12.7717 
         600      14.8028  9.30736e-05 -1.51611e-05      12.7717 
         600       14.921  9.26048e-05 -1.49359e-05      12.7717 
         600      15.0396   9.1951e-05 -1.46416e-05      12.7717 
         600      15.1588  9.12588e-05 -1.43629e-05      12.7717 
         600      15.2783   9.0565e-05 -1.41049e-05      12.7717 
         600      15.3984  8.98754e-05 -1.38604e-05      12.7717 
         600       15.519  8.91951e-05  -1.3625e-05      12.7717 
         600        15.64   8.8528e-05 -1.33956e-05      12.7717 
         600      15.7615  8.78749e-05 -1.31705e-05      12.7717 
         600      15.8834  8.72377e-05 -1.29492e-05      12.7717 
         600      16.0058  8.66153e-05 -1.27319e-05      12.7717 
         600      16.1286   8.6008e-05 -1.25196e-05      12.7717 
         600       16.252  8.54139e-05 -1.23133e-05      12.7717 
         600      16.3759  8.48321e-05 -1.21142e-05      12.7717 
         600      16.5002  8.42618e-05 -1.19238e-05      12.7717 
         600       16.625  8.37007e-05 -1.17426e-05      12.7717 
         600      16.7501  8.31487e-05 -1.15713e-05      12.7717 
         600      16.8759  8.26041e-05 -1.14096e-05      12.7717 
         600       17.002  8.20673e-05 -1.12572e-05      12.7717 
         600      17.1287  8.15374e-05 -1.11125e-05      12.7717 
         600      17.2557  8.10156e-05  -1.0974e-05      12.7717 
         600      17.3834  8.05016e-05 -1.08389e-05      12.7717 
         600      17.5115  7.99967e-05 -1.07045e-05      12.7717 
         600      17.6399  7.95023e-05 -1.05678e-05      12.7717 
         600       17.769  7.90185e-05 -1.04252e-05      12.7717 
         600      17.8984  7.85466e-05 -1.02739e-05      12.7717 
         600      18.0284  7.80857e-05 -1.01111e-05      12.7717 
         600      18.1587  7.76359e-05 -9.93556e-06      12.7717 
         600      18.2896  7.71939e-05 -9.74667e-06      12.7717 
         600       18.421  7.67561e-05 -9.54637e-06      12.7717 
         600      18.5528  7.63165e-05 -9.33918e-06      12.7717 
         600      18.6851  7.58649e-05 -9.13246e-06      12.7717 
         600      18.8178  7.53891e-05 -8.93833e-06      12.7717 
         600      18.9511   7.4871e-05 -8.77336e-06      12.7717 
         600      19.0847  7.42887e-05  -8.6607e-06      12.7717 
         600      19.2189  7.38868e-05 -8.46594e-06      12.7717 
         600      19.3535  7.34922e-05 -8.30524e-06      12.7717 
         600      19.4886     7.31e-05 -8.17137e-06      12.7717 
         600      19.6242  7.27143e-05 -8.05397e-06      12.7717 
         600      19.7602  7.23381e-05 -7.94406e-06      12.7717 
         600      19.8968  7.19727e-05 -7.83372e-06      12.7717 
         600      20.0337  7.16184e-05 -7.71663e-06      12.7717 
         600      20.1712  7.12722e-05 -7.58721e-06      12.7717 
         600      20.3091  7.09289e-05  -7.4413e-06      12.7717 
         600      20.4475  7.05799e-05 -7.27812e-06      12.7717 
         600      20.5864  7.02615e-05 -7.20892e-06      12.7717 
         600      20.7257  6.99155e-05 -7.13405e-06      12.7717 
         600      20.8655  6.95515e-05 -7.05538e-06      12.7717 
         600      21.0058  6.91785e-05  -6.9746e-06      12.7717 
         600      21.1465  6.88031e-05 -6.89271e-06      12.7717 
         600      21.2877  6.84316e-05 -6.81064e-06      12.7718 
         600      21.4294  6.80679e-05 -6.72873e-06      12.7718 
         600      21.5716  6.77158e-05  -6.6473e-06      12.7718 
         600      21.7142  6.73778e-05 -6.56644e-06      12.7718 
         600      21.8573   6.7055e-05 -6.48592e-06      12.7718 
         600      22.0008  6.67486e-05 -6.40563e-06      12.7718 
         600      22.1449   6.6458e-05 -6.32519e-06      12.7718 
         600      22.2893  6.61833e-05 -6.24441e-06      12.7718 
         600      22.4344  6.59228e-05 -6.16291e-06      12.7718 
         600      22.5797  6.56756e-05  -6.0806e-06      12.7718 
         600      22.7257  6.54397e-05 -5.99724e-06      12.7718 
         600      22.8721  6.52132e-05 -5.91291e-06      12.7718 
         600      23.0189  6.49945e-05 -5.82783e-06      12.7718 
         600      23.1663  6.47812e-05 -5.74221e-06      12.7718 
         600       23.314  6.45716e-05 -5.65674e-06      12.7718 
         600      23.4623  6.43636e-05 -5.57203e-06      12.7718 
         600       23.611  6.41559e-05 -5.48917e-06      12.7718 
         600      23.7602  6.39469e-05 -5.40924e-06      12.7718 
         600        23.91  6.37355e-05 -5.33373e-06      12.7718 
         600        24.06  6.35213e-05 -5.26432e-06      12.7718 
         600      24.2107  6.33035e-05 -5.20275e-06      12.7718 
         600      24.3617  6.30825e-05 -5.15115e-06      12.7718 
         600      24.5133  6.28578e-05 -5.10863e-06      12.7718 
         600      24.6653  6.26274e-05 -5.04237e-06      12.7718 
         600      24.8178  6.24027e-05 -4.98163e-06      12.7718 
         600      24.9708  6.21843e-05 -4.92604e-06      12.7718 
         600      25.1242  6.19728e-05 -4.87508e-06      12.7718 
         600      25.2781   6.1768e-05 -4.82797e-06      12.7718 
         600      25.4324  6.15705e-05 -4.78405e-06      12.7718 
         600      25.5873  6.13799e-05 -4.74246e-06      12.7718 
         600      25.7426  6.11966e-05 -4.70247e-06      12.7718 
         600      25.8984  6.10199e-05 -4.66331e-06      12.7718 
         600      26.0546    6.085e-05 -4.62445e-06      12.7718 
         600      26.2114  6.06861e-05 -4.58543e-06      12.7718 
         600      26.3686   6.0528e-05 -4.54615e-06      12.7718 
         600      26.5262  6.03753e-05  -4.5069e-06      12.7718 
         600      26.6844  6.02271e-05  -4.4683e-06      12.7718 
         600      26.8429  6.00831e-05 -4.43168e-06      12.7718 
         600       27.002  5.99424e-05 -4.39895e-06      12.7718 
         600      27.1615  5.98048e-05 -4.37293e-06      12.7718 
         600      27.3216  5.96694e-05 -4.35729e-06      12.7718 
         600      27.4821   5.9536e-05  -4.3569e-06      12.7718 
         600       27.643  5.94043e-05 -4.37785e-06      12.7718 
         600      27.8044  5.92742e-05 -4.42774e-06      12.7718 
         600      27.9663  5.91458e-05 -4.51567e-06      12.7718 
         600      28.1287  5.89557e-05 -4.48734e-06      12.7718 
         600      28.2914  5.87548e-05 -4.36522e-06      12.7718 
         600      28.4548  5.86109e-05 -4.30333e-06      12.7718 
         600      28.6185  5.85117e-05 -4.28634e-06      12.7718 
         600      28.7828  5.84454e-05 -4.29891e-06      12.7718 
         600      28.9475  5.84016e-05 -4.32594e-06      12.7718 
         600      29.1126  5.83713e-05 -4.35247e-06      12.7719 
         600      29.2784  5.83474e-05 -4.36381e-06      12.7719 
         600      29.4444  5.83249e-05 -4.34546e-06      12.7719 
         600       29.611  5.80966e-05 -4.19716e-06      12.7719 
         600       29.778  5.78861e-05 -4.08052e-06      12.7719 
         600      29.9456  5.77128e-05 -3.99811e-06      12.7719 
         600      30.1137  5.75752e-05 -3.94237e-06      12.7719 
         600      30.2821  5.74702e-05 -3.90651e-06      12.7719 
         600      30.4511  5.73927e-05 -3.88454e-06      12.7719 
         600      30.6204  5.73373e-05 -3.87143e-06      12.7719 
         600      30.7903  5.72978e-05 -3.86293e-06      12.7719 
         600      30.9606  5.72681e-05  -3.8557e-06      12.7719 
         600      31.1315  5.72419e-05 -3.84717e-06      12.7719 
         600      31.3028  5.72138e-05 -3.83556e-06      12.7719 
         600      31.4745  5.71787e-05 -3.81984e-06      12.7719 
         600      31.6468  5.71327e-05 -3.79963e-06      12.7719 
         600      31.8194  5.70728e-05 -3.77523e-06      12.7719 
         600      31.9926  5.69973e-05  -3.7474e-06      12.7719 
         600      32.1662  5.69059e-05 -3.71748e-06      12.7719 
         600      32.3404  5.67992e-05 -3.68704e-06      12.7719 
         600      32.5149  5.66796e-05 -3.65806e-06      12.7719 
         600        32.69  5.65502e-05 -3.63253e-06      12.7719 
         600      32.8655  5.64154e-05 -3.61254e-06      12.7719 
         600      33.0414  5.62805e-05 -3.60002e-06      12.7719 
         600       33.218  5.61507e-05 -3.59659e-06      12.7719 
         600      33.3948  5.60322e-05  -3.6034e-06      12.7719 
         600      33.5723  5.59303e-05 -3.62097e-06      12.7719 
         600        33.75  5.58497e-05 -3.64891e-06      12.7719 
         600      33.9284  5.57937e-05 -3.68582e-06      12.7719 
         600      34.1073  5.57637e-05 -3.72891e-06      12.7719 
         600      34.2865   5.5758e-05 -3.77379e-06      12.7719 
         600      34.4663  5.57714e-05 -3.81433e-06      12.7719 
         600      34.6465   5.5794e-05 -3.84211e-06      12.7719 
         600      34.8272    5.581e-05 -3.84638e-06      12.7719 
         600      35.0083   5.5797e-05 -3.81353e-06      12.7719 
         600        35.19  5.57241e-05 -3.72677e-06      12.7719 
         600      35.3721   5.5551e-05  -3.5658e-06      12.7719 
         600      35.5546  5.56416e-05 -3.60434e-06       12.772 
         600      35.7377   5.5653e-05  -3.6455e-06       12.772 
         600      35.9211  5.55901e-05 -3.67494e-06       12.772 
         600      36.1052  5.54761e-05  -3.6922e-06       12.772 
         600      36.2895  5.53341e-05  -3.6985e-06       12.772 
         600      36.4745  5.51851e-05 -3.69642e-06       12.772 
         600      36.6598  5.50482e-05 -3.68934e-06       12.772 
         600      36.8457  5.49387e-05 -3.68096e-06       12.772 
         600      37.0321  5.48672e-05 -3.67473e-06       12.772 
         600      37.2188  5.48386e-05 -3.67319e-06       12.772 
         600      37.4062  5.48505e-05  -3.6773e-06       12.772 
         600      37.5938  5.48923e-05 -3.68567e-06       12.772 
         600      37.7821  5.49431e-05 -3.69385e-06       12.772 
         600      37.9707  5.49708e-05 -3.69336e-06       12.772 
         600      38.1599  5.49302e-05 -3.67083e-06       12.772 
         600      38.3496  5.48381e-05 -3.63065e-06       12.772 
         600      38.5396   5.4797e-05 -3.59348e-06       12.772 
         600      38.7302  5.47591e-05 -3.54561e-06       12.772 
         600      38.9211  5.47224e-05 -3.49146e-06       12.772 
         600      39.1127  5.46859e-05 -3.43453e-06       12.772 
         600      39.3046  5.46492e-05 -3.37778e-06       12.772 
         600      39.4971  5.46122e-05 -3.32338e-06       12.772 
         600      39.6899  5.45754e-05 -3.27316e-06       12.772 
         600      39.8833  5.45392e-05 -3.22826e-06       12.772 
         600      40.0772  5.45043e-05 -3.18957e-06       12.772 
         600      40.2714  5.44715e-05 -3.15755e-06       12.772 
         600      40.4663  5.44412e-05 -3.13229e-06       12.772 
         600      40.6615  5.44139e-05 -3.11366e-06       12.772 
         600      40.8573  5.43899e-05 -3.10116e-06       12.772 
         600      41.0534  5.43693e-05 -3.09408e-06      12.7721 
         600      41.2501  5.43519e-05 -3.09142e-06      12.7721 
         600      41.4473  5.43374e-05 -3.09188e-06      12.7721 
         600      41.6448  5.43254e-05 -3.09385e-06      12.7721 
         600      41.8429  5.43153e-05 -3.09537e-06      12.7721 
         600      42.0414  5.43067e-05 -3.09407e-06      12.7721 
         600      42.2405  5.42991e-05  -3.0871e-06      12.7721 
         600      42.4399  5.42926e-05 -3.07106e-06      12.7721 
         600      42.6399  5.42873e-05 -3.04185e-06      12.7721 
         600      42.8404  5.42844e-05 -2.99464e-06      12.7721 
         600      43.0412  5.42858e-05 -2.92375e-06      12.7721 
         600      43.2426  5.42945e-05 -2.82224e-06      12.7721 
         600      43.4444  5.43118e-05 -2.68553e-06      12.7721 
         600      43.6467  5.41334e-05 -2.75045e-06      12.7721 
         600      43.8494  5.40166e-05 -2.79234e-06      12.7721 
         600      44.0527  5.39509e-05 -2.81683e-06      12.7721 
         600      44.2563  5.39265e-05 -2.82836e-06      12.7721 
         600      44.4606  5.39342e-05 -2.83052e-06      12.7721 
         600      44.6653  5.39654e-05 -2.82604e-06      12.7721 
         600      44.8704  5.40125e-05 -2.81697e-06      12.7721 
         600       45.076  5.40684e-05  -2.8047e-06      12.7721 
         600       45.282  5.41269e-05 -2.79017e-06      12.7721 
         600      45.4886   5.4183e-05 -2.77385e-06      12.7721 
         600      45.6955  5.42321e-05 -2.75596e-06      12.7721 
         600       45.903  5.42708e-05 -2.73641e-06      12.7722 
         600      46.1111  5.42965e-05 -2.71504e-06      12.7722 
         600      46.3194  5.43076e-05  -2.6916e-06      12.7722 
         600      46.5283  5.43034e-05 -2.66581e-06      12.7722 
         600      46.7376  5.42838e-05 -2.63754e-06      12.7722 
         600      46.9475  5.42499e-05  -2.6067e-06      12.7722 
         600      47.1577  5.42033e-05  -2.5735e-06      12.7722 
         600      47.3685  5.41465e-05 -2.53827e-06      12.7722 
         600      47.5798  5.40824e-05 -2.50173e-06      12.7722 
         600      47.7914  5.40147e-05 -2.46488e-06      12.7722 
         600      48.0037  5.39475e-05 -2.42901e-06      12.7722 
         600      48.2162  5.38852e-05 -2.39585e-06      12.7722 
         600      48.4294  5.38323e-05 -2.36739e-06      12.7722 
         600      48.6429  5.37936e-05  -2.3461e-06      12.7722 
         600       48.857  5.37737e-05 -2.33471e-06      12.7722 
         600      49.0714  5.37768e-05 -2.33632e-06      12.7722 
         600      49.2865  5.38068e-05 -2.35433e-06      12.7722 
         600       49.502  5.38668e-05  -2.3924e-06      12.7722 
         600      49.7179  5.39591e-05 -2.45431e-06      12.7722 
         600      49.9343  5.40848e-05 -2.54417e-06      12.7722 
         600      50.1511  5.42434e-05 -2.66585e-06      12.7723 
         600      50.3685  5.44331e-05 -2.82356e-06      12.7723 
         600      50.5862  5.43338e-05 -2.71366e-06      12.7723 
         600      50.8046  5.41763e-05 -2.54126e-06      12.7723 
         600      51.0234  5.40736e-05 -2.40918e-06      12.7723 
         600      51.2425  5.40242e-05 -2.31329e-06      12.7723 
         600      51.4623  5.40235e-05 -2.24834e-06      12.7723 
         600      51.6824   5.4063e-05 -2.20858e-06      12.7723 
         600      51.9031  5.41297e-05 -2.18744e-06      12.7723 
         600      52.1241  5.42056e-05   -2.178e-06      12.7723 
         600      52.3457  5.42666e-05 -2.17298e-06      12.7723 
         600      52.5676   5.4282e-05 -2.16504e-06      12.7723 
         600      52.7902  5.42134e-05 -2.14698e-06      12.7723 
         600      53.0133  5.40141e-05 -2.11203e-06      12.7723 
         600      53.2366  5.37948e-05 -2.06972e-06      12.7723 
         600      53.4606  5.37834e-05 -2.04952e-06      12.7723 
         600      53.6849  5.37812e-05 -2.03503e-06      12.7723 
         600      53.9099  5.37866e-05 -2.02455e-06      12.7723 
         600      54.1351  5.37981e-05  -2.0167e-06      12.7723 
         600       54.361  5.38144e-05  -2.0103e-06      12.7724 
         600      54.5873  5.38342e-05 -2.00448e-06      12.7724 
         600      54.8139  5.38567e-05 -1.99854e-06      12.7724 
         600      55.0412  5.38808e-05   -1.992e-06      12.7724 
         600      55.2688  5.39058e-05 -1.98453e-06      12.7724 
         600       55.497   5.3931e-05 -1.97598e-06      12.7724 
         600      55.7255  5.39558e-05 -1.96632e-06      12.7724 
         600      55.9547  5.39796e-05 -1.95561e-06      12.7724 
         600      56.1844  5.40019e-05 -1.94405e-06      12.7724 
         600      56.4143  5.40222e-05 -1.93189e-06      12.7724 
         600      56.6449    5.404e-05  -1.9194e-06      12.7724 
         600      56.8757  5.40549e-05 -1.90696e-06      12.7724 
         600      57.1072  5.40001e-05 -1.88172e-06      12.7724 
         600       57.339   5.3936e-05 -1.85876e-06      12.7724 
         600      57.5715  5.38933e-05 -1.84346e-06      12.7724 
         600      57.8042  5.38685e-05 -1.83387e-06      12.7724 
         600      58.0376   5.3858e-05 -1.82819e-06      12.7725 
         600      58.2715  5.38583e-05 -1.82481e-06      12.7725 
         600      58.5057  5.38662e-05 -1.82232e-06      12.7725 
         600      58.7405  5.38787e-05 -1.81951e-06      12.7725 
         600      58.9756  5.38932e-05 -1.81543e-06      12.7725 
         600      59.2113  5.39074e-05 -1.80931e-06      12.7725 
         600      59.4473  5.39195e-05 -1.80064e-06      12.7725 
         600       59.684  5.39279e-05 -1.78914e-06      12.7725 
         600      59.9212  5.39319e-05 -1.77474e-06      12.7725 
         600      60.1586  5.39308e-05  -1.7576e-06      12.7725 
         600      60.3967  5.39248e-05 -1.73805e-06      12.7725 
         600      60.6351  5.39141e-05 -1.71663e-06      12.7725 
         600      60.8741  5.38995e-05 -1.69399e-06      12.7725 
         600      61.1135  5.38824e-05 -1.67097e-06      12.7725 
         600      61.3534   5.3864e-05  -1.6484e-06      12.7725 
         600      61.5939   5.3846e-05 -1.62726e-06      12.7726 
         600      61.8346  5.38303e-05 -1.60848e-06      12.7726 
         600       62.076  5.38185e-05 -1.59293e-06      12.7726 
         600      62.3177  5.38123e-05 -1.58141e-06      12.7726 
         600        62.56   5.3813e-05  -1.5745e-06      12.7726 
         600      62.8026  5.38214e-05 -1.57258e-06      12.7726 
         600      63.0459   5.3838e-05 -1.57569e-06      12.7726 
         600      63.2894   5.3862e-05 -1.58347e-06      12.7726 
         600      63.5336  5.38919e-05 -1.59506e-06      12.7726 
         600      63.7783  5.39247e-05 -1.60901e-06      12.7726 
         600      64.0233  5.39557e-05 -1.62316e-06      12.7726 
         600      64.2689  5.39787e-05 -1.63455e-06      12.7726 
         600      64.5148   5.3985e-05 -1.63927e-06      12.7726 
         600      64.7613  5.39636e-05 -1.63236e-06      12.7726 
         600      65.0082  5.39003e-05 -1.60765e-06      12.7727 
         600      65.2557  5.37779e-05 -1.55756e-06      12.7727 
         600      65.5036  5.37198e-05 -1.56223e-06      12.7727 
         600      65.7519  5.36925e-05 -1.58463e-06      12.7727 
         600      66.0008  5.36731e-05 -1.60715e-06      12.7727 
         600        66.25   5.3661e-05 -1.62823e-06      12.7727 
         600      66.4998  5.36555e-05 -1.64673e-06      12.7727 
         600        66.75  5.36556e-05 -1.66186e-06      12.7727 
         600      67.0007  5.36605e-05 -1.67314e-06      12.7727 
         600      67.2518  5.36692e-05 -1.68037e-06      12.7727 
         600      67.5035  5.36807e-05  -1.6836e-06      12.7727 
         600      67.7557  5.36939e-05 -1.68305e-06      12.7727 
         600      68.0082  5.37079e-05 -1.67911e-06      12.7727 
         600      68.2614  5.37217e-05 -1.67228e-06      12.7728 
         600      68.5148  5.37344e-05 -1.66319e-06      12.7728 
         600      68.7688  5.37451e-05 -1.65244e-06      12.7728 
         600      69.0232  5.37533e-05 -1.64073e-06      12.7728 
         600      69.2782  5.37583e-05 -1.62868e-06      12.7728 
         600      69.5337  5.37596e-05  -1.6169e-06      12.7728 
         600      69.7895   5.3757e-05 -1.60593e-06      12.7728 
         600      70.0459  5.37504e-05 -1.59618e-06      12.7728 
         600      70.3026  5.37398e-05 -1.58795e-06      12.7728 
         600        70.56  5.37255e-05 -1.58138e-06      12.7728 
         600      70.8176  5.37078e-05 -1.57646e-06      12.7728 
         600      71.0759  5.36875e-05 -1.57296e-06      12.7728 
         600      71.3347  5.36654e-05 -1.57045e-06      12.7729 
         600      71.5938  5.36425e-05  -1.5683e-06      12.7729 
         600      71.8535  5.36201e-05 -1.56559e-06      12.7729 
         600      72.1135  5.35996e-05 -1.56121e-06      12.7729 
         600      72.3741  5.35827e-05 -1.55374e-06      12.7729 
         600       72.635  5.35711e-05 -1.54154e-06      12.7729 
         600      72.8967  5.35669e-05 -1.52266e-06      12.7729 
         600      73.1585  5.35928e-05 -1.53958e-06      12.7729 
         600      73.4211   5.3637e-05 -1.58224e-06      12.7729 
         600      73.6841  5.36803e-05 -1.61456e-06      12.7729 
         600      73.9473  5.37228e-05 -1.63697e-06      12.7729 
         600      74.2113  5.37642e-05 -1.64999e-06      12.7729 
         600      74.4755  5.38042e-05 -1.65423e-06       12.773 
         600      74.7404  5.38422e-05 -1.65037e-06       12.773 
         600      75.0056  5.38777e-05 -1.63918e-06       12.773 
         600      75.2714    5.391e-05 -1.62145e-06       12.773 
         600      75.5377  5.39384e-05 -1.59808e-06       12.773 
         600      75.8043  5.39622e-05 -1.57003e-06       12.773 
         600      76.0715  5.39807e-05 -1.53824e-06       12.773 
         600       76.339  5.39933e-05 -1.50378e-06       12.773 
         600      76.6072  5.39994e-05 -1.46766e-06       12.773 
         600      76.8756  5.39986e-05 -1.43101e-06       12.773 
         600      77.1448  5.39906e-05 -1.39488e-06       12.773 
         600      77.4141  5.39752e-05 -1.36044e-06      12.7731 
         600      77.6842  5.39522e-05 -1.32877e-06      12.7731 
         600      77.9547  5.39219e-05 -1.30102e-06      12.7731 
         600      78.2255  5.38846e-05 -1.27833e-06      12.7731 
         600       78.497  5.38408e-05 -1.26176e-06      12.7731 
         600      78.7687  5.37912e-05 -1.25245e-06      12.7731 
         600      79.0411  5.37369e-05 -1.25143e-06      12.7731 
         600      79.3138   5.3679e-05 -1.25974e-06      12.7731 
         600      79.5872   5.3619e-05  -1.2784e-06      12.7731 
         600       79.861  5.35585e-05 -1.30837e-06      12.7731 
         600      80.1351  5.34995e-05 -1.35051e-06      12.7732 
         600      80.4098  5.35895e-05 -1.30669e-06      12.7732 
         600      80.6849  5.36754e-05 -1.26354e-06      12.7732 
         600      80.9606   5.3742e-05 -1.23085e-06      12.7732 
         600      81.2365  5.37921e-05 -1.20694e-06      12.7732 
         600      81.5132  5.38284e-05 -1.19023e-06      12.7732 
         600      81.7903  5.38534e-05 -1.17933e-06      12.7732 
         600      82.0676  5.38691e-05 -1.17296e-06      12.7732 
         600      82.3457  5.38774e-05 -1.17002e-06      12.7732 
         600       82.624    5.388e-05  -1.1695e-06      12.7732 
         600       82.903  5.38784e-05 -1.17054e-06      12.7733 
         600      83.1822  5.38737e-05  -1.1724e-06      12.7733 
         600      83.4622   5.3867e-05 -1.17444e-06      12.7733 
         600      83.7424  5.38592e-05 -1.17611e-06      12.7733 
         600      84.0232   5.3851e-05 -1.17699e-06      12.7733 
         600      84.3046   5.3843e-05 -1.17672e-06      12.7733 
         600      84.5862  5.38356e-05 -1.17502e-06      12.7733 
         600      84.8685  5.38292e-05 -1.17171e-06      12.7733 
         600       85.151   5.3824e-05 -1.16667e-06      12.7733 
         600      85.4342  5.38201e-05 -1.15982e-06      12.7733 
         600      85.7177  5.38177e-05 -1.15117e-06      12.7734 
         600      86.0019  5.38165e-05 -1.14075e-06      12.7734 
         600      86.2865  5.38167e-05 -1.12865e-06      12.7734 
         600      86.5714   5.3818e-05 -1.11501e-06      12.7734 
         600       86.857  5.38204e-05 -1.09996e-06      12.7734 
         600      87.1428  5.38236e-05 -1.08371e-06      12.7734 
         600      87.4293  5.38274e-05 -1.06643e-06      12.7734 
         600      87.7161  5.38317e-05 -1.04837e-06      12.7734 
         600      88.0035  5.38361e-05 -1.02973e-06      12.7735 
         600      88.2914  5.38405e-05 -1.01077e-06      12.7735 
         600      88.5796  5.38446e-05 -9.91723e-07      12.7735 
         600      88.8685  5.38484e-05 -9.72805e-07      12.7735 
         600      89.1576  5.38515e-05 -9.54268e-07      12.7735 
         600      89.4474  5.38538e-05 -9.36296e-07      12.7735 
         600      89.7374  5.38553e-05 -9.19119e-07      12.7735 
         600      90.0282  5.38558e-05  -9.0289e-07      12.7735 
         600      90.3192  5.38553e-05 -8.87796e-07      12.7736 
         600      90.6109  5.38537e-05 -8.73949e-07      12.7736 
         600       90.903   5.3851e-05 -8.61471e-07      12.7736 
         600      91.1954  5.38472e-05 -8.50453e-07      12.7736 
         600      91.4885  5.38425e-05 -8.40928e-07      12.7736 
         600      91.7819  5.38368e-05 -8.32931e-07      12.7736 
         600      92.0759  5.38302e-05 -8.26436e-07      12.7736 
         600      92.3702   5.3823e-05 -8.21407e-07      12.7736 
         600      92.6652  5.38151e-05 -8.17755e-07      12.7736 
         600      92.9606  5.38068e-05  -8.1537e-07      12.7737 
         600      93.2563   5.3798e-05 -8.14105e-07      12.7737 
         600      93.5527   5.3789e-05 -8.13777e-07      12.7737 
         600      93.8493  5.37797e-05 -8.14176e-07      12.7737 
         600      94.1466  5.37702e-05 -8.15063e-07      12.7737 
         600      94.4442  5.37605e-05 -8.16168e-07      12.7737 
         600      94.7425  5.37503e-05 -8.17201e-07      12.7737 
         600       95.041  5.37396e-05 -8.17848e-07      12.7737 
         600      95.3402   5.3728e-05 -8.17779e-07      12.7737 
         600      95.6399   5.3715e-05  -8.1665e-07      12.7737 
         600      95.9398  5.37309e-05 -8.17524e-07      12.7737 
         600      96.2404  5.37753e-05 -8.24541e-07      12.7738 
         600      96.5412   5.3813e-05 -8.34488e-07      12.7738 
         600      96.8428  5.38439e-05 -8.46176e-07      12.7738 
         600      97.1446  5.38677e-05 -8.58125e-07      12.7738 
         600      97.4471  5.38847e-05 -8.68617e-07      12.7738 
         600      97.7501  5.38948e-05  -8.7562e-07      12.7738 
         600      98.0533  5.38985e-05 -8.76814e-07      12.7738 
         600      98.3572   5.3896e-05 -8.69569e-07      12.7738 
         600      98.6613  5.38879e-05 -8.50947e-07      12.7739 
         600      98.9662  5.38749e-05 -8.17626e-07      12.7739 
         600      99.2712   5.3858e-05 -7.66029e-07      12.7739 
         600       99.577  5.37236e-05 -8.28565e-07      12.7739 
         600      99.8833  5.35332e-05  -9.1756e-07       12.774 
         600       100.19  5.33529e-05 -9.44549e-07       12.774 
         600      100.497  5.31722e-05 -9.13768e-07       12.774 
         600      100.804   5.2982e-05 -8.29332e-07       12.774 
         600      101.113  5.30416e-05 -7.84894e-07      12.7741 
         600      101.421  5.33745e-05 -8.29228e-07      12.7741 
         600       101.73  5.36277e-05 -8.57497e-07      12.7741 
         600      102.039  5.38136e-05 -8.72416e-07      12.7741 
         600      102.349  5.39438e-05 -8.76486e-07      12.7741 
         600       102.66  5.40282e-05 -8.71905e-07      12.7741 
         600      102.971  5.40759e-05 -8.60644e-07      12.7741 
         600      103.282  5.40947e-05 -8.44407e-07      12.7741 
         600      103.594  5.40913e-05 -8.24714e-07      12.7741 
         600      103.906  5.40716e-05 -8.02822e-07      12.7741 
         600      104.219  5.40405e-05 -7.79857e-07      12.7741 
         600      104.532  5.40021e-05 -7.56689e-07      12.7741 
         600      104.846  5.39598e-05 -7.34081e-07      12.7741 
         600       105.16  5.39165e-05 -7.12635e-07      12.7741 
         600      105.474  5.38741e-05 -6.92761e-07      12.7741 
         600      105.789  5.38344e-05 -6.74807e-07      12.7741 
         600      106.105  5.37986e-05 -6.58942e-07      12.7741 
         600      106.421  5.37673e-05 -6.45288e-07      12.7741 
         600      106.738  5.37409e-05 -6.33825e-07      12.7741 
         600      107.055  5.37196e-05 -6.24489e-07      12.7741 
         600      107.372  5.37033e-05  -6.1714e-07      12.7742 
         600       107.69  5.36916e-05 -6.11562e-07      12.7742 
         600      108.008  5.36841e-05 -6.07514e-07      12.7742 
         600      108.327  5.36802e-05 -6.04704e-07      12.7742 
         600      108.646  5.36793e-05 -6.02822e-07      12.7742 
         600      108.966  5.36809e-05 -6.01537e-07      12.7742 
         600      109.286  5.36841e-05 -6.00511e-07      12.7743 
         600      109.607  5.36885e-05 -5.99405e-07      12.7743 
         600      109.928  5.36935e-05 -5.97893e-07      12.7743 
         600       110.25  5.36987e-05 -5.95664e-07      12.7743 
         600      110.572  5.37037e-05 -5.92427e-07      12.7743 
         600      110.895  5.37083e-05  -5.8793e-07      12.7744 
         600      111.218  5.37124e-05 -5.81947e-07      12.7744 
         600      111.541  5.37159e-05 -5.74311e-07      12.7744 
         600      111.865   5.3719e-05 -5.64878e-07      12.7744 
         600       112.19   5.3722e-05 -5.53579e-07      12.7745 
         600      112.515  5.37251e-05 -5.40402e-07      12.7745 
         600       112.84  5.37289e-05 -5.25366e-07      12.7745 
         600      113.166  5.37337e-05 -5.08593e-07      12.7745 
         600      113.492  5.37402e-05 -4.90222e-07      12.7746 
         600      113.819  5.37489e-05 -4.70511e-07      12.7746 
         600      114.147  5.37603e-05 -4.49722e-07      12.7746 
         600      114.474  5.37747e-05 -4.28249e-07      12.7746 
         600      114.803  5.37926e-05 -4.06482e-07      12.7746 
         600      115.131  5.38139e-05 -3.84926e-07      12.7747 
         600       115.46  5.38387e-05 -3.64144e-07      12.7747 
         600       115.79  5.38663e-05 -3.44706e-07      12.7747 
         600       116.12   5.3896e-05   -3.273e-07      12.7747 
         600      116.451  5.39264e-05 -3.12599e-07      12.7747 
         600      116.782  5.39555e-05 -3.01372e-07      12.7747 
         600      117.113  5.39809e-05 -2.94378e-07      12.7748 
         600      117.446  5.39991e-05 -2.92433e-07      12.7748 
         600      117.778  5.40058e-05 -2.96354e-07      12.7748 
         600      118.111  5.39959e-05 -3.06976e-07      12.7748 
         600      118.444  5.39629e-05 -3.25107e-07      12.7748 
         600      118.778   5.3899e-05 -3.51586e-07      12.7749 
         600      119.112  5.37954e-05  -3.8715e-07      12.7749 
         600      119.447   5.3641e-05 -4.32595e-07      12.7749 
         600      119.783  5.34235e-05 -4.88577e-07       12.775 
         600      120.118  5.31289e-05 -5.55643e-07       12.775 
         600      120.455    5.353e-05  -5.4946e-07      12.7751 
         600      120.791  5.40435e-05 -5.18588e-07      12.7751 
         600      121.128  5.43879e-05 -4.93205e-07      12.7752 
         600      121.466    5.459e-05 -4.72454e-07      12.7752 
         600      121.804  5.46749e-05 -4.55468e-07      12.7753 
         600      122.143   5.4665e-05  -4.4151e-07      12.7753 
         600      122.482  5.45805e-05 -4.29856e-07      12.7754 
         600      122.821  5.44394e-05 -4.19883e-07      12.7754 
         600      123.161   5.4258e-05 -4.11026e-07      12.7755 
         600      123.502  5.40503e-05 -4.02766e-07      12.7755 
         600      123.843  5.38289e-05 -3.94672e-07      12.7755 
         600      124.184  5.36041e-05  -3.8635e-07      12.7756 
         600      124.526  5.33855e-05 -3.77491e-07      12.7756 
         600      124.868  5.31803e-05  -3.6782e-07      12.7756 
         600      125.211   5.2995e-05 -3.57137e-07      12.7756 
         600      125.554  5.28346e-05 -3.45303e-07      12.7757 
         600      125.898  5.27028e-05 -3.32203e-07      12.7757 
         600      126.242  5.26023e-05  -3.1781e-07      12.7757 
         600      126.587   5.2535e-05 -3.02105e-07      12.7757 
         600      126.932  5.25016e-05 -2.85159e-07      12.7757 
         600      127.278  5.25023e-05 -2.67037e-07      12.7757 
         600      127.624  5.25364e-05 -2.47879e-07      12.7757 
         600      127.971  5.26026e-05 -2.27867e-07      12.7757 
         600      128.318  5.26993e-05 -2.07167e-07      12.7757 
         600      128.665  5.28242e-05 -1.86035e-07      12.7757 
         600      129.013  5.29749e-05 -1.64687e-07      12.7756 
         600      129.361  5.31483e-05 -1.43425e-07      12.7756 
         600       129.71  5.33417e-05 -1.22496e-07      12.7756 
         600       130.06  5.35516e-05 -1.02226e-07      12.7756 
         600       130.41  5.37751e-05 -8.28799e-08      12.7755 
         600       130.76   5.4009e-05 -6.47682e-08      12.7755 
         600      131.111    5.425e-05 -4.81922e-08      12.7755 
         600      131.462  5.44954e-05 -3.34001e-08      12.7754 
         600      131.814  5.47421e-05 -2.06703e-08      12.7754 
         600      132.166  5.49882e-05 -1.02109e-08      12.7753 
         600      132.519  5.52309e-05 -2.23367e-09      12.7752 
         600      132.872   5.5469e-05  3.11996e-09      12.7752 
         600      133.226  5.57008e-05  5.73683e-09      12.7751 
         600       133.58  5.59253e-05  5.56908e-09      12.7751 
         600      133.934  5.61424e-05   2.6323e-09       12.775 
         600      134.289  5.63518e-05 -2.97941e-09      12.7749 
         600      134.645  5.65546e-05 -1.11028e-08      12.7748 
         600          135  5.67516e-05  -2.1461e-08      12.7748 
         600      135.357  5.67304e-05 -4.00792e-09      12.7747 
         600      135.714  5.66021e-05  1.22835e-08      12.7747 
         600      136.071  5.64019e-05  2.05757e-08      12.7747 
         600      136.429  5.61228e-05  2.19186e-08      12.7747 
         600      136.787  5.57624e-05  1.73332e-08      12.7747 
         600      137.146  5.53219e-05  7.77367e-09      12.7747 
         600      137.505  5.48082e-05 -5.83897e-09      12.7747 
         600      137.865  5.42307e-05 -2.26758e-08      12.7747 
         600      138.225  5.36041e-05 -4.19173e-08      12.7748 
         600      138.586  5.29449e-05 -6.28592e-08      12.7748 
         600      138.947  5.22738e-05   -8.481e-08      12.7748 
         600      139.309  5.16143e-05 -1.07135e-07      12.7749 
         600      139.671  5.09898e-05 -1.29311e-07      12.7749 
         600      140.033  5.04272e-05 -1.50806e-07       12.775 
         600      140.397  4.99521e-05 -1.71215e-07      12.7751 
         600       140.76  4.95913e-05 -1.90126e-07      12.7751 
         600      141.124   4.9369e-05 -2.07244e-07      12.7752 
         600      141.488  4.93083e-05 -2.22287e-07      12.7753 
         600      141.853  4.94286e-05 -2.35034e-07      12.7754 
         600      142.219  4.97452e-05 -2.45344e-07      12.7755 
         600      142.584   5.0267e-05 -2.53093e-07      12.7756 
         600      142.951  5.09977e-05 -2.58233e-07      12.7757 
         600      143.317  5.19302e-05  -2.6074e-07      12.7758 
         600      143.685  5.30507e-05 -2.60645e-07      12.7759 
         600      144.052  5.43304e-05 -2.58014e-07       12.776 
         600      144.421  5.57313e-05 -2.52944e-07      12.7761 
         600      144.789  5.71974e-05 -2.45567e-07      12.7762 
         600      145.158  5.86558e-05 -2.36049e-07      12.7763 
         600      145.528  6.00182e-05 -2.24553e-07      12.7764 
         600      145.898   6.1171e-05 -2.11292e-07      12.7765 
         600      146.269  6.19813e-05 -1.96448e-07      12.7766 
         600       146.64  6.22877e-05 -1.80254e-07      12.7767 
         600      147.011  6.19027e-05 -1.62887e-07      12.7768 
         600      147.383  6.06071e-05 -1.44558e-07      12.7769 
         600      147.755  5.81512e-05 -1.25457e-07       12.777 
         600      148.128  5.42435e-05 -1.05709e-07      12.7771 
         600      148.502  4.85638e-05 -8.54639e-08      12.7772 
         600      148.876  4.07344e-05 -6.47654e-08      12.7772 
         600       149.25  3.03545e-05 -4.36723e-08      12.7773 
         600      149.625  1.69454e-05 -2.21143e-08      12.7773 
         600          150            0            0      12.7774 
