Variables = x, y, u, v, p

Zone, I=800, F=POINT
          20            0           -0           -0      84.2489 
          20     0.000234  8.94751e-06  1.47377e-09      84.2489 
          20     0.000939  3.36426e-05  6.09003e-09      84.2489 
          20     0.002113  6.78445e-05  1.43973e-08      84.2489 
          20     0.003759  0.000103238  2.74572e-08      84.2489 
          20     0.005872  0.000131451  4.68674e-08      84.2489 
          20     0.008457  0.000146732  7.50304e-08      84.2489 
          20      0.01151  0.000147325  1.15051e-07      84.2489 
          20     0.015036  0.000136017  1.70936e-07      84.2489 
          20     0.019031  0.000119034  2.47247e-07      84.2489 
          20     0.023493  0.000103624  3.49028e-07      84.2489 
          20     0.028429  9.49669e-05  4.81774e-07      84.2489 
          20     0.033831  9.36961e-05  6.50579e-07      84.2489 
          20     0.039706  9.51732e-05  8.60769e-07      84.2489 
          20     0.046047  9.18355e-05  1.11697e-06      84.2489 
          20     0.052863  7.85591e-05  1.42432e-06      84.2489 
          20      0.06015  5.89506e-05  1.78751e-06      84.2489 
          20       0.0679   4.6432e-05  2.21087e-06      84.2489 
          20     0.076126  4.77668e-05  2.69881e-06      84.2489 
          20     0.084816  2.31182e-05  3.25123e-06      84.2489 
          20     0.093982  1.43527e-05  3.87517e-06      84.2489 
          20     0.103611  2.05765e-06  4.56983e-06      84.2489 
          20     0.113718 -1.20001e-05  5.33727e-06      84.2489 
          20     0.124286 -2.64698e-05   6.1765e-06      84.2489 
          20     0.135333 -4.05612e-05  7.08855e-06      84.2489 
          20      0.14685 -5.39275e-05  8.07164e-06      84.2489 
          20     0.158827 -6.65816e-05  9.12309e-06      84.2488 
          20     0.171284 -7.87261e-05  1.02422e-05      84.2488 
          20     0.184201 -9.04464e-05   1.1424e-05      84.2488 
          20     0.197599 -0.000101593  1.26665e-05      84.2488 
          20     0.211455 -0.000111657  1.39632e-05      84.2488 
          20     0.225792 -0.000120115   1.5311e-05      84.2488 
          20       0.2406 -0.000127189  1.67035e-05      84.2488 
          20     0.255865 -0.000134082  1.81353e-05      84.2488 
          20     0.271613 -0.000139108  1.96033e-05      84.2488 
          20     0.287818 -0.000143003  2.10957e-05      84.2488 
          20     0.304506 -0.000145833  2.26079e-05      84.2488 
          20      0.32165 -0.000147688  2.41289e-05      84.2488 
          20     0.339278 -0.000148702  2.56517e-05      84.2487 
          20     0.357377 -0.000149031  2.71636e-05      84.2487 
          20      0.37593 -0.000148863  2.86501e-05      84.2487 
          20     0.394968 -0.000148415  3.01038e-05      84.2487 
          20     0.414461 -0.000147888  3.15101e-05      84.2487 
          20      0.43444 -0.000147478  3.28591e-05      84.2487 
          20     0.454872 -0.000147357  3.41371e-05      84.2486 
          20     0.475791  -0.00014767  3.53363e-05      84.2486 
          20     0.497163 -0.000148516  3.64465e-05      84.2486 
          20     0.519021 -0.000149943  3.74639e-05      84.2486 
          20      0.54135 -0.000151936  3.83848e-05      84.2486 
          20     0.564131 -0.000154414  3.92094e-05      84.2485 
          20       0.5874 -0.000157234  3.99431e-05      84.2485 
          20     0.611121 -0.000160189  4.05926e-05      84.2485 
          20      0.63533  -0.00016304  4.11697e-05      84.2484 
          20      0.65999 -0.000165529  4.16866e-05      84.2484 
          20     0.685139 -0.000167439  4.21579e-05      84.2484 
          20     0.710759 -0.000168646  4.25954e-05      84.2483 
          20     0.736828 -0.000168972  4.30135e-05      84.2483 
          20     0.763387 -0.000168238  4.34218e-05      84.2482 
          20     0.790396 -0.000166415  4.38263e-05      84.2482 
          20     0.817896 -0.000163492  4.42328e-05      84.2481 
          20     0.845843   -0.0001595  4.46443e-05      84.2481 
          20     0.874283 -0.000154492  4.50626e-05       84.248 
          20      0.90317 -0.000148559  4.54861e-05       84.248 
          20     0.932551 -0.000141793  4.59126e-05      84.2479 
          20     0.962401 -0.000134308  4.63372e-05      84.2479 
          20     0.992697 -0.000126227  4.67552e-05      84.2478 
          20      1.02349 -0.000117646  4.71644e-05      84.2477 
          20      1.05472 -0.000108669  4.75572e-05      84.2477 
          20      1.08645 -9.93649e-05  4.79291e-05      84.2476 
          20      1.11863 -8.98157e-05   4.8276e-05      84.2475 
          20       1.1513 -8.00545e-05  4.85978e-05      84.2474 
          20      1.18444 -7.01361e-05   4.8889e-05      84.2474 
          20      1.21802 -6.01019e-05  4.91487e-05      84.2473 
          20      1.25211 -4.99631e-05  4.93757e-05      84.2472 
          20      1.28663 -3.97641e-05  4.95641e-05      84.2471 
          20      1.32165 -2.95064e-05  4.97121e-05       84.247 
          20      1.35712 -1.92207e-05  4.98192e-05      84.2469 
          20      1.39308 -8.90191e-06  4.98857e-05      84.2468 
          20      1.42951  1.42998e-06  4.99118e-05      84.2467 
          20      1.46638  1.17519e-05  4.98966e-05      84.2466 
          20      1.50375  2.20631e-05  4.98384e-05      84.2465 
          20      1.54156  3.23274e-05  4.97349e-05      84.2464 
          20      1.57987   4.2542e-05  4.95849e-05      84.2462 
          20      1.61863  5.26737e-05  4.93926e-05      84.2461 
          20      1.65788  6.27084e-05  4.91619e-05       84.246 
          20      1.69757   7.2612e-05  4.88868e-05      84.2458 
          20      1.73776  8.23637e-05   4.8561e-05      84.2457 
          20      1.77842  9.19529e-05   4.8197e-05      84.2456 
          20      1.81952   0.00010131  4.77939e-05      84.2454 
          20      1.86113  0.000110422  4.73455e-05      84.2453 
          20      1.90316  0.000119266  4.68555e-05      84.2451 
          20      1.94571  0.000127834  4.63261e-05      84.2449 
          20      1.98869  0.000136087  4.57608e-05      84.2448 
          20      2.03217  0.000144007  4.51621e-05      84.2446 
          20      2.07612  0.000151558  4.45308e-05      84.2444 
          20      2.12051   0.00015871  4.38615e-05      84.2442 
          20       2.1654  0.000165472  4.31635e-05      84.2441 
          20      2.21073  0.000171817  4.24404e-05      84.2439 
          20      2.25656  0.000177741  4.16934e-05      84.2437 
          20      2.30283  0.000183224   4.0926e-05      84.2435 
          20       2.3496   0.00018827  4.01392e-05      84.2433 
          20      2.39685   0.00019288  3.93365e-05       84.243 
          20      2.44452  0.000197066  3.85227e-05      84.2428 
          20      2.49271  0.000200863   3.7699e-05      84.2426 
          20      2.54132  0.000204239  3.68591e-05      84.2424 
          20      2.59044  0.000207203  3.60116e-05      84.2421 
          20         2.64  0.000209754  3.51498e-05      84.2419 
          20      2.69006  0.000211904  3.42702e-05      84.2417 
          20      2.74056  0.000213668  3.33774e-05      84.2414 
          20      2.79156  0.000215104   3.2442e-05      84.2412 
          20      2.84304  0.000216167  3.14895e-05      84.2409 
          20      2.89494  0.000216883   3.0516e-05      84.2406 
          20      2.94735  0.000217282  2.95129e-05      84.2404 
          20       3.0002  0.000217391  2.84791e-05      84.2401 
          20      3.05355  0.000217237  2.74145e-05      84.2398 
          20      3.10733  0.000216849   2.6327e-05      84.2395 
          20      3.16163  0.000216253   2.5224e-05      84.2392 
          20      3.21639  0.000215479  2.41168e-05      84.2389 
          20      3.27158   0.00021456  2.30142e-05      84.2386 
          20      3.32729  0.000213531  2.19152e-05      84.2383 
          20      3.38342  0.000212436  2.08085e-05       84.238 
          20      3.44007  0.000211272  1.97668e-05      84.2377 
          20      3.49714  0.000210104  1.87326e-05      84.2373 
          20      3.55472  0.000208914  1.77259e-05       84.237 
          20      3.61273  0.000207703   1.6765e-05      84.2367 
          20      3.67125  0.000206485  1.58488e-05      84.2363 
          20      3.73025   0.00020528  1.49711e-05       84.236 
          20      3.78967  0.000204104  1.41251e-05      84.2356 
          20      3.84961  0.000202961  1.33073e-05      84.2353 
          20      3.90996  0.000201847  1.25231e-05      84.2349 
          20      3.97084  0.000200742  1.17807e-05      84.2345 
          20      4.03214  0.000199625  1.10905e-05      84.2341 
          20      4.09395  0.000198475  1.04501e-05      84.2338 
          20      4.15624  0.000197298  9.83274e-06      84.2334 
          20      4.21895  0.000196243  9.17395e-06       84.233 
          20      4.28217  0.000195241  8.54682e-06      84.2326 
          20      4.34582  0.000194102  8.08488e-06      84.2322 
          20      4.40998  0.000193005  7.56184e-06      84.2318 
          20      4.47457  0.000191933   7.0305e-06      84.2314 
          20      4.53968  0.000190869   6.5208e-06      84.2309 
          20      4.60525  0.000189804  6.04765e-06      84.2305 
          20      4.67125  0.000188734  5.61405e-06      84.2301 
          20      4.73777  0.000187654  5.21453e-06      84.2296 
          20       4.8047  0.000186566  4.84123e-06      84.2292 
          20      4.87216  0.000185471  4.48458e-06      84.2288 
          20      4.94003  0.000184375  4.13829e-06      84.2283 
          20      5.00843  0.000183281  3.79865e-06      84.2279 
          20      5.07724    0.0001822  3.46753e-06      84.2274 
          20      5.14658  0.000181134   3.1497e-06      84.2269 
          20      5.21639   0.00018009  2.85298e-06      84.2265 
          20      5.28661  0.000179074  2.58406e-06       84.226 
          20      5.35736  0.000178087  2.34292e-06      84.2255 
          20      5.42852   0.00017703  2.14266e-06       84.225 
          20      5.50021  0.000176016  1.87254e-06      84.2245 
          20      5.57231  0.000175067  1.55298e-06       84.224 
          20      5.64493  0.000174125    1.325e-06      84.2235 
          20      5.71803  0.000173172  1.23124e-06       84.223 
          20      5.79154  0.000172205  1.10561e-06      84.2225 
          20      5.86558  0.000171245  9.48478e-07       84.222 
          20      5.94003  0.000170304    7.681e-07      84.2215 
          20      6.01501  0.000169386  5.75772e-07       84.221 
          20       6.0904  0.000168489   3.8376e-07      84.2205 
          20      6.16632  0.000167609  2.01605e-07      84.2199 
          20      6.24271   0.00016674  3.55585e-08      84.2194 
          20       6.3195   0.00016588  -1.1259e-07      84.2189 
          20      6.39683  0.000165025 -2.45371e-07      84.2183 
          20      6.47457  0.000164174 -3.67077e-07      84.2178 
          20      6.55284  0.000163329 -4.81478e-07      84.2172 
          20      6.63152  0.000162494 -5.86272e-07      84.2167 
          20      6.71073  0.000161667 -6.67264e-07      84.2161 
          20      6.79034   0.00016085  -6.8926e-07      84.2155 
          20      6.87049  0.000160063 -7.93378e-07       84.215 
          20      6.95111  0.000159318 -8.00195e-07      84.2144 
          20      7.03214  0.000158552 -7.82116e-07      84.2138 
          20       7.1137  0.000157749 -7.83852e-07      84.2133 
          20      7.19566  0.000156932 -8.05518e-07      84.2127 
          20      7.27816  0.000156141 -8.14053e-07      84.2121 
          20      7.36106  0.000155429 -7.48846e-07      84.2115 
          20      7.44451  0.000154735 -6.84904e-07      84.2109 
          20      7.52842  0.000154025 -6.46914e-07      84.2103 
          20      7.61273   0.00015332 -6.07182e-07      84.2097 
          20      7.69758  0.000152615 -5.73877e-07      84.2091 
          20      7.78283  0.000151911 -5.43278e-07      84.2085 
          20      7.86862  0.000151214 -5.07451e-07      84.2079 
          20      7.95481  0.000150532 -4.68451e-07      84.2073 
          20      8.04155  0.000149878 -4.58827e-07      84.2067 
          20      8.12868  0.000149271 -5.69889e-07      84.2061 
          20      8.21635  0.000148612  -5.7539e-07      84.2054 
          20      8.30449  0.000147931 -4.51469e-07      84.2048 
          20      8.39303  0.000147309 -4.31096e-07      84.2042 
          20      8.48211  0.000146724 -4.61937e-07      84.2035 
          20      8.57159  0.000146157  -5.0488e-07      84.2029 
          20      8.66161  0.000145595 -5.33284e-07      84.2023 
          20      8.75203   0.00014503 -5.31759e-07      84.2016 
          20      8.84299  0.000144458 -4.94978e-07       84.201 
          20      8.93443  0.000143884 -4.26036e-07      84.2003 
          20      9.02626  0.000143314  -3.3465e-07      84.1997 
          20      9.11863  0.000142758 -2.34585e-07       84.199 
          20      9.21139  0.000142231 -1.41571e-07      84.1983 
          20      9.30471  0.000141741 -6.97443e-08      84.1977 
          20      9.39841  0.000141295 -2.88066e-08       84.197 
          20      9.49267  0.000140888 -1.97771e-08      84.1963 
          20      9.58739  0.000140503 -3.09857e-08      84.1957 
          20      9.68251  0.000140103 -3.31427e-08       84.195 
          20      9.77817  0.000139619  2.58966e-08      84.1943 
          20      9.87422  0.000139159  8.98713e-08      84.1936 
          20      9.97083  0.000138866   1.8892e-07      84.1929 
          20      10.0678  0.000138574  4.79802e-07      84.1922 
          20      10.1654  0.000138077   4.5687e-07      84.1916 
          20      10.2633  0.000137583  4.10503e-07      84.1909 
          20      10.3618   0.00013713  4.63536e-07      84.1902 
          20      10.4607  0.000136708  6.02444e-07      84.1894 
          20      10.5601  0.000136313  8.11514e-07      84.1887 
          20        10.66  0.000135947  1.07514e-06       84.188 
          20      10.7603  0.000135554  1.25595e-06      84.1873 
          20      10.8611   0.00013517  1.41801e-06      84.1866 
          20      10.9623  0.000134822  1.59894e-06      84.1859 
          20      11.0641   0.00013451  1.78817e-06      84.1852 
          20      11.1663  0.000134233  1.97848e-06      84.1844 
          20       11.269  0.000133985  2.16658e-06      84.1837 
          20      11.3721  0.000133759  2.35336e-06       84.183 
          20      11.4757  0.000133549  2.54219e-06      84.1822 
          20      11.5798  0.000133347  2.73906e-06      84.1815 
          20      11.6844  0.000133144  2.94982e-06      84.1807 
          20      11.7894  0.000132933  3.17935e-06        84.18 
          20       11.895  0.000132708  3.42779e-06      84.1792 
          20      12.0009  0.000132464  3.68776e-06      84.1785 
          20      12.1073  0.000132198  3.94109e-06      84.1777 
          20      12.2142   0.00013191  4.15282e-06       84.177 
          20      12.3216  0.000131602  4.26734e-06      84.1762 
          20      12.4294   0.00013128  4.20109e-06      84.1754 
          20      12.5378  0.000131009  4.50295e-06      84.1747 
          20      12.6465  0.000130733  4.83743e-06      84.1739 
          20      12.7558  0.000130458  5.05636e-06      84.1731 
          20      12.8656  0.000130203  5.20755e-06      84.1723 
          20      12.9757  0.000129974  5.32947e-06      84.1715 
          20      13.0864  0.000129768  5.45142e-06      84.1707 
          20      13.1975  0.000129575  5.59317e-06      84.1699 
          20      13.3092  0.000129381   5.7661e-06      84.1691 
          20      13.4212  0.000129169  5.97269e-06      84.1683 
          20      13.5338  0.000128925  6.20812e-06      84.1675 
          20      13.6468  0.000128635  6.45979e-06      84.1667 
          20      13.7603  0.000128555  6.76106e-06      84.1659 
          20      13.8743  0.000128453   7.1344e-06      84.1651 
          20      13.9886  0.000128305  7.51402e-06      84.1642 
          20      14.1036  0.000128125  7.83831e-06      84.1634 
          20      14.2189  0.000127926  8.05948e-06      84.1626 
          20      14.3348  0.000127718  8.15993e-06      84.1617 
          20       14.451  0.000127511  8.16824e-06      84.1609 
          20      14.5678  0.000127319  8.18029e-06        84.16 
          20      14.6851  0.000127166  8.38283e-06      84.1592 
          20      14.8028  0.000127083  9.07979e-06      84.1583 
          20       14.921   0.00012689  9.00758e-06      84.1575 
          20      15.0396  0.000126702   8.6935e-06      84.1566 
          20      15.1588  0.000126605  8.83463e-06      84.1557 
          20      15.2783  0.000126549  9.17494e-06      84.1549 
          20      15.3984   0.00012651   9.5246e-06       84.154 
          20       15.519  0.000126486  9.74616e-06      84.1531 
          20        15.64   0.00012651  9.74496e-06      84.1522 
          20      15.7615  0.000126246  9.83017e-06      84.1513 
          20      15.8834  0.000125994  9.99962e-06      84.1504 
          20      16.0058  0.000125807  1.01944e-05      84.1495 
          20      16.1286  0.000125676  1.03905e-05      84.1486 
          20       16.252  0.000125591  1.05696e-05      84.1477 
          20      16.3759  0.000125539  1.07202e-05      84.1468 
          20      16.5002  0.000125503  1.08383e-05      84.1459 
          20       16.625  0.000125467  1.09277e-05      84.1449 
          20      16.7501  0.000125417  1.09978e-05       84.144 
          20      16.8759  0.000125345  1.10607e-05       84.143 
          20       17.002  0.000125257  1.11275e-05      84.1421 
          20      17.1287  0.000125173   1.1202e-05      84.1412 
          20      17.2557  0.000125143  1.12739e-05      84.1402 
          20      17.3834  0.000125247  1.13098e-05      84.1392 
          20      17.5115  0.000125612  1.12418e-05      84.1383 
          20      17.6399  0.000125989  1.10871e-05      84.1373 
          20       17.769  0.000125661  1.10967e-05      84.1363 
          20      17.8984  0.000125434  1.10663e-05      84.1353 
          20      18.0284   0.00012527  1.10036e-05      84.1343 
          20      18.1587  0.000125142  1.09153e-05      84.1333 
          20      18.2896  0.000125031  1.08103e-05      84.1323 
          20       18.421  0.000124922  1.07027e-05      84.1313 
          20      18.5528  0.000124805  1.06134e-05      84.1303 
          20      18.6851  0.000124674  1.05703e-05      84.1293 
          20      18.8178  0.000124523  1.06072e-05      84.1283 
          20      18.9511  0.000124343  1.07619e-05      84.1272 
          20      19.0847  0.000124129  1.10713e-05      84.1262 
          20      19.2189   0.00012387  1.15671e-05      84.1251 
          20      19.3535  0.000123802  1.13034e-05      84.1241 
          20      19.4886  0.000123678  1.11524e-05       84.123 
          20      19.6242  0.000123509  1.11087e-05       84.122 
          20      19.7602  0.000123312  1.11492e-05      84.1209 
          20      19.8968  0.000123108  1.12482e-05      84.1198 
          20      20.0337  0.000122918  1.13783e-05      84.1187 
          20      20.1712  0.000122765  1.15131e-05      84.1176 
          20      20.3091   0.00012267  1.16293e-05      84.1165 
          20      20.4475  0.000122649  1.17101e-05      84.1154 
          20      20.5864  0.000122709  1.17483e-05      84.1143 
          20      20.7257  0.000122841  1.17505e-05      84.1132 
          20      20.8655  0.000123017  1.17414e-05      84.1121 
          20      21.0058   0.00012318  1.17693e-05      84.1109 
          20      21.1465  0.000123235   1.1911e-05      84.1098 
          20      21.2877  0.000123044  1.22784e-05      84.1087 
          20      21.4294  0.000123081   1.2151e-05      84.1075 
          20      21.5716  0.000123124  1.19922e-05      84.1063 
          20      21.7142  0.000123144  1.18646e-05      84.1052 
          20      21.8573  0.000123142  1.17825e-05       84.104 
          20      22.0008  0.000123117  1.17537e-05      84.1028 
          20      22.1449   0.00012307  1.17798e-05      84.1016 
          20      22.2893     0.000123   1.1858e-05      84.1004 
          20      22.4344   0.00012291  1.19822e-05      84.0992 
          20      22.5797    0.0001228  1.21432e-05       84.098 
          20      22.7257  0.000122673  1.23308e-05      84.0968 
          20      22.8721  0.000122531  1.25334e-05      84.0955 
          20      23.0189  0.000122378  1.27397e-05      84.0943 
          20      23.1663  0.000122218  1.29394e-05       84.093 
          20       23.314  0.000122054   1.3123e-05      84.0918 
          20      23.4623  0.000121891  1.32834e-05      84.0905 
          20       23.611  0.000121735  1.34152e-05      84.0893 
          20      23.7602  0.000121589  1.35159e-05       84.088 
          20        23.91  0.000121459  1.35853e-05      84.0867 
          20        24.06   0.00012135  1.36262e-05      84.0854 
          20      24.2107  0.000121266  1.36436e-05      84.0841 
          20      24.3617   0.00012121   1.3645e-05      84.0828 
          20      24.5133  0.000121186  1.36394e-05      84.0815 
          20      24.6653  0.000121194  1.36373e-05      84.0801 
          20      24.8178  0.000121234  1.36492e-05      84.0788 
          20      24.9708  0.000121304  1.36852e-05      84.0774 
          20      25.1242  0.000121399  1.37533e-05      84.0761 
          20      25.2781  0.000121512  1.38584e-05      84.0747 
          20      25.4324   0.00012163  1.40002e-05      84.0734 
          20      25.5873  0.000121738  1.41717e-05       84.072 
          20      25.7426  0.000121817  1.43567e-05      84.0706 
          20      25.8984   0.00012184  1.45277e-05      84.0692 
          20      26.0546  0.000121777  1.46429e-05      84.0678 
          20      26.2114  0.000121753  1.45473e-05      84.0664 
          20      26.3686  0.000122103  1.42989e-05      84.0649 
          20      26.5262   0.00012237  1.43883e-05      84.0635 
          20      26.6844  0.000122552  1.48672e-05       84.062 
          20      26.8429  0.000121362  1.41535e-05      84.0606 
          20       27.002  0.000120603  1.38571e-05      84.0591 
          20      27.1615  0.000120241  1.39483e-05      84.0577 
          20      27.3216   0.00012017  1.43271e-05      84.0562 
          20      27.4821  0.000120334  1.47838e-05      84.0547 
          20       27.643  0.000120596  1.49404e-05      84.0532 
          20      27.8044  0.000120793  1.50334e-05      84.0517 
          20      27.9663  0.000120928  1.50764e-05      84.0501 
          20      28.1287  0.000121008  1.50836e-05      84.0486 
          20      28.2914  0.000121042  1.50691e-05      84.0471 
          20      28.4548  0.000121037  1.50458e-05      84.0455 
          20      28.6185  0.000121003  1.50254e-05       84.044 
          20      28.7828  0.000120948  1.50176e-05      84.0424 
          20      28.9475  0.000120879  1.50296e-05      84.0408 
          20      29.1126  0.000120804  1.50657e-05      84.0392 
          20      29.2784  0.000120729  1.51279e-05      84.0376 
          20      29.4444  0.000120657  1.52149e-05       84.036 
          20       29.611  0.000120592  1.53231e-05      84.0344 
          20       29.778  0.000120535  1.54462e-05      84.0328 
          20      29.9456  0.000120487  1.55763e-05      84.0311 
          20      30.1137  0.000120446  1.57039e-05      84.0295 
          20      30.2821   0.00012041  1.58192e-05      84.0278 
          20      30.4511  0.000120375   1.5913e-05      84.0262 
          20      30.6204  0.000120338  1.59776e-05      84.0245 
          20      30.7903  0.000120295  1.60089e-05      84.0228 
          20      30.9606  0.000120243   1.6007e-05      84.0211 
          20      31.1315   0.00012018  1.59792e-05      84.0194 
          20      31.3028  0.000120107  1.59412e-05      84.0177 
          20      31.4745  0.000120027  1.59201e-05      84.0159 
          20      31.6468  0.000119947  1.59567e-05      84.0142 
          20      31.8194   0.00011988  1.61085e-05      84.0124 
          20      31.9926  0.000119845   1.6453e-05      84.0107 
          20      32.1662   0.00011987  1.70905e-05      84.0089 
          20      32.3404  0.000119992    1.815e-05      84.0071 
          20      32.5149  0.000120086  1.75893e-05      84.0053 
          20        32.69  0.000119999  1.70978e-05      84.0035 
          20      32.8655    0.0001198  1.68345e-05      84.0017 
          20      33.0414  0.000119546  1.67394e-05      83.9999 
          20       33.218  0.000119284  1.67609e-05       83.998 
          20      33.3948  0.000119049  1.68557e-05      83.9962 
          20      33.5723  0.000118866  1.69877e-05      83.9943 
          20        33.75  0.000118749  1.71279e-05      83.9925 
          20      33.9284  0.000118704  1.72541e-05      83.9906 
          20      34.1073  0.000118727  1.73499e-05      83.9887 
          20      34.2865  0.000118807  1.74046e-05      83.9868 
          20      34.4663  0.000118926  1.74132e-05      83.9849 
          20      34.6465  0.000119059  1.73754e-05      83.9829 
          20      34.8272  0.000119174  1.72955e-05       83.981 
          20      35.0083  0.000119236  1.71822e-05      83.9791 
          20        35.19  0.000119208  1.70482e-05      83.9771 
          20      35.3721  0.000119048  1.69098e-05      83.9751 
          20      35.5546  0.000118797  1.68215e-05      83.9731 
          20      35.7377  0.000118621  1.67809e-05      83.9712 
          20      35.9211  0.000118509  1.67566e-05      83.9691 
          20      36.1052   0.00011845  1.67378e-05      83.9671 
          20      36.2895   0.00011843  1.67189e-05      83.9651 
          20      36.4745  0.000118437  1.66985e-05      83.9631 
          20      36.6598  0.000118461  1.66792e-05       83.961 
          20      36.8457  0.000118489  1.66658e-05       83.959 
          20      37.0321  0.000118512  1.66646e-05      83.9569 
          20      37.2188  0.000118522  1.66821e-05      83.9548 
          20      37.4062  0.000118512  1.67233e-05      83.9527 
          20      37.5938  0.000118477  1.67899e-05      83.9506 
          20      37.7821  0.000118415  1.68788e-05      83.9485 
          20      37.9707  0.000118324  1.69798e-05      83.9464 
          20      38.1599  0.000118205  1.70734e-05      83.9442 
          20      38.3496  0.000118064  1.71282e-05      83.9421 
          20      38.5396  0.000117907  1.70984e-05      83.9399 
          20      38.7302  0.000117743  1.69207e-05      83.9377 
          20      38.9211  0.000117586  1.65117e-05      83.9355 
          20      39.1127  0.000117536  1.62278e-05      83.9334 
          20      39.3046  0.000117666   1.6923e-05      83.9311 
          20      39.4971   0.00011769  1.73302e-05      83.9289 
          20      39.6899  0.000117635  1.75232e-05      83.9267 
          20      39.8833  0.000117521  1.75661e-05      83.9244 
          20      40.0772  0.000117365  1.75127e-05      83.9222 
          20      40.2714  0.000117183  1.74076e-05      83.9199 
          20      40.4663   0.00011699  1.72861e-05      83.9176 
          20      40.6615  0.000116801  1.71753e-05      83.9154 
          20      40.8573   0.00011663  1.70941e-05      83.9131 
          20      41.0534  0.000116493  1.70544e-05      83.9107 
          20      41.2501  0.000116405  1.70612e-05      83.9084 
          20      41.4473  0.000116376  1.71136e-05      83.9061 
          20      41.6448  0.000116417  1.72052e-05      83.9037 
          20      41.8429  0.000116528  1.73251e-05      83.9014 
          20      42.0414  0.000116703   1.7458e-05       83.899 
          20      42.2405  0.000116922  1.75862e-05      83.8966 
          20      42.4399  0.000117149   1.7689e-05      83.8942 
          20      42.6399  0.000117324  1.77443e-05      83.8918 
          20      42.8404  0.000117362  1.77294e-05      83.8894 
          20      43.0412  0.000117141  1.76217e-05       83.887 
          20      43.2426  0.000116819  1.74631e-05      83.8845 
          20      43.4444  0.000116754  1.73892e-05      83.8821 
          20      43.6467  0.000116677  1.73556e-05      83.8796 
          20      43.8494   0.00011659  1.73502e-05      83.8771 
          20      44.0527  0.000116495   1.7363e-05      83.8747 
          20      44.2563  0.000116395  1.73864e-05      83.8722 
          20      44.4606  0.000116292  1.74145e-05      83.8696 
          20      44.6653  0.000116187  1.74432e-05      83.8671 
          20      44.8704  0.000116083  1.74697e-05      83.8646 
          20       45.076   0.00011598  1.74925e-05       83.862 
          20       45.282   0.00011588   1.7511e-05      83.8595 
          20      45.4886  0.000115783  1.75256e-05      83.8569 
          20      45.6955   0.00011569  1.75371e-05      83.8543 
          20       45.903  0.000115601  1.75467e-05      83.8517 
          20      46.1111  0.000115516  1.75562e-05      83.8491 
          20      46.3194  0.000115435  1.75671e-05      83.8465 
          20      46.5283  0.000115355   1.7581e-05      83.8439 
          20      46.7376  0.000115277  1.75995e-05      83.8413 
          20      46.9475  0.000115199  1.76238e-05      83.8386 
          20      47.1577   0.00011512  1.76547e-05       83.836 
          20      47.3685  0.000115038  1.76927e-05      83.8333 
          20      47.5798   0.00011495  1.77378e-05      83.8306 
          20      47.7914  0.000114857  1.77895e-05      83.8279 
          20      48.0037  0.000114755  1.78466e-05      83.8252 
          20      48.2162  0.000114644  1.79076e-05      83.8225 
          20      48.4294  0.000114522  1.79704e-05      83.8198 
          20      48.6429  0.000114388  1.80325e-05       83.817 
          20       48.857  0.000114243   1.8091e-05      83.8143 
          20      49.0714  0.000114088  1.81429e-05      83.8115 
          20      49.2865  0.000113922  1.81849e-05      83.8087 
          20       49.502   0.00011375  1.82137e-05       83.806 
          20      49.7179  0.000113575  1.82264e-05      83.8032 
          20      49.9343  0.000113402  1.82205e-05      83.8004 
          20      50.1511  0.000113238  1.81942e-05      83.7975 
          20      50.3685  0.000113092  1.81465e-05      83.7947 
          20      50.5862  0.000112975   1.8078e-05      83.7919 
          20      50.8046  0.000112901  1.79905e-05       83.789 
          20      51.0234  0.000112886  1.78884e-05      83.7862 
          20      51.2425  0.000112948  1.77782e-05      83.7833 
          20      51.4623  0.000113112  1.76693e-05      83.7804 
          20      51.6824  0.000113404  1.75748e-05      83.7775 
          20      51.9031  0.000113854  1.75114e-05      83.7746 
          20      52.1241  0.000114378  1.79088e-05      83.7717 
          20      52.3457  0.000114459  1.80002e-05      83.7688 
          20      52.5676  0.000114223  1.77255e-05      83.7658 
          20      52.7902  0.000113799  1.75818e-05      83.7629 
          20      53.0133  0.000113464  1.74955e-05      83.7599 
          20      53.2366  0.000113201  1.74546e-05       83.757 
          20      53.4606  0.000112997  1.74487e-05       83.754 
          20      53.6849   0.00011284  1.74691e-05       83.751 
          20      53.9099   0.00011272  1.75081e-05       83.748 
          20      54.1351  0.000112627  1.75595e-05       83.745 
          20       54.361  0.000112553  1.76181e-05       83.742 
          20      54.5873  0.000112493  1.76796e-05      83.7389 
          20      54.8139   0.00011244  1.77409e-05      83.7359 
          20      55.0412   0.00011239  1.77995e-05      83.7328 
          20      55.2688  0.000112341  1.78535e-05      83.7298 
          20       55.497  0.000112287   1.7902e-05      83.7267 
          20      55.7255  0.000112229  1.79441e-05      83.7236 
          20      55.9547  0.000112165  1.79798e-05      83.7205 
          20      56.1844  0.000112094  1.80091e-05      83.7174 
          20      56.4143  0.000112015  1.80326e-05      83.7143 
          20      56.6449  0.000111929  1.80509e-05      83.7112 
          20      56.8757  0.000111837  1.80647e-05      83.7081 
          20      57.1072  0.000111739   1.8075e-05      83.7049 
          20       57.339  0.000111636  1.80825e-05      83.7018 
          20      57.5715  0.000111529  1.80881e-05      83.6986 
          20      57.8042   0.00011142  1.80925e-05      83.6955 
          20      58.0376   0.00011131  1.80965e-05      83.6923 
          20      58.2715  0.000111199  1.81004e-05      83.6891 
          20      58.5057   0.00011109  1.81047e-05      83.6859 
          20      58.7405  0.000110983  1.81095e-05      83.6827 
          20      58.9756  0.000110878  1.81146e-05      83.6795 
          20      59.2113  0.000110778    1.812e-05      83.6762 
          20      59.4473  0.000110681  1.81251e-05       83.673 
          20       59.684  0.000110589  1.81295e-05      83.6698 
          20      59.9212  0.000110501  1.81323e-05      83.6665 
          20      60.1586  0.000110417  1.81327e-05      83.6633 
          20      60.3967  0.000110337    1.813e-05        83.66 
          20      60.6351   0.00011026  1.81232e-05      83.6567 
          20      60.8741  0.000110186  1.81116e-05      83.6534 
          20      61.1135  0.000110112  1.80946e-05      83.6501 
          20      61.3534  0.000110039  1.80718e-05      83.6468 
          20      61.5939  0.000109964  1.80432e-05      83.6435 
          20      61.8346  0.000109886  1.80093e-05      83.6402 
          20       62.076  0.000109805  1.79711e-05      83.6369 
          20      62.3177  0.000109718  1.79305e-05      83.6335 
          20        62.56  0.000109625  1.78902e-05      83.6302 
          20      62.8026  0.000109525   1.7854e-05      83.6268 
          20      63.0459  0.000109417   1.7827e-05      83.6235 
          20      63.2894  0.000109302  1.78156e-05      83.6201 
          20      63.5336  0.000109179  1.78282e-05      83.6167 
          20      63.7783   0.00010905  1.78749e-05      83.6134 
          20      64.0233  0.000108923  1.79672e-05        83.61 
          20      64.2689   0.00010893  1.80558e-05      83.6066 
          20      64.5148  0.000108915  1.81203e-05      83.6032 
          20      64.7613  0.000108882  1.81643e-05      83.5997 
          20      65.0082  0.000108833  1.81911e-05      83.5963 
          20      65.2557   0.00010877  1.82036e-05      83.5929 
          20      65.5036  0.000108695  1.82045e-05      83.5895 
          20      65.7519  0.000108609  1.81963e-05       83.586 
          20      66.0008  0.000108516  1.81812e-05      83.5826 
          20        66.25  0.000108415  1.81613e-05      83.5791 
          20      66.4998  0.000108309  1.81382e-05      83.5756 
          20        66.75    0.0001082  1.81136e-05      83.5722 
          20      67.0007  0.000108088  1.80887e-05      83.5687 
          20      67.2518  0.000107974  1.80647e-05      83.5652 
          20      67.5035  0.000107859  1.80425e-05      83.5617 
          20      67.7557  0.000107745  1.80228e-05      83.5582 
          20      68.0082  0.000107633  1.80061e-05      83.5547 
          20      68.2614  0.000107521  1.79929e-05      83.5512 
          20      68.5148  0.000107413  1.79833e-05      83.5477 
          20      68.7688  0.000107306  1.79772e-05      83.5442 
          20      69.0232  0.000107203  1.79746e-05      83.5407 
          20      69.2782  0.000107103  1.79753e-05      83.5371 
          20      69.5337  0.000107007  1.79786e-05      83.5336 
          20      69.7895  0.000106914  1.79842e-05      83.5301 
          20      70.0459  0.000106824  1.79914e-05      83.5265 
          20      70.3026  0.000106737  1.79993e-05       83.523 
          20        70.56  0.000106653  1.80071e-05      83.5194 
          20      70.8176  0.000106572  1.80138e-05      83.5159 
          20      71.0759  0.000106492  1.80183e-05      83.5123 
          20      71.3347  0.000106415  1.80196e-05      83.5087 
          20      71.5938  0.000106338  1.80165e-05      83.5051 
          20      71.8535  0.000106261  1.80077e-05      83.5016 
          20      72.1135  0.000106185   1.7992e-05       83.498 
          20      72.3741  0.000106107  1.79681e-05      83.4944 
          20       72.635  0.000106027  1.79348e-05      83.4908 
          20      72.8967  0.000105944  1.78906e-05      83.4872 
          20      73.1585  0.000105857  1.78345e-05      83.4836 
          20      73.4211  0.000105766   1.7765e-05        83.48 
          20      73.6841  0.000105668   1.7681e-05      83.4764 
          20      73.9473  0.000105564  1.75814e-05      83.4728 
          20      74.2113  0.000105452  1.74649e-05      83.4691 
          20      74.4755   0.00010533  1.73308e-05      83.4655 
          20      74.7404  0.000105198  1.71779e-05      83.4619 
          20      75.0056  0.000105054  1.70057e-05      83.4583 
          20      75.2714  0.000104898  1.68131e-05      83.4546 
          20      75.5377  0.000104806  1.67169e-05       83.451 
          20      75.8043  0.000104814  1.67686e-05      83.4474 
          20      76.0715  0.000104815  1.68059e-05      83.4437 
          20       76.339  0.000104806    1.683e-05      83.4401 
          20      76.6072  0.000104787  1.68428e-05      83.4364 
          20      76.8756  0.000104755  1.68466e-05      83.4328 
          20      77.1448   0.00010471  1.68445e-05      83.4292 
          20      77.4141   0.00010465  1.68395e-05      83.4255 
          20      77.6842  0.000104575  1.68347e-05      83.4218 
          20      77.9547  0.000104484  1.68333e-05      83.4182 
          20      78.2255  0.000104378  1.68379e-05      83.4145 
          20       78.497  0.000104259  1.68505e-05      83.4109 
          20      78.7687  0.000104131  1.68721e-05      83.4072 
          20      79.0411  0.000103997  1.69027e-05      83.4036 
          20      79.3138  0.000103865  1.69405e-05      83.3999 
          20      79.5872  0.000103743  1.69819e-05      83.3962 
          20       79.861   0.00010364  1.70205e-05      83.3926 
          20      80.1351  0.000103492  1.70316e-05      83.3889 
          20      80.4098  0.000103349  1.70247e-05      83.3852 
          20      80.6849  0.000103211   1.7003e-05      83.3816 
          20      80.9606  0.000103078  1.69695e-05      83.3779 
          20      81.2365  0.000102949  1.69273e-05      83.3743 
          20      81.5132  0.000102824  1.68795e-05      83.3706 
          20      81.7903  0.000102705  1.68291e-05      83.3669 
          20      82.0676  0.000102591  1.67789e-05      83.3633 
          20      82.3457  0.000102483   1.6732e-05      83.3596 
          20       82.624  0.000102382  1.66911e-05      83.3559 
          20       82.903   0.00010229   1.6659e-05      83.3523 
          20      83.1822  0.000102206  1.66385e-05      83.3486 
          20      83.4622  0.000102134  1.66322e-05      83.3449 
          20      83.7424  0.000102074  1.66427e-05      83.3413 
          20      84.0232  0.000102028  1.66726e-05      83.3376 
          20      84.3046  0.000101994  1.67225e-05      83.3339 
          20      84.5862  0.000101927  1.67607e-05      83.3303 
          20      84.8685   0.00010185  1.67856e-05      83.3266 
          20       85.151  0.000101766  1.67979e-05       83.323 
          20      85.4342  0.000101677  1.67984e-05      83.3193 
          20      85.7177  0.000101585  1.67879e-05      83.3157 
          20      86.0019   0.00010149  1.67672e-05       83.312 
          20      86.2865  0.000101394  1.67372e-05      83.3084 
          20      86.5714  0.000101298  1.66989e-05      83.3047 
          20       86.857  0.000101201   1.6653e-05      83.3011 
          20      87.1428  0.000101105  1.66007e-05      83.2975 
          20      87.4293  0.000101009  1.65426e-05      83.2938 
          20      87.7161  0.000100913  1.64798e-05      83.2902 
          20      88.0035  0.000100816   1.6413e-05      83.2866 
          20      88.2914   0.00010072  1.63432e-05      83.2829 
          20      88.5796  0.000100622  1.62711e-05      83.2793 
          20      88.8685  0.000100525  1.61973e-05      83.2757 
          20      89.1576  0.000100426  1.61228e-05      83.2721 
          20      89.4474  0.000100326   1.6048e-05      83.2685 
          20      89.7374  0.000100225  1.59736e-05      83.2649 
          20      90.0282  0.000100123  1.59001e-05      83.2613 
          20      90.3192   0.00010002   1.5828e-05      83.2577 
          20      90.6109   9.9916e-05  1.57576e-05      83.2541 
          20       90.903   9.9812e-05  1.56893e-05      83.2505 
          20      91.1954   9.9708e-05  1.56233e-05      83.2469 
          20      91.4885  9.96047e-05  1.55598e-05      83.2433 
          20      91.7819  9.95026e-05  1.54991e-05      83.2398 
          20      92.0759  9.94024e-05  1.54409e-05      83.2362 
          20      92.3702  9.93049e-05  1.53855e-05      83.2326 
          20      92.6652  9.92108e-05  1.53327e-05      83.2291 
          20      92.9606  9.91208e-05  1.52823e-05      83.2255 
          20      93.2563  9.90357e-05  1.52343e-05       83.222 
          20      93.5527  9.89561e-05  1.51884e-05      83.2185 
          20      93.8493  9.88824e-05  1.51443e-05      83.2149 
          20      94.1466  9.88148e-05  1.51017e-05      83.2114 
          20      94.4442  9.87535e-05  1.50603e-05      83.2079 
          20      94.7425  9.86982e-05  1.50199e-05      83.2044 
          20       95.041  9.86481e-05    1.498e-05      83.2009 
          20      95.3402  9.86022e-05  1.49404e-05      83.1974 
          20      95.6399  9.85587e-05  1.49008e-05      83.1939 
          20      95.9398  9.85154e-05   1.4861e-05      83.1904 
          20      96.2404  9.84692e-05  1.48208e-05      83.1869 
          20      96.5412  9.84162e-05  1.47801e-05      83.1835 
          20      96.8428  9.83514e-05  1.47389e-05        83.18 
          20      97.1446  9.82692e-05  1.46974e-05      83.1765 
          20      97.4471  9.81621e-05  1.46557e-05      83.1731 
          20      97.7501  9.80217e-05  1.46143e-05      83.1697 
          20      98.0533  9.78383e-05  1.45739e-05      83.1662 
          20      98.3572  9.75999e-05  1.45351e-05      83.1628 
          20      98.6613  9.72935e-05  1.44991e-05      83.1594 
          20      98.9662  9.72578e-05  1.44606e-05       83.156 
          20      99.2712  9.74661e-05  1.44099e-05      83.1526 
          20       99.577  9.75776e-05  1.43513e-05      83.1493 
          20      99.8833    9.761e-05  1.42866e-05      83.1459 
          20       100.19  9.75792e-05  1.42173e-05      83.1425 
          20      100.497  9.74991e-05  1.41448e-05      83.1392 
          20      100.804  9.73823e-05  1.40701e-05      83.1359 
          20      101.113  9.72395e-05  1.39942e-05      83.1325 
          20      101.421  9.70803e-05   1.3918e-05      83.1292 
          20       101.73  9.69123e-05  1.38419e-05      83.1259 
          20      102.039  9.67426e-05  1.37665e-05      83.1226 
          20      102.349  9.65765e-05  1.36922e-05      83.1193 
          20       102.66  9.64185e-05  1.36192e-05       83.116 
          20      102.971  9.62721e-05  1.35477e-05      83.1128 
          20      103.282  9.61396e-05  1.34777e-05      83.1095 
          20      103.594   9.6023e-05  1.34091e-05      83.1063 
          20      103.906  9.59228e-05  1.33419e-05       83.103 
          20      104.219  9.58396e-05  1.32758e-05      83.0998 
          20      104.532  9.57729e-05  1.32106e-05      83.0966 
          20      104.846  9.57219e-05   1.3146e-05      83.0934 
          20       105.16  9.56853e-05  1.30818e-05      83.0902 
          20      105.474  9.56615e-05  1.30175e-05      83.0871 
          20      105.789  9.56485e-05   1.2953e-05      83.0839 
          20      106.105  9.56442e-05  1.28877e-05      83.0808 
          20      106.421  9.56462e-05  1.28215e-05      83.0776 
          20      106.738  9.56522e-05  1.27538e-05      83.0745 
          20      107.055  9.56596e-05  1.26846e-05      83.0714 
          20      107.372  9.56661e-05  1.26136e-05      83.0683 
          20       107.69  9.56692e-05  1.25406e-05      83.0652 
          20      108.008  9.56668e-05  1.24654e-05      83.0622 
          20      108.327  9.56565e-05  1.23881e-05      83.0591 
          20      108.646  9.56367e-05  1.23085e-05      83.0561 
          20      108.966  9.56055e-05  1.22269e-05      83.0531 
          20      109.286  9.55617e-05  1.21435e-05        83.05 
          20      109.607   9.5504e-05  1.20584e-05      83.0471 
          20      109.928  9.54317e-05  1.19722e-05      83.0441 
          20       110.25  9.53445e-05  1.18855e-05      83.0411 
          20      110.572   9.5242e-05  1.17988e-05      83.0382 
          20      110.895  9.51248e-05  1.17131e-05      83.0352 
          20      111.218  9.49933e-05  1.16292e-05      83.0323 
          20      111.541  9.48488e-05  1.15483e-05      83.0294 
          20      111.865  9.46924e-05  1.14716e-05      83.0265 
          20       112.19   9.4526e-05  1.14005e-05      83.0236 
          20      112.515  9.43518e-05  1.13368e-05      83.0208 
          20       112.84  9.41721e-05   1.1282e-05      83.0179 
          20      113.166  9.39897e-05  1.12382e-05      83.0151 
          20      113.492  9.38075e-05  1.12076e-05      83.0123 
          20      113.819  9.36288e-05  1.11924e-05      83.0095 
          20      114.147  9.35346e-05  1.10938e-05      83.0068 
          20      114.474  9.34483e-05  1.09769e-05      83.0041 
          20      114.803  9.33569e-05  1.08618e-05      83.0014 
          20      115.131  9.32657e-05  1.07483e-05      82.9987 
          20       115.46  9.31794e-05  1.06365e-05       82.996 
          20       115.79  9.31021e-05   1.0526e-05      82.9933 
          20       116.12  9.30373e-05  1.04171e-05      82.9907 
          20      116.451  9.29878e-05  1.03093e-05      82.9881 
          20      116.782  9.29558e-05   1.0203e-05      82.9855 
          20      117.113  9.29428e-05  1.00979e-05      82.9829 
          20      117.446  9.29497e-05  9.99416e-06      82.9804 
          20      117.778  9.29762e-05    9.892e-06      82.9779 
          20      118.111  9.30216e-05  9.79135e-06      82.9753 
          20      118.444   9.3084e-05  9.69254e-06      82.9729 
          20      118.778  9.31609e-05  9.59562e-06      82.9704 
          20      119.112  9.32484e-05    9.501e-06      82.9679 
          20      119.447  9.33417e-05  9.40887e-06      82.9655 
          20      119.783   9.3435e-05  9.31965e-06      82.9631 
          20      120.118  9.35207e-05  9.23384e-06      82.9607 
          20      120.455  9.35907e-05  9.15182e-06      82.9583 
          20      120.791  9.36346e-05  9.07427e-06       82.956 
          20      121.128  9.36413e-05  9.00171e-06      82.9536 
          20      121.466  9.35974e-05  8.93498e-06      82.9513 
          20      121.804  9.34881e-05  8.87478e-06       82.949 
          20      122.143  9.32969e-05   8.8221e-06      82.9467 
          20      122.482  9.30048e-05  8.77785e-06      82.9445 
          20      122.821  9.25909e-05  8.74317e-06      82.9422 
          20      123.161  9.20329e-05  8.71929e-06        82.94 
          20      123.502  9.13043e-05  8.70751e-06      82.9378 
          20      123.843  9.03782e-05  8.70928e-06      82.9356 
          20      124.184  9.08976e-05  8.67619e-06      82.9333 
          20      124.526  9.28862e-05  8.56996e-06      82.9311 
          20      124.868  9.41072e-05  8.44825e-06      82.9289 
          20      125.211   9.4707e-05  8.31348e-06      82.9268 
          20      125.554  9.48169e-05  8.16794e-06      82.9246 
          20      125.898  9.45533e-05  8.01344e-06      82.9225 
          20      126.242  9.40177e-05  7.85212e-06      82.9205 
          20      126.587  9.32972e-05  7.68547e-06      82.9184 
          20      126.932  9.24682e-05  7.51539e-06      82.9164 
          20      127.278  9.15929e-05  7.34311e-06      82.9145 
          20      127.624  9.07249e-05   7.1702e-06      82.9125 
          20      127.971  8.99077e-05  6.99808e-06      82.9106 
          20      128.318  8.91737e-05   6.8277e-06      82.9088 
          20      128.665  8.85496e-05  6.66047e-06      82.9069 
          20      129.013   8.8052e-05   6.4972e-06      82.9052 
          20      129.361  8.76928e-05  6.33914e-06      82.9034 
          20       129.71  8.74759e-05  6.18701e-06      82.9017 
          20       130.06   8.7401e-05  6.04197e-06         82.9 
          20       130.41  8.74619e-05  5.90469e-06      82.8983 
          20       130.76  8.76484e-05  5.77618e-06      82.8967 
          20      131.111  8.79458e-05  5.65743e-06      82.8951 
          20      131.462  8.83367e-05  5.54913e-06      82.8935 
          20      131.814  8.87993e-05  5.45241e-06       82.892 
          20      132.166  8.93108e-05  5.36807e-06      82.8905 
          20      132.519  8.98439e-05  5.29729e-06       82.889 
          20      132.872  9.03711e-05  5.24104e-06      82.8876 
          20      133.226  9.08612e-05   5.2006e-06      82.8862 
          20       133.58  9.12815e-05  5.17726e-06      82.8848 
          20      133.934  9.15984e-05  5.17241e-06      82.8834 
          20      134.289  9.21969e-05  5.14961e-06       82.882 
          20      134.645  9.29571e-05  5.10737e-06      82.8806 
          20          135  9.36748e-05  5.05743e-06      82.8792 
          20      135.357  9.43008e-05   4.9998e-06      82.8778 
          20      135.714  9.47918e-05  4.93466e-06      82.8765 
          20      136.071  9.51146e-05  4.86208e-06      82.8752 
          20      136.429  9.52438e-05  4.78232e-06      82.8739 
          20      136.787  9.51634e-05   4.6957e-06      82.8727 
          20      137.146  9.48665e-05  4.60239e-06      82.8714 
          20      137.505   9.4356e-05  4.50292e-06      82.8703 
          20      137.865  9.36422e-05  4.39752e-06      82.8691 
          20      138.225  9.27463e-05  4.28682e-06       82.868 
          20      138.586  9.16949e-05  4.17114e-06      82.8669 
          20      138.947  9.05241e-05  4.05112e-06      82.8658 
          20      139.309  8.92773e-05  3.92742e-06      82.8648 
          20      139.671  8.80003e-05  3.80045e-06      82.8638 
          20      140.033  8.67474e-05  3.67105e-06      82.8628 
          20      140.397   8.5572e-05  3.53964e-06      82.8619 
          20       140.76  8.45332e-05  3.40709e-06       82.861 
          20      141.124  8.36863e-05  3.27384e-06      82.8601 
          20      141.488  8.30871e-05   3.1406e-06      82.8592 
          20      141.853  8.27867e-05  3.00811e-06      82.8584 
          20      142.219   8.2829e-05   2.8767e-06      82.8576 
          20      142.584  8.32495e-05  2.74711e-06      82.8569 
          20      142.951  8.40726e-05  2.61956e-06      82.8561 
          20      143.317  8.53063e-05  2.49462e-06      82.8555 
          20      143.685  8.69439e-05  2.37234e-06      82.8548 
          20      144.052  8.89532e-05  2.25304e-06      82.8542 
          20      144.421   9.1283e-05  2.13653e-06      82.8536 
          20      144.789  9.38485e-05  2.02272e-06       82.853 
          20      145.158  9.65317e-05  1.91133e-06      82.8525 
          20      145.528   9.9184e-05  1.80162e-06       82.852 
          20      145.898  0.000101607  1.69295e-06      82.8515 
          20      146.269  0.000103563  1.58405e-06      82.8511 
          20       146.64  0.000104756  1.47375e-06      82.8507 
          20      147.011   0.00010484  1.36016e-06      82.8503 
          20      147.383  0.000103399  1.24132e-06        82.85 
          20      147.755  9.99561e-05   1.1149e-06      82.8497 
          20      148.128  9.39503e-05  9.77825e-07      82.8495 
          20      148.502  8.47543e-05  8.27005e-07      82.8493 
          20      148.876  7.16283e-05  6.58375e-07      82.8491 
          20       149.25  5.37734e-05  4.67854e-07       82.849 
          20      149.625   3.0238e-05  2.50202e-07      82.8489 
          20          150            0            0      82.8488 
