Variables = x, y, u, v, p

Zone, I=800, F=POINT
         700            0           -0           -0      31.3105 
         700     0.000234  1.46884e-05  3.38115e-11      31.3105 
         700     0.000939  5.55662e-05  5.40606e-10      31.3105 
         700     0.002113  0.000113303  2.73215e-09      31.3105 
         700     0.003759  0.000175483  8.63427e-09      31.3105 
         700     0.005872  0.000229515  2.10374e-08      31.3105 
         700     0.008457   0.00026672  4.35598e-08      31.3105 
         700      0.01151  0.000284251  8.05189e-08      31.3105 
         700     0.015036  0.000286019  1.37071e-07      31.3105 
         700     0.019031  0.000280963  2.18958e-07      31.3105 
         700     0.023493  0.000279529  3.32567e-07      31.3105 
         700     0.028429  0.000289142  4.85153e-07      31.3105 
         700     0.033831  0.000310435  6.84088e-07      31.3105 
         700     0.039706  0.000336335  9.37728e-07      31.3105 
         700     0.046047  0.000355441  1.25427e-06      31.3105 
         700     0.052863  0.000360097    1.643e-06      31.3105 
         700      0.06015  0.000355571  2.11279e-06      31.3105 
         700       0.0679  0.000361569  2.67222e-06      31.3105 
         700     0.076126  0.000387583  3.33134e-06      31.3105 
         700     0.084816  0.000373314  4.09818e-06      31.3105 
         700     0.093982  0.000381903  4.98258e-06      31.3105 
         700     0.103611  0.000383368  5.99164e-06      31.3105 
         700     0.113718  0.000380124  7.13479e-06      31.3105 
         700     0.124286  0.000373908  8.41734e-06      31.3105 
         700     0.135333  0.000365691  9.84797e-06      31.3105 
         700      0.14685  0.000355756  1.14313e-05      31.3105 
         700     0.158827  0.000343887  1.31707e-05      31.3105 
         700     0.171284  0.000329645  1.50727e-05      31.3105 
         700     0.184201  0.000312801   1.7137e-05      31.3105 
         700     0.197599  0.000293547  1.93687e-05      31.3105 
         700     0.211455  0.000272681  2.17644e-05      31.3105 
         700     0.225792  0.000251064  2.43276e-05      31.3105 
         700       0.2406  0.000228474  2.70551e-05      31.3105 
         700     0.255865  0.000203339  2.99417e-05      31.3105 
         700     0.271613  0.000178502  3.29887e-05      31.3105 
         700     0.287818  0.000153066  3.61867e-05      31.3105 
         700     0.304506  0.000127313  3.95361e-05      31.3105 
         700      0.32165  0.000101593  4.30257e-05      31.3105 
         700     0.339278  7.61464e-05  4.66551e-05      31.3105 
         700     0.357377  5.12473e-05  5.04153e-05      31.3105 
         700      0.37593  2.71439e-05  5.42958e-05      31.3105 
         700     0.394968  3.99249e-06  5.82962e-05      31.3105 
         700     0.414461 -1.80012e-05  6.24033e-05      31.3105 
         700      0.43444 -3.87276e-05  6.66171e-05      31.3105 
         700     0.454872 -5.80302e-05  7.09239e-05      31.3105 
         700     0.475791 -7.58363e-05   7.5325e-05      31.3105 
         700     0.497163 -9.20275e-05  7.98075e-05      31.3105 
         700     0.519021 -0.000106554  8.43731e-05      31.3105 
         700      0.54135 -0.000119348  8.90138e-05      31.3105 
         700     0.564131 -0.000130369  9.37213e-05      31.3105 
         700       0.5874 -0.000139649  9.84985e-05      31.3105 
         700     0.611121 -0.000147244  0.000103334      31.3105 
         700      0.63533 -0.000153063  0.000108237      31.3105 
         700      0.65999 -0.000157212  0.000113192      31.3105 
         700     0.685139 -0.000159728  0.000118205      31.3105 
         700     0.710759 -0.000160649  0.000123272      31.3105 
         700     0.736828 -0.000160027  0.000128386      31.3105 
         700     0.763387 -0.000157922  0.000133554      31.3105 
         700     0.790396 -0.000154405  0.000138766      31.3105 
         700     0.817896  -0.00014955  0.000144029      31.3105 
         700     0.845843 -0.000143454  0.000149331      31.3105 
         700     0.874283 -0.000136202  0.000154678      31.3105 
         700      0.90317 -0.000127911  0.000160059      31.3105 
         700     0.932551 -0.000118679  0.000165478      31.3105 
         700     0.962401 -0.000108633  0.000170928      31.3105 
         700     0.992697 -9.79071e-05    0.0001764      31.3105 
         700      1.02349 -8.66143e-05  0.000181897      31.3105 
         700      1.05472 -7.49077e-05  0.000187405      31.3105 
         700      1.08645 -6.29051e-05  0.000192927      31.3105 
         700      1.11863 -5.07646e-05  0.000198448      31.3105 
         700       1.1513  -3.8604e-05  0.000203969      31.3105 
         700      1.18444 -2.65681e-05  0.000209479      31.3105 
         700      1.21802  -1.4796e-05  0.000214965      31.3105 
         700      1.25211 -3.38996e-06  0.000220428      31.3105 
         700      1.28663  7.52038e-06  0.000225852      31.3105 
         700      1.32165  1.78572e-05  0.000231238      31.3105 
         700      1.35712   2.7526e-05  0.000236571      31.3105 
         700      1.39308  3.64875e-05  0.000241853      31.3105 
         700      1.42951  4.47075e-05  0.000247075      31.3105 
         700      1.46638  5.21869e-05  0.000252233      31.3105 
         700      1.50375  5.89846e-05  0.000257333      31.3105 
         700      1.54156  6.51619e-05  0.000262352      31.3105 
         700      1.57987   7.0742e-05  0.000267289      31.3105 
         700      1.61863  7.58069e-05  0.000272136      31.3105 
         700      1.65788  8.04523e-05  0.000276902      31.3105 
         700      1.69757  8.47521e-05  0.000281576      31.3105 
         700      1.73776   8.8789e-05  0.000286167      31.3105 
         700      1.77842  9.26283e-05  0.000290667      31.3105 
         700      1.81952   9.6329e-05  0.000295073      31.3105 
         700      1.86113  9.99523e-05  0.000299388      31.3105 
         700      1.90316   0.00010354  0.000303603      31.3105 
         700      1.94571   0.00010714  0.000307721      31.3105 
         700      1.98869  0.000110779  0.000311732      31.3105 
         700      2.03217  0.000114492   0.00031564      31.3105 
         700      2.07612  0.000118294  0.000319436      31.3105 
         700      2.12051  0.000122197  0.000323113      31.3105 
         700       2.1654  0.000126216  0.000326673      31.3105 
         700      2.21073  0.000130346  0.000330106      31.3105 
         700      2.25656  0.000134592  0.000333411      31.3105 
         700      2.30283  0.000138939  0.000336579      31.3105 
         700       2.3496  0.000143384   0.00033961      31.3105 
         700      2.39685  0.000147909  0.000342496      31.3105 
         700      2.44452  0.000152493  0.000345231      31.3105 
         700      2.49271  0.000157125  0.000347813      31.3105 
         700      2.54132  0.000161779  0.000350236      31.3105 
         700      2.59044  0.000166441  0.000352497      31.3105 
         700         2.64  0.000171085   0.00035459      31.3105 
         700      2.69006    0.0001757  0.000356515      31.3105 
         700      2.74056  0.000180262  0.000358265      31.3105 
         700      2.79156  0.000184764  0.000359841      31.3105 
         700      2.84304  0.000189191  0.000361239      31.3105 
         700      2.89494  0.000193532  0.000362457      31.3105 
         700      2.94735  0.000197788  0.000363495      31.3105 
         700       3.0002  0.000201953  0.000364351      31.3105 
         700      3.05355  0.000206033  0.000365026      31.3105 
         700      3.10733  0.000210026  0.000365521      31.3105 
         700      3.16163  0.000213946  0.000365835      31.3105 
         700      3.21639  0.000217795   0.00036597      31.3105 
         700      3.27158  0.000221576  0.000365927      31.3105 
         700      3.32729  0.000225297  0.000365706      31.3105 
         700      3.38342  0.000228948  0.000365309      31.3105 
         700      3.44007  0.000232524  0.000364735      31.3105 
         700      3.49714  0.000235992  0.000363984      31.3105 
         700      3.55472  0.000239317  0.000363053      31.3105 
         700      3.61273  0.000242426  0.000361942      31.3105 
         700      3.67125  0.000245231  0.000360641      31.3105 
         700      3.73025  0.000247597  0.000359144      31.3105 
         700      3.78967  0.000250111  0.000357517      31.3105 
         700      3.84961  0.000252799  0.000355773      31.3105 
         700      3.90996  0.000255371  0.000353895      31.3105 
         700      3.97084  0.000257831  0.000351884      31.3105 
         700      4.03214  0.000260173  0.000349751      31.3105 
         700      4.09395  0.000262401  0.000347495      31.3105 
         700      4.15624  0.000264513  0.000345124      31.3105 
         700      4.21895  0.000266507  0.000342644      31.3105 
         700      4.28217  0.000268386  0.000340057      31.3105 
         700      4.34582  0.000270147  0.000337369      31.3105 
         700      4.40998  0.000271792   0.00033458      31.3105 
         700      4.47457  0.000273321  0.000331698      31.3105 
         700      4.53968  0.000274735  0.000328721      31.3105 
         700      4.60525  0.000276033  0.000325654      31.3105 
         700      4.67125  0.000277232  0.000322561      31.3105 
         700      4.73777  0.000278336  0.000319406      31.3105 
         700       4.8047  0.000279341  0.000316192      31.3105 
         700      4.87216  0.000280246  0.000312917      31.3105 
         700      4.94003  0.000281048  0.000309591      31.3105 
         700      5.00843  0.000281748  0.000306211      31.3105 
         700      5.07724  0.000282342  0.000302787      31.3105 
         700      5.14658  0.000282829  0.000299318      31.3105 
         700      5.21639  0.000283209  0.000295811      31.3105 
         700      5.28661   0.00028348  0.000292272      31.3105 
         700      5.35736  0.000283643  0.000288699      31.3105 
         700      5.42852  0.000283697  0.000285102      31.3105 
         700      5.50021  0.000283644   0.00028148      31.3105 
         700      5.57231  0.000283485   0.00027784      31.3105 
         700      5.64493  0.000283221  0.000274181      31.3105 
         700      5.71803  0.000282857   0.00027051      31.3105 
         700      5.79154  0.000282395  0.000266833      31.3106 
         700      5.86558  0.000281841  0.000263148      31.3106 
         700      5.94003    0.0002812  0.000259463      31.3106 
         700      6.01501  0.000280477  0.000255776      31.3106 
         700       6.0904  0.000279681  0.000252096      31.3106 
         700      6.16632  0.000278818  0.000248421      31.3106 
         700      6.24271  0.000277898  0.000244756      31.3106 
         700       6.3195   0.00027693  0.000241106      31.3106 
         700      6.39683  0.000275923   0.00023747      31.3106 
         700      6.47457   0.00027489  0.000233856      31.3106 
         700      6.55284  0.000273838  0.000230259      31.3106 
         700      6.63152  0.000272781   0.00022669      31.3106 
         700      6.71073  0.000271726  0.000223145      31.3106 
         700      6.79034  0.000270687  0.000219631      31.3106 
         700      6.87049  0.000269671  0.000216146      31.3106 
         700      6.95111  0.000268688  0.000212696      31.3106 
         700      7.03214  0.000267745  0.000209285      31.3106 
         700       7.1137  0.000266846  0.000205911      31.3106 
         700      7.19566  0.000265995  0.000202581      31.3106 
         700      7.27816  0.000265192  0.000199293      31.3106 
         700      7.36106  0.000264433  0.000196055      31.3106 
         700      7.44451   0.00026371  0.000192864      31.3106 
         700      7.52842  0.000262855  0.000189644      31.3106 
         700      7.61273   0.00026176   0.00018633      31.3106 
         700      7.69758  0.000260804  0.000183113      31.3106 
         700      7.78283  0.000259947  0.000179977      31.3106 
         700      7.86862  0.000259156  0.000176902      31.3106 
         700      7.95481  0.000258405  0.000173878      31.3106 
         700      8.04155  0.000257674  0.000170892      31.3106 
         700      8.12868  0.000256948  0.000167941      31.3106 
         700      8.21635  0.000256218  0.000165014      31.3106 
         700      8.30449  0.000255479  0.000162112      31.3106 
         700      8.39303  0.000254728  0.000159235      31.3106 
         700      8.48211  0.000253967  0.000156379      31.3106 
         700      8.57159    0.0002532   0.00015355      31.3106 
         700      8.66161  0.000252431  0.000150744      31.3106 
         700      8.75203  0.000251667  0.000147969      31.3106 
         700      8.84299  0.000250913  0.000145222      31.3106 
         700      8.93443  0.000250177  0.000142509      31.3106 
         700      9.02626  0.000249465  0.000139834      31.3106 
         700      9.11863  0.000248781  0.000137194      31.3106 
         700      9.21139   0.00024813  0.000134594      31.3106 
         700      9.30471  0.000247513  0.000132032      31.3106 
         700      9.39841   0.00024693  0.000129512      31.3106 
         700      9.49267  0.000246379  0.000127029      31.3106 
         700      9.58739  0.000245855  0.000124585      31.3106 
         700      9.68251  0.000245352  0.000122179      31.3106 
         700      9.77817  0.000244862  0.000119809      31.3106 
         700      9.87422  0.000244375  0.000117475      31.3106 
         700      9.97083  0.000243879  0.000115176      31.3106 
         700      10.0678  0.000243363  0.000112915      31.3106 
         700      10.1654  0.000242815  0.000110693      31.3106 
         700      10.2633  0.000242273  0.000108446      31.3106 
         700      10.3618  0.000241745  0.000106263      31.3106 
         700      10.4607  0.000241216   0.00010416      31.3106 
         700      10.5601   0.00024068  0.000102115      31.3106 
         700        10.66  0.000240129  0.000100096      31.3106 
         700      10.7603  0.000239553   9.8073e-05      31.3106 
         700      10.8611  0.000238935  9.60111e-05      31.3106 
         700      10.9623  0.000238254  9.38782e-05      31.3106 
         700      11.0641  0.000237698  9.18352e-05      31.3106 
         700      11.1663  0.000237367   8.9981e-05      31.3106 
         700       11.269  0.000237029   8.8117e-05      31.3106 
         700      11.3721  0.000236682  8.62518e-05      31.3106 
         700      11.4757  0.000236325  8.43979e-05      31.3106 
         700      11.5798  0.000235957  8.25603e-05      31.3106 
         700      11.6844   0.00023558  8.07482e-05      31.3106 
         700      11.7894  0.000235194  7.89634e-05      31.3106 
         700       11.895    0.0002348  7.72111e-05      31.3106 
         700      12.0009  0.000234401  7.54946e-05      31.3106 
         700      12.1073  0.000233998  7.38123e-05      31.3105 
         700      12.2142  0.000233595  7.21671e-05      31.3105 
         700      12.3216  0.000233193  7.05555e-05      31.3105 
         700      12.4294  0.000232794  6.89786e-05      31.3105 
         700      12.5378  0.000232399  6.74316e-05      31.3105 
         700      12.6465  0.000232013  6.59145e-05      31.3105 
         700      12.7558  0.000231634  6.44217e-05      31.3105 
         700      12.8656  0.000231264  6.29514e-05      31.3105 
         700      12.9757  0.000230905  6.15011e-05      31.3105 
         700      13.0864  0.000230555  6.00653e-05      31.3105 
         700      13.1975  0.000230215  5.86431e-05      31.3105 
         700      13.3092  0.000229884   5.7229e-05      31.3105 
         700      13.4212  0.000229559  5.58228e-05      31.3105 
         700      13.5338   0.00022924    5.442e-05      31.3105 
         700      13.6468  0.000228924  5.30199e-05      31.3105 
         700      13.7603  0.000228636  5.16382e-05      31.3105 
         700      13.8743  0.000228366  5.02916e-05      31.3105 
         700      13.9886    0.0002281  4.89824e-05      31.3105 
         700      14.1036  0.000227838  4.77114e-05      31.3105 
         700      14.2189   0.00022758  4.64831e-05      31.3105 
         700      14.3348  0.000227323  4.52969e-05      31.3105 
         700       14.451  0.000227067   4.4155e-05      31.3105 
         700      14.5678  0.000226808  4.30537e-05      31.3105 
         700      14.6851  0.000226542  4.19898e-05      31.3105 
         700      14.8028  0.000226267  4.09563e-05      31.3105 
         700       14.921  0.000225978  3.99398e-05      31.3105 
         700      15.0396   0.00022567  3.89249e-05      31.3105 
         700      15.1588  0.000225338  3.78868e-05      31.3105 
         700      15.2783  0.000224976  3.67963e-05      31.3105 
         700      15.3984  0.000224579  3.56122e-05      31.3105 
         700       15.519  0.000224353   3.4661e-05      31.3105 
         700        15.64  0.000224367  3.38529e-05      31.3105 
         700      15.7615    0.0002244  3.27206e-05      31.3105 
         700      15.8834  0.000224345   3.1845e-05      31.3105 
         700      16.0058  0.000224206   3.1127e-05      31.3105 
         700      16.1286  0.000224032  3.02951e-05      31.3105 
         700       16.252  0.000223826  2.93702e-05      31.3105 
         700      16.3759  0.000223593  2.83737e-05      31.3105 
         700      16.5002  0.000223337  2.73257e-05      31.3105 
         700       16.625  0.000223064  2.62429e-05      31.3105 
         700      16.7501  0.000222812  2.53741e-05      31.3105 
         700      16.8759  0.000222594  2.46918e-05      31.3105 
         700       17.002  0.000222391  2.40208e-05      31.3105 
         700      17.1287  0.000222204  2.33585e-05      31.3105 
         700      17.2557  0.000222032  2.27048e-05      31.3105 
         700      17.3834  0.000221875  2.20575e-05      31.3105 
         700      17.5115  0.000221732  2.14163e-05      31.3105 
         700      17.6399  0.000221601   2.0781e-05      31.3105 
         700       17.769  0.000221482  2.01501e-05      31.3105 
         700      17.8984  0.000221373  1.95243e-05      31.3105 
         700      18.0284  0.000221271  1.89026e-05      31.3105 
         700      18.1587  0.000221175  1.82859e-05      31.3105 
         700      18.2896  0.000221083  1.76735e-05      31.3105 
         700       18.421  0.000220994  1.70662e-05      31.3105 
         700      18.5528  0.000220905  1.64649e-05      31.3105 
         700      18.6851  0.000220815  1.58694e-05      31.3105 
         700      18.8178  0.000220723  1.52811e-05      31.3105 
         700      18.9511  0.000220627     1.47e-05      31.3105 
         700      19.0847  0.000220528  1.41278e-05      31.3105 
         700      19.2189  0.000220423  1.35645e-05      31.3105 
         700      19.3535  0.000220314  1.30119e-05      31.3105 
         700      19.4886  0.000220199  1.24702e-05      31.3105 
         700      19.6242   0.00022008  1.19407e-05      31.3105 
         700      19.7602  0.000219957  1.14248e-05      31.3105 
         700      19.8968  0.000219832  1.09226e-05      31.3105 
         700      20.0337  0.000219705  1.04356e-05      31.3105 
         700      20.1712  0.000219577  9.96396e-06      31.3105 
         700      20.3091  0.000219452  9.50899e-06      31.3105 
         700      20.4475   0.00021933  9.07049e-06      31.3105 
         700      20.5864  0.000219214  8.64921e-06      31.3105 
         700      20.7257  0.000219105  8.24563e-06      31.3105 
         700      20.8655  0.000219006  7.85908e-06      31.3105 
         700      21.0058  0.000218917  7.48989e-06      31.3105 
         700      21.1465  0.000218842  7.13693e-06      31.3105 
         700      21.2877   0.00021878  6.79993e-06      31.3105 
         700      21.4294  0.000218732  6.47716e-06      31.3105 
         700      21.5716  0.000218697  6.16735e-06      31.3105 
         700      21.7142  0.000218674  5.86879e-06      31.3105 
         700      21.8573  0.000218661  5.57862e-06      31.3105 
         700      22.0008  0.000218652  5.29445e-06      31.3105 
         700      22.1449  0.000218644  5.01247e-06      31.3105 
         700      22.2893  0.000218628  4.72922e-06      31.3105 
         700      22.4344  0.000218594  4.43975e-06      31.3105 
         700      22.5797   0.00021853  4.13939e-06      31.3105 
         700      22.7257   0.00021842  3.82185e-06      31.3105 
         700      22.8721  0.000218247  3.48085e-06      31.3105 
         700      23.0189  0.000217987   3.1094e-06      31.3105 
         700      23.1663  0.000217863  2.81884e-06      31.3105 
         700       23.314  0.000217991  2.69341e-06      31.3105 
         700      23.4623  0.000218038   2.5663e-06      31.3105 
         700       23.611  0.000218031  2.43232e-06      31.3105 
         700      23.7602  0.000217989  2.28747e-06      31.3105 
         700        23.91  0.000217928  2.12953e-06      31.3105 
         700        24.06   0.00021786   1.9576e-06      31.3105 
         700      24.2107  0.000217793  1.77151e-06      31.3104 
         700      24.3617  0.000217732  1.57263e-06      31.3104 
         700      24.5133  0.000217679  1.36253e-06      31.3104 
         700      24.6653  0.000217636  1.14407e-06      31.3104 
         700      24.8178  0.000217602  9.19974e-07      31.3104 
         700      24.9708  0.000217574  6.93829e-07      31.3104 
         700      25.1242   0.00021755  4.69471e-07      31.3104 
         700      25.2781  0.000217527  2.50277e-07      31.3104 
         700      25.4324  0.000217503  4.03026e-08      31.3104 
         700      25.5873  0.000217473 -1.57237e-07      31.3104 
         700      25.7426  0.000217438 -3.38746e-07      31.3104 
         700      25.8984  0.000217395 -5.01599e-07      31.3104 
         700      26.0546  0.000217345 -6.43092e-07      31.3104 
         700      26.2114   0.00021729 -7.61552e-07      31.3104 
         700      26.3686  0.000217232 -8.55577e-07      31.3104 
         700      26.5262  0.000217177 -9.24525e-07      31.3104 
         700      26.6844   0.00021713 -9.68644e-07      31.3104 
         700      26.8429    0.0002171  -9.8876e-07      31.3104 
         700       27.002  0.000217097 -9.86592e-07      31.3104 
         700      27.1615  0.000217131 -9.64616e-07      31.3104 
         700      27.3216   0.00021709 -1.20277e-06      31.3104 
         700      27.4821  0.000217046  -1.4565e-06      31.3104 
         700       27.643  0.000217013  -1.6829e-06      31.3104 
         700      27.8044  0.000216989 -1.88216e-06      31.3104 
         700      27.9663   0.00021697  -2.0542e-06      31.3104 
         700      28.1287  0.000216955 -2.20005e-06      31.3104 
         700      28.2914   0.00021694 -2.32074e-06      31.3104 
         700      28.4548  0.000216923 -2.41832e-06      31.3104 
         700      28.6185  0.000216902 -2.49506e-06      31.3104 
         700      28.7828  0.000216875 -2.55418e-06      31.3104 
         700      28.9475  0.000216842 -2.59942e-06      31.3104 
         700      29.1126  0.000216801 -2.63526e-06      31.3104 
         700      29.2784  0.000216755  -2.6671e-06      31.3104 
         700      29.4444  0.000216704 -2.70102e-06      31.3104 
         700       29.611  0.000216653 -2.74413e-06      31.3104 
         700       29.778  0.000216608 -2.80435e-06      31.3104 
         700      29.9456  0.000216574 -2.89079e-06      31.3104 
         700      30.1137  0.000216562 -3.01348e-06      31.3104 
         700      30.2821  0.000216583 -3.18346e-06      31.3104 
         700      30.4511  0.000216667 -3.29005e-06      31.3104 
         700      30.6204  0.000216758 -3.23558e-06      31.3104 
         700      30.7903  0.000216812 -3.19178e-06      31.3104 
         700      30.9606  0.000216838 -3.15941e-06      31.3104 
         700      31.1315  0.000216843 -3.13847e-06      31.3104 
         700      31.3028  0.000216834 -3.12854e-06      31.3104 
         700      31.4745  0.000216815 -3.12872e-06      31.3103 
         700      31.6468  0.000216791 -3.13778e-06      31.3103 
         700      31.8194  0.000216765 -3.15422e-06      31.3103 
         700      31.9926  0.000216739 -3.17638e-06      31.3103 
         700      32.1662  0.000216717 -3.20246e-06      31.3103 
         700      32.3404  0.000216698 -3.23067e-06      31.3103 
         700      32.5149  0.000216684 -3.25918e-06      31.3103 
         700        32.69  0.000216675 -3.28634e-06      31.3103 
         700      32.8655  0.000216671 -3.31057e-06      31.3103 
         700      33.0414  0.000216672 -3.33049e-06      31.3103 
         700       33.218  0.000216677 -3.34501e-06      31.3103 
         700      33.3948  0.000216686 -3.35324e-06      31.3103 
         700      33.5723  0.000216698 -3.35463e-06      31.3103 
         700        33.75  0.000216712 -3.34893e-06      31.3103 
         700      33.9284  0.000216728 -3.33621e-06      31.3103 
         700      34.1073  0.000216745 -3.31687e-06      31.3103 
         700      34.2865  0.000216762 -3.29167e-06      31.3103 
         700      34.4663  0.000216779  -3.2616e-06      31.3103 
         700      34.6465  0.000216796   -3.228e-06      31.3103 
         700      34.8272  0.000216812 -3.19237e-06      31.3103 
         700      35.0083  0.000216826 -3.15648e-06      31.3103 
         700        35.19  0.000216841 -3.12213e-06      31.3103 
         700      35.3721  0.000216854 -3.09126e-06      31.3103 
         700      35.5546  0.000216867 -3.06573e-06      31.3103 
         700      35.7377   0.00021688 -3.04723e-06      31.3103 
         700      35.9211  0.000216892 -3.03723e-06      31.3103 
         700      36.1052  0.000216905  -3.0368e-06      31.3103 
         700      36.2895  0.000216918 -3.04644e-06      31.3103 
         700      36.4745  0.000216931 -3.06601e-06      31.3103 
         700      36.6598  0.000216943 -3.09439e-06      31.3103 
         700      36.8457  0.000216952 -3.12948e-06      31.3103 
         700      37.0321  0.000216958 -3.16779e-06      31.3102 
         700      37.2188  0.000216958 -3.20429e-06      31.3102 
         700      37.4062  0.000216948 -3.23223e-06      31.3102 
         700      37.5938  0.000216924 -3.24269e-06      31.3102 
         700      37.7821  0.000216879 -3.22441e-06      31.3102 
         700      37.9707  0.000216807 -3.16345e-06      31.3102 
         700      38.1599   0.00021683 -3.13593e-06      31.3102 
         700      38.3496  0.000216863 -3.11915e-06      31.3102 
         700      38.5396  0.000216874 -3.09503e-06      31.3102 
         700      38.7302   0.00021687 -3.06831e-06      31.3102 
         700      38.9211  0.000216856 -3.04367e-06      31.3102 
         700      39.1127  0.000216839  -3.0255e-06      31.3102 
         700      39.3046  0.000216825 -3.01798e-06      31.3102 
         700      39.4971   0.00021682 -3.02487e-06      31.3102 
         700      39.6899   0.00021683 -3.04951e-06      31.3102 
         700      39.8833   0.00021686 -3.09476e-06      31.3102 
         700      40.0772  0.000216918  -3.1628e-06      31.3102 
         700      40.2714   0.00021701 -3.25508e-06      31.3102 
         700      40.4663  0.000217142 -3.37248e-06      31.3102 
         700      40.6615  0.000217097 -3.31025e-06      31.3102 
         700      40.8573  0.000217007 -3.20718e-06      31.3102 
         700      41.0534  0.000216936 -3.12388e-06      31.3102 
         700      41.2501   0.00021688 -3.05791e-06      31.3102 
         700      41.4473  0.000216838 -3.00709e-06      31.3102 
         700      41.6448  0.000216806 -2.96926e-06      31.3102 
         700      41.8429  0.000216784 -2.94221e-06      31.3102 
         700      42.0414   0.00021677 -2.92391e-06      31.3101 
         700      42.2405  0.000216764 -2.91227e-06      31.3101 
         700      42.4399  0.000216763 -2.90534e-06      31.3101 
         700      42.6399  0.000216769 -2.90113e-06      31.3101 
         700      42.8404  0.000216779 -2.89776e-06      31.3101 
         700      43.0412  0.000216795 -2.89335e-06      31.3101 
         700      43.2426  0.000216815 -2.88609e-06      31.3101 
         700      43.4444  0.000216839  -2.8742e-06      31.3101 
         700      43.6467  0.000216867 -2.85594e-06      31.3101 
         700      43.8494  0.000216899 -2.82966e-06      31.3101 
         700      44.0527  0.000216934 -2.79371e-06      31.3101 
         700      44.2563   0.00021697 -2.74659e-06      31.3101 
         700      44.4606     0.000217 -2.69525e-06      31.3101 
         700      44.6653  0.000216999 -2.66984e-06      31.3101 
         700      44.8704  0.000216992  -2.6504e-06      31.3101 
         700       45.076  0.000216981 -2.63605e-06      31.3101 
         700       45.282  0.000216968 -2.62597e-06      31.3101 
         700      45.4886  0.000216954 -2.61936e-06      31.3101 
         700      45.6955  0.000216939 -2.61544e-06      31.3101 
         700       45.903  0.000216924 -2.61348e-06      31.3101 
         700      46.1111  0.000216911 -2.61279e-06      31.3101 
         700      46.3194  0.000216899 -2.61274e-06        31.31 
         700      46.5283  0.000216888 -2.61277e-06        31.31 
         700      46.7376   0.00021688 -2.61235e-06        31.31 
         700      46.9475  0.000216873 -2.61106e-06        31.31 
         700      47.1577  0.000216869 -2.60852e-06        31.31 
         700      47.3685  0.000216865 -2.60445e-06        31.31 
         700      47.5798  0.000216863 -2.59863e-06        31.31 
         700      47.7914  0.000216862 -2.59094e-06        31.31 
         700      48.0037  0.000216862  -2.5813e-06        31.31 
         700      48.2162  0.000216861 -2.56975e-06        31.31 
         700      48.4294  0.000216861 -2.55636e-06        31.31 
         700      48.6429  0.000216859 -2.54133e-06        31.31 
         700       48.857  0.000216856 -2.52486e-06        31.31 
         700      49.0714  0.000216852 -2.50727e-06        31.31 
         700      49.2865  0.000216846 -2.48888e-06        31.31 
         700       49.502  0.000216838 -2.47011e-06        31.31 
         700      49.7179  0.000216828 -2.45139e-06        31.31 
         700      49.9343  0.000216817 -2.43315e-06        31.31 
         700      50.1511  0.000216804 -2.41591e-06        31.31 
         700      50.3685   0.00021679 -2.40009e-06      31.3099 
         700      50.5862  0.000216776 -2.38618e-06      31.3099 
         700      50.8046  0.000216763 -2.37457e-06      31.3099 
         700      51.0234  0.000216751 -2.36565e-06      31.3099 
         700      51.2425  0.000216744 -2.35972e-06      31.3099 
         700      51.4623  0.000216742 -2.35697e-06      31.3099 
         700      51.6824  0.000216749 -2.35748e-06      31.3099 
         700      51.9031  0.000216766  -2.3612e-06      31.3099 
         700      52.1241  0.000216798 -2.36787e-06      31.3099 
         700      52.3457  0.000216847 -2.37706e-06      31.3099 
         700      52.5676  0.000216919 -2.38809e-06      31.3099 
         700      52.7902  0.000216981 -2.39434e-06      31.3099 
         700      53.0133  0.000216927 -2.37826e-06      31.3099 
         700      53.2366   0.00021689 -2.36302e-06      31.3099 
         700      53.4606  0.000216867 -2.34956e-06      31.3099 
         700      53.6849  0.000216855 -2.33859e-06      31.3099 
         700      53.9099  0.000216852 -2.33051e-06      31.3098 
         700      54.1351  0.000216854 -2.32554e-06      31.3098 
         700       54.361   0.00021686 -2.32367e-06      31.3098 
         700      54.5873  0.000216869 -2.32474e-06      31.3098 
         700      54.8139  0.000216878 -2.32843e-06      31.3098 
         700      55.0412  0.000216887 -2.33434e-06      31.3098 
         700      55.2688  0.000216894 -2.34193e-06      31.3098 
         700       55.497    0.0002169 -2.35064e-06      31.3098 
         700      55.7255  0.000216904 -2.35981e-06      31.3098 
         700      55.9547  0.000216905 -2.36881e-06      31.3098 
         700      56.1844  0.000216903 -2.37695e-06      31.3098 
         700      56.4143  0.000216899  -2.3836e-06      31.3098 
         700      56.6449  0.000216892 -2.38813e-06      31.3098 
         700      56.8757  0.000216883 -2.38997e-06      31.3098 
         700      57.1072  0.000216872 -2.38859e-06      31.3098 
         700       57.339   0.00021686 -2.38355e-06      31.3097 
         700      57.5715  0.000216848 -2.37447e-06      31.3097 
         700      57.8042  0.000216835 -2.36109e-06      31.3097 
         700      58.0376  0.000216824 -2.34319e-06      31.3097 
         700      58.2715  0.000216813 -2.32069e-06      31.3097 
         700      58.5057  0.000216806 -2.29363e-06      31.3097 
         700      58.7405  0.000216801 -2.26207e-06      31.3097 
         700      58.9756  0.000216801 -2.22627e-06      31.3097 
         700      59.2113  0.000216806 -2.18646e-06      31.3097 
         700      59.4473  0.000216817  -2.1431e-06      31.3097 
         700       59.684  0.000216835 -2.09656e-06      31.3097 
         700      59.9212  0.000216861 -2.04739e-06      31.3097 
         700      60.1586  0.000216898 -1.99619e-06      31.3097 
         700      60.3967  0.000216945 -1.94346e-06      31.3097 
         700      60.6351   0.00021697 -1.91413e-06      31.3096 
         700      60.8741  0.000216948 -1.91654e-06      31.3096 
         700      61.1135  0.000216924 -1.91541e-06      31.3096 
         700      61.3534  0.000216898 -1.91174e-06      31.3096 
         700      61.5939  0.000216873 -1.90641e-06      31.3096 
         700      61.8346   0.00021685 -1.90015e-06      31.3096 
         700       62.076   0.00021683 -1.89352e-06      31.3096 
         700      62.3177  0.000216815 -1.88691e-06      31.3096 
         700        62.56  0.000216804 -1.88056e-06      31.3096 
         700      62.8026  0.000216799 -1.87452e-06      31.3096 
         700      63.0459    0.0002168 -1.86866e-06      31.3096 
         700      63.2894  0.000216807 -1.86268e-06      31.3096 
         700      63.5336   0.00021682 -1.85609e-06      31.3095 
         700      63.7783  0.000216839 -1.84823e-06      31.3095 
         700      64.0233  0.000216861 -1.83827e-06      31.3095 
         700      64.2689  0.000216887 -1.82519e-06      31.3095 
         700      64.5148  0.000216915 -1.80784e-06      31.3095 
         700      64.7613  0.000216942 -1.78487e-06      31.3095 
         700      65.0082  0.000216967 -1.75487e-06      31.3095 
         700      65.2557  0.000216987 -1.71619e-06      31.3095 
         700      65.5036  0.000216998 -1.66717e-06      31.3095 
         700      65.7519  0.000216998 -1.60606e-06      31.3095 
         700      66.0008  0.000216986 -1.53384e-06      31.3095 
         700        66.25  0.000217052 -1.53299e-06      31.3095 
         700      66.4998  0.000217095 -1.53205e-06      31.3094 
         700        66.75   0.00021712 -1.53093e-06      31.3094 
         700      67.0007  0.000217129 -1.52954e-06      31.3094 
         700      67.2518  0.000217126 -1.52776e-06      31.3094 
         700      67.5035  0.000217113 -1.52549e-06      31.3094 
         700      67.7557  0.000217092 -1.52257e-06      31.3094 
         700      68.0082  0.000217066 -1.51889e-06      31.3094 
         700      68.2614  0.000217037  -1.5143e-06      31.3094 
         700      68.5148  0.000217007 -1.50866e-06      31.3094 
         700      68.7688  0.000216976 -1.50183e-06      31.3094 
         700      69.0232  0.000216946 -1.49367e-06      31.3094 
         700      69.2782  0.000216918 -1.48403e-06      31.3093 
         700      69.5337  0.000216893 -1.47279e-06      31.3093 
         700      69.7895  0.000216872 -1.45983e-06      31.3093 
         700      70.0459  0.000216855 -1.44503e-06      31.3093 
         700      70.3026  0.000216843  -1.4283e-06      31.3093 
         700        70.56  0.000216837 -1.40952e-06      31.3093 
         700      70.8176  0.000216836 -1.38866e-06      31.3093 
         700      71.0759   0.00021684 -1.36562e-06      31.3093 
         700      71.3347  0.000216851 -1.34037e-06      31.3093 
         700      71.5938  0.000216867 -1.31292e-06      31.3093 
         700      71.8535  0.000216889 -1.28323e-06      31.3092 
         700      72.1135  0.000216916 -1.25136e-06      31.3092 
         700      72.3741   0.00021695 -1.21733e-06      31.3092 
         700       72.635  0.000216988 -1.18124e-06      31.3092 
         700      72.8967  0.000217032 -1.14316e-06      31.3092 
         700      73.1585  0.000217081 -1.10326e-06      31.3092 
         700      73.4211  0.000217135 -1.06165e-06      31.3092 
         700      73.6841  0.000217194 -1.01854e-06      31.3092 
         700      73.9473  0.000217163 -1.02754e-06      31.3092 
         700      74.2113  0.000217108 -1.05157e-06      31.3091 
         700      74.4755  0.000217057 -1.07349e-06      31.3091 
         700      74.7404  0.000217011 -1.09243e-06      31.3091 
         700      75.0056   0.00021697 -1.10767e-06      31.3091 
         700      75.2714  0.000216933 -1.11871e-06      31.3091 
         700      75.5377    0.0002169 -1.12523e-06      31.3091 
         700      75.8043  0.000216872  -1.1271e-06      31.3091 
         700      76.0715  0.000216849 -1.12444e-06      31.3091 
         700       76.339   0.00021683 -1.11753e-06      31.3091 
         700      76.6072  0.000216815 -1.10682e-06       31.309 
         700      76.8756  0.000216806 -1.09299e-06       31.309 
         700      77.1448    0.0002168 -1.07679e-06       31.309 
         700      77.4141  0.000216799 -1.05918e-06       31.309 
         700      77.6842  0.000216802 -1.04114e-06       31.309 
         700      77.9547  0.000216809 -1.02374e-06       31.309 
         700      78.2255  0.000216819  -1.0081e-06       31.309 
         700       78.497  0.000216833 -9.95227e-07       31.309 
         700      78.7687  0.000216849 -9.86125e-07       31.309 
         700      79.0411  0.000216868 -9.81598e-07      31.3089 
         700      79.3138  0.000216888 -9.82264e-07      31.3089 
         700      79.5872  0.000216909 -9.88453e-07      31.3089 
         700       79.861  0.000216929 -1.00013e-06      31.3089 
         700      80.1351  0.000216948 -1.01679e-06      31.3089 
         700      80.4098  0.000216965 -1.03742e-06      31.3089 
         700      80.6849  0.000216977 -1.06032e-06      31.3089 
         700      80.9606  0.000216983 -1.08309e-06      31.3089 
         700      81.2365  0.000216981 -1.10238e-06      31.3088 
         700      81.5132  0.000216969 -1.11392e-06      31.3088 
         700      81.7903  0.000216943 -1.11225e-06      31.3088 
         700      82.0676  0.000216902 -1.09068e-06      31.3088 
         700      82.3457  0.000216842 -1.04105e-06      31.3088 
         700       82.624  0.000216759 -9.53711e-07      31.3088 
         700       82.903  0.000216649 -8.17067e-07      31.3088 
         700      83.1822  0.000216507 -6.17946e-07      31.3088 
         700      83.4622  0.000216534 -5.81471e-07      31.3088 
         700      83.7424  0.000216708 -7.29281e-07      31.3087 
         700      84.0232  0.000216842 -8.53014e-07      31.3087 
         700      84.3046  0.000216941 -9.54488e-07      31.3087 
         700      84.5862   0.00021701 -1.03532e-06      31.3087 
         700      84.8685  0.000217054 -1.09702e-06      31.3087 
         700       85.151  0.000217076 -1.14056e-06      31.3087 
         700      85.4342  0.000217082 -1.16676e-06      31.3087 
         700      85.7177  0.000217076   -1.176e-06      31.3086 
         700      86.0019  0.000217061 -1.16833e-06      31.3086 
         700      86.2865  0.000217041 -1.14341e-06      31.3086 
         700      86.5714   0.00021702 -1.10055e-06      31.3086 
         700       86.857  0.000217002 -1.03854e-06      31.3086 
         700      87.1428   0.00021699 -9.55892e-07      31.3086 
         700      87.4293  0.000216987 -8.50449e-07      31.3085 
         700      87.7161  0.000216996 -7.19869e-07      31.3085 
         700      88.0035  0.000217022 -5.60938e-07      31.3085 
         700      88.2914  0.000217065 -3.70224e-07      31.3085 
         700      88.5796  0.000217065 -3.62417e-07      31.3085 
         700      88.8685  0.000216987 -5.75591e-07      31.3085 
         700      89.1576  0.000216916 -7.25713e-07      31.3085 
         700      89.4474  0.000216856 -8.25342e-07      31.3084 
         700      89.7374  0.000216809 -8.85073e-07      31.3084 
         700      90.0282  0.000216778 -9.14319e-07      31.3084 
         700      90.3192  0.000216763 -9.21012e-07      31.3084 
         700      90.6109  0.000216763 -9.11919e-07      31.3084 
         700       90.903  0.000216776  -8.9267e-07      31.3084 
         700      91.1954  0.000216801 -8.67903e-07      31.3084 
         700      91.4885  0.000216835 -8.41275e-07      31.3083 
         700      91.7819  0.000216875 -8.15696e-07      31.3083 
         700      92.0759   0.00021692 -7.93261e-07      31.3083 
         700      92.3702  0.000216964 -7.75498e-07      31.3083 
         700      92.6652  0.000217007 -7.63312e-07      31.3083 
         700      92.9606  0.000217046 -7.57176e-07      31.3083 
         700      93.2563  0.000217077 -7.57141e-07      31.3083 
         700      93.5527    0.0002171 -7.62935e-07      31.3082 
         700      93.8493  0.000217112 -7.74016e-07      31.3082 
         700      94.1466  0.000217113 -7.89674e-07      31.3082 
         700      94.4442  0.000217102 -8.09021e-07      31.3082 
         700      94.7425  0.000217079 -8.31141e-07      31.3082 
         700       95.041  0.000217045 -8.55019e-07      31.3082 
         700      95.3402  0.000217001 -8.79723e-07      31.3081 
         700      95.6399  0.000216949  -9.0431e-07      31.3081 
         700      95.9398   0.00021689  -9.2792e-07      31.3081 
         700      96.2404  0.000216828 -9.49853e-07      31.3081 
         700      96.5412  0.000216766 -9.69462e-07      31.3081 
         700      96.8428  0.000216706 -9.86307e-07      31.3081 
         700      97.1446  0.000216651 -1.00003e-06       31.308 
         700      97.4471  0.000216606 -1.01048e-06       31.308 
         700      97.7501  0.000216573  -1.0176e-06       31.308 
         700      98.0533  0.000216554 -1.02145e-06       31.308 
         700      98.3572  0.000216553 -1.02224e-06       31.308 
         700      98.6613   0.00021657  -1.0202e-06       31.308 
         700      98.9662  0.000216606 -1.01561e-06      31.3079 
         700      99.2712   0.00021666 -1.00875e-06      31.3079 
         700       99.577  0.000216729 -9.99812e-07      31.3079 
         700      99.8833  0.000216809 -9.88853e-07      31.3079 
         700       100.19  0.000216894 -9.75744e-07      31.3079 
         700      100.497  0.000216974  -9.6003e-07      31.3079 
         700      100.804  0.000217037 -9.40921e-07      31.3079 
         700      101.113  0.000217068 -9.17088e-07      31.3078 
         700      101.421  0.000217046 -8.86672e-07      31.3078 
         700       101.73  0.000216949 -8.47012e-07      31.3078 
         700      102.039  0.000216746 -7.94705e-07      31.3078 
         700      102.349  0.000216518 -7.47948e-07      31.3078 
         700       102.66  0.000216787 -7.95232e-07      31.3077 
         700      102.971   0.00021698 -8.13431e-07      31.3077 
         700      103.282  0.000217106 -8.12513e-07      31.3077 
         700      103.594  0.000217175 -8.00694e-07      31.3077 
         700      103.906  0.000217195 -7.84589e-07      31.3077 
         700      104.219  0.000217173 -7.69369e-07      31.3076 
         700      104.532  0.000217115 -7.58801e-07      31.3076 
         700      104.846  0.000217026 -7.55441e-07      31.3076 
         700       105.16   0.00021691 -7.60687e-07      31.3076 
         700      105.474  0.000216768 -7.74929e-07      31.3076 
         700      105.789  0.000216603 -7.97619e-07      31.3075 
         700      106.105  0.000216416 -8.27464e-07      31.3075 
         700      106.421  0.000216788 -8.12068e-07      31.3075 
         700      106.738  0.000217153 -7.73393e-07      31.3075 
         700      107.055  0.000217351 -7.27344e-07      31.3075 
         700      107.372  0.000217427 -6.75563e-07      31.3075 
         700       107.69  0.000217421 -6.19714e-07      31.3075 
         700      108.008  0.000217363 -5.61715e-07      31.3075 
         700      108.327  0.000217276 -5.03329e-07      31.3075 
         700      108.646   0.00021718 -4.46471e-07      31.3075 
         700      108.966  0.000217086  -3.9279e-07      31.3074 
         700      109.286  0.000217004 -3.43979e-07      31.3074 
         700      109.607  0.000216938 -3.01399e-07      31.3074 
         700      109.928  0.000216891 -2.66322e-07      31.3074 
         700       110.25  0.000216862 -2.39758e-07      31.3074 
         700      110.572  0.000216849 -2.22394e-07      31.3073 
         700      110.895   0.00021685   -2.147e-07      31.3073 
         700      111.218   0.00021686  -2.1681e-07      31.3073 
         700      111.541  0.000216875 -2.28561e-07      31.3072 
         700      111.865  0.000216892 -2.49506e-07      31.3072 
         700       112.19  0.000216907 -2.78872e-07      31.3072 
         700      112.515  0.000216918 -3.15566e-07      31.3072 
         700       112.84  0.000216921 -3.58317e-07      31.3071 
         700      113.166  0.000216917 -4.05482e-07      31.3071 
         700      113.492  0.000216904 -4.55348e-07      31.3071 
         700      113.819  0.000216886 -5.05874e-07       31.307 
         700      114.147  0.000216862 -5.55053e-07       31.307 
         700      114.474  0.000216837 -6.00654e-07       31.307 
         700      114.803  0.000216813 -6.40589e-07       31.307 
         700      115.131  0.000216794 -6.72724e-07      31.3069 
         700       115.46  0.000216785 -6.95103e-07      31.3069 
         700       115.79  0.000216787 -7.06054e-07      31.3069 
         700       116.12  0.000216804 -7.04194e-07      31.3069 
         700      116.451  0.000216835 -6.88598e-07      31.3069 
         700      116.782  0.000216879 -6.58932e-07      31.3069 
         700      117.113   0.00021693  -6.1548e-07      31.3068 
         700      117.446  0.000216978 -5.59422e-07      31.3068 
         700      117.778   0.00021701  -4.9295e-07      31.3068 
         700      118.111  0.000217003 -4.19228e-07      31.3068 
         700      118.444  0.000216931 -3.42941e-07      31.3068 
         700      118.778  0.000216757  -2.7002e-07      31.3067 
         700      119.112  0.000216433   -2.083e-07      31.3067 
         700      119.447  0.000215901 -1.67287e-07      31.3067 
         700      119.783   0.00021509 -1.58735e-07      31.3066 
         700      120.118  0.000213913 -1.96611e-07      31.3066 
         700      120.455  0.000212267  -2.9754e-07      31.3065 
         700      120.791  0.000213626 -4.14154e-07      31.3064 
         700      121.128   0.00021643 -5.06714e-07      31.3064 
         700      121.466  0.000218448 -5.97849e-07      31.3063 
         700      121.804  0.000219794 -6.85856e-07      31.3063 
         700      122.143  0.000220568 -7.68892e-07      31.3062 
         700      122.482  0.000220867 -8.45536e-07      31.3062 
         700      122.821  0.000220775 -9.14318e-07      31.3061 
         700      123.161  0.000220372 -9.73952e-07      31.3061 
         700      123.502  0.000219725 -1.02345e-06      31.3061 
         700      123.843  0.000218901  -1.0618e-06       31.306 
         700      124.184  0.000217953 -1.08832e-06       31.306 
         700      124.526  0.000216933 -1.10238e-06       31.306 
         700      124.868  0.000215882 -1.10357e-06       31.306 
         700      125.211   0.00021484 -1.09162e-06      31.3059 
         700      125.554   0.00021384 -1.06649e-06      31.3059 
         700      125.898  0.000212907 -1.02823e-06      31.3059 
         700      126.242  0.000212065 -9.77167e-07      31.3059 
         700      126.587  0.000211331 -9.13675e-07      31.3058 
         700      126.932  0.000210721 -8.38476e-07      31.3058 
         700      127.278  0.000210242 -7.52251e-07      31.3058 
         700      127.624  0.000209903 -6.56034e-07      31.3058 
         700      127.971  0.000209708 -5.51069e-07      31.3058 
         700      128.318  0.000209657  -4.3852e-07      31.3058 
         700      128.665  0.000209749 -3.20073e-07      31.3058 
         700      129.013   0.00020998 -1.97223e-07      31.3058 
         700      129.361  0.000210344 -7.20199e-08      31.3058 
         700       129.71  0.000210835  5.37083e-08      31.3058 
         700       130.06  0.000211444  1.77565e-07      31.3058 
         700       130.41  0.000212163  2.97383e-07      31.3058 
         700       130.76  0.000212981   4.1053e-07      31.3058 
         700      131.111  0.000213888  5.14234e-07      31.3058 
         700      131.462  0.000214875  6.05811e-07      31.3058 
         700      131.814  0.000215929  6.82113e-07      31.3058 
         700      132.166  0.000217043  7.40106e-07      31.3058 
         700      132.519  0.000218207  7.76402e-07      31.3058 
         700      132.872  0.000219413  7.87616e-07      31.3058 
         700      133.226  0.000220653  7.70131e-07      31.3058 
         700       133.58  0.000221922   7.2029e-07      31.3058 
         700      133.934  0.000223217  6.34184e-07      31.3058 
         700      134.289  0.000224353  4.94351e-07      31.3058 
         700      134.645  0.000225417  3.48717e-07      31.3059 
         700          135  0.000226399  2.16717e-07      31.3059 
         700      135.357  0.000227186  9.85632e-08      31.3059 
         700      135.714   0.00022768  -5.4013e-09      31.3059 
         700      136.071  0.000227809 -9.54318e-08      31.3059 
         700      136.429   0.00022752 -1.71744e-07       31.306 
         700      136.787  0.000226785 -2.34789e-07       31.306 
         700      137.146  0.000225594 -2.85327e-07      31.3059 
         700      137.505  0.000223965 -3.24079e-07      31.3059 
         700      137.865  0.000221927 -3.52023e-07      31.3059 
         700      138.225  0.000219538 -3.70125e-07      31.3059 
         700      138.586  0.000216865 -3.79498e-07      31.3059 
         700      138.947  0.000213996 -3.81257e-07      31.3058 
         700      139.309  0.000211035 -3.76568e-07      31.3058 
         700      139.671  0.000208089 -3.66594e-07      31.3058 
         700      140.033  0.000205282 -3.52509e-07      31.3057 
         700      140.397  0.000202735  -3.3542e-07      31.3057 
         700       140.76  0.000200578 -3.16438e-07      31.3056 
         700      141.124  0.000198933 -2.96553e-07      31.3056 
         700      141.488  0.000197919 -2.76724e-07      31.3055 
         700      141.853  0.000197641 -2.57815e-07      31.3055 
         700      142.219  0.000198187  -2.4054e-07      31.3054 
         700      142.584  0.000199623  -2.2555e-07      31.3053 
         700      142.951  0.000201988 -2.13317e-07      31.3053 
         700      143.317  0.000205282 -2.04216e-07      31.3052 
         700      143.685  0.000209471 -1.98436e-07      31.3051 
         700      144.052  0.000214461 -1.96037e-07      31.3051 
         700      144.421  0.000220113   -1.969e-07       31.305 
         700      144.789  0.000226212 -2.00746e-07       31.305 
         700      145.158   0.00023247 -2.07111e-07      31.3049 
         700      145.528  0.000238527 -2.15376e-07      31.3048 
         700      145.898  0.000243912  -2.2472e-07      31.3048 
         700      146.269  0.000248069 -2.34175e-07      31.3047 
         700       146.64  0.000250312 -2.42568e-07      31.3047 
         700      147.011  0.000249837 -2.48583e-07      31.3046 
         700      147.383    0.0002457 -2.50716e-07      31.3046 
         700      147.755  0.000236813 -2.47313e-07      31.3046 
         700      148.128  0.000221906 -2.36561e-07      31.3045 
         700      148.502  0.000199569 -2.16526e-07      31.3045 
         700      148.876   0.00016814 -1.85093e-07      31.3045 
         700       149.25  0.000125841 -1.40111e-07      31.3044 
         700      149.625  7.05486e-05 -7.92013e-08      31.3044 
         700          150            0            0      31.3044 
