Variables = x, y, u, v, p

Zone, I=800, F=POINT
         850            0           -0           -0      9.87499 
         850     0.000234  5.03126e-06  4.93123e-11      9.87499 
         850     0.000939  1.97856e-05  7.97789e-10      9.87499 
         850     0.002113  4.31067e-05  4.04601e-09      9.87499 
         850     0.003759  7.34946e-05  1.28217e-08      9.87499 
         850     0.005872  0.000109228  3.13323e-08      9.87499 
         850     0.008457  0.000149056  6.50934e-08      9.87499 
         850      0.01151  0.000192133  1.20781e-07      9.87499 
         850     0.015036  0.000238365   2.0649e-07      9.87499 
         850     0.019031   0.00028798  3.31411e-07      9.87499 
         850     0.023493  0.000341325   5.0597e-07      9.87499 
         850     0.028429  0.000398474   7.4224e-07      9.87499 
         850     0.033831  0.000458599  1.05284e-06      9.87499 
         850     0.039706  0.000520274  1.45235e-06      9.87499 
         850     0.046047  0.000581594  1.95555e-06      9.87499 
         850     0.052863  0.000641379  2.57946e-06      9.87499 
         850      0.06015  0.000699826    3.341e-06      9.87499 
         850       0.0679  0.000758518  4.25716e-06      9.87499 
         850     0.076126  0.000817308  5.34795e-06      9.87499 
         850     0.084816  0.000867281  6.63068e-06      9.87499 
         850     0.093982  0.000918353  8.12622e-06      9.87499 
         850     0.103611  0.000964132  9.85146e-06      9.87499 
         850     0.113718   0.00100472  1.18279e-05      9.87499 
         850     0.124286   0.00103998  1.40704e-05      9.87499 
         850     0.135333   0.00106983  1.66003e-05      9.87499 
         850      0.14685   0.00109401  1.94322e-05      9.87499 
         850     0.158827   0.00111226  2.25788e-05      9.87499 
         850     0.171284    0.0011244   2.6059e-05      9.87499 
         850     0.184201   0.00113033  2.98795e-05      9.87499 
         850     0.197599   0.00113016  3.40569e-05      9.87499 
         850     0.211455    0.0011242  3.85923e-05      9.87499 
         850     0.225792   0.00111286  4.34999e-05      9.87499 
         850       0.2406   0.00109634  4.87807e-05      9.87499 
         850     0.255865   0.00107463  5.44319e-05      9.87499 
         850     0.271613   0.00104878  6.04631e-05      9.87499 
         850     0.287818   0.00101901  6.68627e-05      9.87499 
         850     0.304506  0.000985815  7.36372e-05      9.87499 
         850      0.32165  0.000949817  8.07701e-05      9.87499 
         850     0.339278  0.000911523  8.82661e-05      9.87499 
         850     0.357377   0.00087153  9.61113e-05      9.87499 
         850      0.37593  0.000830436  0.000104289      9.87499 
         850     0.394968  0.000788716  0.000112801      9.87499 
         850     0.414461  0.000746953  0.000121623      9.87499 
         850      0.43444   0.00070557  0.000130757      9.87499 
         850     0.454872  0.000665088  0.000140177      9.87499 
         850     0.475791  0.000625859  0.000149884      9.87499 
         850     0.497163  0.000588321   0.00015985      9.87499 
         850     0.519021  0.000552754  0.000170081      9.87499 
         850      0.54135  0.000519478  0.000180556      9.87499 
         850     0.564131  0.000488764  0.000191255      9.87499 
         850       0.5874  0.000460763  0.000202185      9.87499 
         850     0.611121   0.00043566  0.000213318      9.87499 
         850      0.63533  0.000413576  0.000224667      9.87499 
         850      0.65999   0.00039461  0.000236196      9.87499 
         850     0.685139  0.000378774  0.000247916      9.87499 
         850     0.710759  0.000366099  0.000259813      9.87499 
         850     0.736828  0.000356579  0.000271871      9.87499 
         850     0.763387  0.000350157  0.000284102      9.87499 
         850     0.790396  0.000346772   0.00029648      9.87499 
         850     0.817896  0.000346317  0.000309017      9.87499 
         850     0.845843  0.000348658  0.000321683      9.87499 
         850     0.874283  0.000353638   0.00033449      9.87499 
         850      0.90317  0.000361052  0.000347408      9.87499 
         850     0.932551   0.00037069  0.000360446      9.87499 
         850     0.962401  0.000382294  0.000373582      9.87499 
         850     0.992697  0.000395574  0.000386795      9.87499 
         850      1.02349  0.000410251   0.00040009      9.87499 
         850      1.05472  0.000425979  0.000413434      9.87499 
         850      1.08645  0.000442445  0.000426832      9.87499 
         850      1.11863   0.00045927  0.000440248      9.87499 
         850       1.1513  0.000476124  0.000453686      9.87499 
         850      1.18444  0.000492634  0.000467118      9.87499 
         850      1.21802  0.000508433  0.000480515      9.87499 
         850      1.25211  0.000523207   0.00049388      9.87499 
         850      1.28663  0.000536612  0.000507173      9.87499 
         850      1.32165  0.000548382  0.000520397      9.87499 
         850      1.35712  0.000558252   0.00053351      9.87499 
         850      1.39308  0.000566042  0.000546516      9.87499 
         850      1.42951  0.000571613  0.000559385      9.87499 
         850      1.46638  0.000574909  0.000572091      9.87499 
         850      1.50375  0.000575973   0.00058464      9.87499 
         850      1.54156  0.000575178  0.000597018      9.87499 
         850      1.57987  0.000571955  0.000609241      9.87499 
         850      1.61863   0.00056659  0.000621285      9.87499 
         850      1.65788  0.000559383  0.000633161      9.87499 
         850      1.69757  0.000550632  0.000644846      9.87499 
         850      1.73776  0.000540587  0.000656351      9.87499 
         850      1.77842  0.000529498  0.000667661      9.87499 
         850      1.81952  0.000517597  0.000678763      9.87499 
         850      1.86113  0.000505061  0.000689669      9.87499 
         850      1.90316  0.000492083  0.000700355      9.87499 
         850      1.94571  0.000478795  0.000710834      9.87498 
         850      1.98869  0.000465342  0.000721082      9.87498 
         850      2.03217   0.00045181  0.000731112      9.87498 
         850      2.07612   0.00043829  0.000740908      9.87498 
         850      2.12051  0.000424854  0.000750456      9.87498 
         850       2.1654  0.000411526  0.000759767      9.87498 
         850      2.21073  0.000398348  0.000768818      9.87498 
         850      2.25656   0.00038531  0.000777616      9.87498 
         850      2.30283  0.000372426  0.000786141      9.87498 
         850       2.3496  0.000359659  0.000794398      9.87498 
         850      2.39685  0.000346991  0.000802371      9.87498 
         850      2.44452    0.0003344  0.000810046      9.87498 
         850      2.49271  0.000321826  0.000817426      9.87498 
         850      2.54132  0.000309251  0.000824489      9.87498 
         850      2.59044  0.000296616  0.000831237      9.87498 
         850         2.64  0.000283904  0.000837647      9.87498 
         850      2.69006  0.000271068   0.00084372      9.87498 
         850      2.74056  0.000258105  0.000849434      9.87498 
         850      2.79156  0.000244984  0.000854788      9.87498 
         850      2.84304  0.000231717  0.000859765      9.87498 
         850      2.89494  0.000218327   0.00086435      9.87498 
         850      2.94735  0.000204819  0.000868541      9.87498 
         850       3.0002  0.000191254  0.000872321      9.87497 
         850      3.05355  0.000177663  0.000875687      9.87497 
         850      3.10733  0.000164129  0.000878626      9.87497 
         850      3.16163  0.000150698  0.000881137      9.87497 
         850      3.21639  0.000137452  0.000883215      9.87497 
         850      3.27158  0.000124469  0.000884857      9.87497 
         850      3.32729  0.000111783   0.00088607      9.87497 
         850      3.38342  9.94494e-05  0.000886857      9.87497 
         850      3.44007  8.74507e-05  0.000887234      9.87497 
         850      3.49714  7.57613e-05  0.000887218      9.87497 
         850      3.55472   6.4255e-05  0.000886833      9.87497 
         850      3.61273  5.27591e-05  0.000886114      9.87497 
         850      3.67125  4.09592e-05  0.000885102      9.87496 
         850      3.73025   2.8435e-05  0.000883851      9.87496 
         850      3.78967   1.7119e-05  0.000881893      9.87496 
         850      3.84961  6.93257e-06  0.000879338      9.87496 
         850      3.90996 -3.03208e-06  0.000876429      9.87496 
         850      3.97084 -1.27587e-05   0.00087317      9.87496 
         850      4.03214  -2.2202e-05  0.000869576      9.87496 
         850      4.09395 -3.13492e-05  0.000865651      9.87496 
         850      4.15624  -4.0168e-05  0.000861407      9.87496 
         850      4.21895 -4.86295e-05  0.000856861      9.87495 
         850      4.28217 -5.67274e-05  0.000852014      9.87495 
         850      4.34582 -6.44318e-05  0.000846887      9.87495 
         850      4.40998 -7.17405e-05  0.000841482      9.87495 
         850      4.47457 -7.86298e-05  0.000835821      9.87495 
         850      4.53968 -8.51015e-05  0.000829905      9.87495 
         850      4.60525 -9.11431e-05  0.000823753      9.87495 
         850      4.67125  -9.6746e-05  0.000817381      9.87495 
         850      4.73777 -0.000101917  0.000810793      9.87495 
         850       4.8047 -0.000106649   0.00080401      9.87494 
         850      4.87216 -0.000110952  0.000797036      9.87494 
         850      4.94003 -0.000114824  0.000789894      9.87494 
         850      5.00843 -0.000118278  0.000782585      9.87494 
         850      5.07724 -0.000121318  0.000775134      9.87494 
         850      5.14658 -0.000123961  0.000767542      9.87494 
         850      5.21639 -0.000126215  0.000759827      9.87494 
         850      5.28661 -0.000128094  0.000752007      9.87494 
         850      5.35736 -0.000129617  0.000744083      9.87493 
         850      5.42852 -0.000130799  0.000736079      9.87493 
         850      5.50021 -0.000131659  0.000727993      9.87493 
         850      5.57231 -0.000132216   0.00071985      9.87493 
         850      5.64493 -0.000132489  0.000711648      9.87493 
         850      5.71803 -0.000132501  0.000703403      9.87493 
         850      5.79154 -0.000132271  0.000695133      9.87493 
         850      5.86558  -0.00013182  0.000686834      9.87493 
         850      5.94003 -0.000131171  0.000678528      9.87492 
         850      6.01501 -0.000130343   0.00067021      9.87492 
         850       6.0904 -0.000129359  0.000661902      9.87492 
         850      6.16632 -0.000128238  0.000653597      9.87492 
         850      6.24271 -0.000126998  0.000645309      9.87492 
         850       6.3195 -0.000125661   0.00063705      9.87492 
         850      6.39683 -0.000124241  0.000628813      9.87492 
         850      6.47457 -0.000122757  0.000620616      9.87492 
         850      6.55284 -0.000121222  0.000612449      9.87492 
         850      6.63152  -0.00011965  0.000604327      9.87491 
         850      6.71073 -0.000118052  0.000596242      9.87491 
         850      6.79034 -0.000116439  0.000588207      9.87491 
         850      6.87049 -0.000114818   0.00058021      9.87491 
         850      6.95111 -0.000113195  0.000572258      9.87491 
         850      7.03214 -0.000111576  0.000564356      9.87491 
         850       7.1137 -0.000109961  0.000556492      9.87491 
         850      7.19566 -0.000108353  0.000548675      9.87491 
         850      7.27816 -0.000106748  0.000540891      9.87491 
         850      7.36106 -0.000105146  0.000533149       9.8749 
         850      7.44451 -0.000103565  0.000525498       9.8749 
         850      7.52842 -0.000102004   0.00051798       9.8749 
         850      7.61273 -0.000100424   0.00051052       9.8749 
         850      7.69758 -9.88149e-05  0.000503108       9.8749 
         850      7.78283 -9.71732e-05  0.000495756       9.8749 
         850      7.86862 -9.54914e-05  0.000488453       9.8749 
         850      7.95481 -9.37705e-05  0.000481213       9.8749 
         850      8.04155   -9.201e-05  0.000474024       9.8749 
         850      8.12868 -9.02206e-05  0.000466897      9.87489 
         850      8.21635 -8.84141e-05  0.000459823      9.87489 
         850      8.30449 -8.66151e-05  0.000452807      9.87489 
         850      8.39303 -8.48587e-05  0.000445853      9.87489 
         850      8.48211 -8.31886e-05  0.000438951      9.87489 
         850      8.57159 -8.16684e-05   0.00043211      9.87489 
         850      8.66161 -8.03743e-05  0.000425316      9.87489 
         850      8.75203 -7.93581e-05  0.000418597      9.87489 
         850      8.84299 -7.77682e-05   0.00041219      9.87489 
         850      8.93443 -7.62106e-05  0.000405816      9.87489 
         850      9.02626 -7.46846e-05  0.000399487      9.87489 
         850      9.11863 -7.31858e-05    0.0003932      9.87488 
         850      9.21139 -7.17144e-05  0.000386972      9.87488 
         850      9.30471 -7.02657e-05  0.000380798      9.87488 
         850      9.39841 -6.88395e-05  0.000374692      9.87488 
         850      9.49267 -6.74309e-05  0.000368649      9.87488 
         850      9.58739 -6.60384e-05  0.000362677      9.87488 
         850      9.68251 -6.46604e-05  0.000356782      9.87488 
         850      9.77817  -6.3292e-05  0.000350958      9.87488 
         850      9.87422 -6.19325e-05  0.000345214      9.87488 
         850      9.97083 -6.05772e-05  0.000339543      9.87488 
         850      10.0678 -5.92256e-05  0.000333952      9.87488 
         850      10.1654 -5.78729e-05  0.000328434      9.87487 
         850      10.2633 -5.65188e-05  0.000322995      9.87487 
         850      10.3618  -5.5159e-05  0.000317626      9.87487 
         850      10.4607 -5.38017e-05   0.00031231      9.87487 
         850      10.5601 -5.24869e-05   0.00030699      9.87487 
         850        10.66 -5.11793e-05  0.000301749      9.87487 
         850      10.7603 -4.98837e-05  0.000296591      9.87487 
         850      10.8611 -4.86005e-05  0.000291505      9.87487 
         850      10.9623 -4.73339e-05  0.000286494      9.87487 
         850      11.0641 -4.60836e-05  0.000281548      9.87487 
         850      11.1663 -4.48521e-05  0.000276666      9.87487 
         850       11.269 -4.36413e-05   0.00027185      9.87487 
         850      11.3721 -4.24501e-05   0.00026709      9.87487 
         850      11.4757 -4.12805e-05  0.000262389      9.87486 
         850      11.5798 -4.01305e-05   0.00025774      9.87486 
         850      11.6844 -3.90012e-05  0.000253148      9.87486 
         850      11.7894 -3.78899e-05  0.000248605      9.87486 
         850       11.895 -3.67961e-05  0.000244115      9.87486 
         850      12.0009 -3.57188e-05  0.000239682      9.87486 
         850      12.1073 -3.46544e-05  0.000235299      9.87486 
         850      12.2142 -3.36024e-05  0.000230977      9.87486 
         850      12.3216 -3.25587e-05  0.000226708      9.87486 
         850      12.4294 -3.15226e-05  0.000222503      9.87486 
         850      12.5378 -3.04901e-05  0.000218358      9.87486 
         850      12.6465 -2.94607e-05   0.00021428      9.87486 
         850      12.7558 -2.84311e-05  0.000210267      9.87486 
         850      12.8656 -2.74009e-05  0.000206323      9.87486 
         850      12.9757 -2.63703e-05  0.000202452      9.87486 
         850      13.0864 -2.53381e-05  0.000198648      9.87486 
         850      13.1975 -2.43075e-05  0.000194915      9.87485 
         850      13.3092 -2.32799e-05  0.000191246      9.87485 
         850      13.4212 -2.22618e-05   0.00018764      9.87485 
         850      13.5338 -2.12583e-05  0.000184083      9.87485 
         850      13.6468 -2.02794e-05  0.000180566      9.87485 
         850      13.7603 -1.93379e-05  0.000177078      9.87485 
         850      13.8743 -1.84475e-05  0.000173592      9.87485 
         850      13.9886 -1.76284e-05  0.000170088      9.87485 
         850      14.1036 -1.69025e-05  0.000166529      9.87485 
         850      14.2189 -1.61057e-05  0.000163329      9.87485 
         850      14.3348 -1.52478e-05  0.000160305      9.87485 
         850       14.451 -1.44091e-05   0.00015726      9.87485 
         850      14.5678 -1.35885e-05  0.000154206      9.87485 
         850      14.6851 -1.27864e-05  0.000151159      9.87485 
         850      14.8028  -1.2003e-05  0.000148133      9.87485 
         850       14.921 -1.12363e-05  0.000145134      9.87485 
         850      15.0396 -1.04866e-05  0.000142175      9.87485 
         850      15.1588 -9.75169e-06  0.000139258      9.87485 
         850      15.2783 -9.03147e-06  0.000136394      9.87485 
         850      15.3984 -8.32344e-06   0.00013358      9.87485 
         850       15.519 -7.62674e-06  0.000130824      9.87485 
         850        15.64 -6.94042e-06  0.000128127      9.87484 
         850      15.7615 -6.26185e-06  0.000125488      9.87484 
         850      15.8834 -5.59057e-06  0.000122908      9.87484 
         850      16.0058 -4.92399e-06  0.000120384      9.87484 
         850      16.1286 -4.26172e-06  0.000117916      9.87484 
         850       16.252 -3.60128e-06  0.000115499      9.87484 
         850      16.3759  -2.9419e-06  0.000113131      9.87484 
         850      16.5002 -2.28291e-06  0.000110811      9.87484 
         850       16.625 -1.62219e-06  0.000108532      9.87484 
         850      16.7501 -9.59869e-07  0.000106292      9.87484 
         850      16.8759  -2.9413e-07  0.000104085      9.87484 
         850       17.002  3.74559e-07   0.00010191      9.87484 
         850      17.1287  1.04766e-06  9.97602e-05      9.87484 
         850      17.2557  1.72434e-06  9.76347e-05      9.87484 
         850      17.3834  2.40571e-06  9.55269e-05      9.87484 
         850      17.5115  3.09105e-06  9.34356e-05      9.87484 
         850      17.6399  3.77951e-06  9.13597e-05      9.87484 
         850       17.769  4.47166e-06  8.92938e-05      9.87484 
         850      17.8984  5.04232e-06  8.72791e-05      9.87484 
         850      18.0284  5.53066e-06  8.53189e-05      9.87484 
         850      18.1587  6.01805e-06  8.33973e-05      9.87484 
         850      18.2896  6.50495e-06  8.15144e-05      9.87484 
         850       18.421  6.99087e-06  7.96746e-05      9.87484 
         850      18.5528  7.47549e-06  7.78818e-05      9.87484 
         850      18.6851  7.95974e-06   7.6135e-05      9.87484 
         850      18.8178    8.443e-06  7.44384e-05      9.87484 
         850      18.9511  8.92618e-06  7.27898e-05      9.87484 
         850      19.0847  9.40849e-06  7.11912e-05      9.87484 
         850      19.2189  9.89047e-06  6.96387e-05      9.87484 
         850      19.3535  1.03708e-05  6.81318e-05      9.87484 
         850      19.4886  1.08494e-05  6.66638e-05      9.87484 
         850      19.6242  1.13243e-05  6.52299e-05      9.87484 
         850      19.7602  1.17931e-05  6.38232e-05      9.87484 
         850      19.8968  1.22537e-05  6.24313e-05      9.87484 
         850      20.0337  1.27016e-05   6.1044e-05      9.87484 
         850      20.1712  1.31328e-05  5.96438e-05      9.87484 
         850      20.3091  1.35408e-05  5.82149e-05      9.87484 
         850      20.4475  1.39189e-05  5.67334e-05      9.87484 
         850      20.5864  1.42582e-05  5.51757e-05      9.87484 
         850      20.7257  1.45479e-05  5.35139e-05      9.87483 
         850      20.8655  1.49028e-05  5.20578e-05      9.87483 
         850      21.0058  1.53988e-05  5.10259e-05      9.87483 
         850      21.1465  1.58726e-05  4.99762e-05      9.87483 
         850      21.2877  1.63226e-05  4.89132e-05      9.87483 
         850      21.4294  1.67488e-05  4.78381e-05      9.87483 
         850      21.5716  1.71509e-05   4.6755e-05      9.87483 
         850      21.7142  1.75288e-05   4.5668e-05      9.87483 
         850      21.8573  1.78838e-05  4.45787e-05      9.87483 
         850      22.0008   1.8216e-05  4.34924e-05      9.87483 
         850      22.1449  1.85272e-05  4.24106e-05      9.87483 
         850      22.2893  1.88182e-05  4.13388e-05      9.87483 
         850      22.4344  1.90907e-05  4.02788e-05      9.87483 
         850      22.5797  1.93459e-05  3.92359e-05      9.87483 
         850      22.7257  1.95857e-05   3.8212e-05      9.87483 
         850      22.8721  1.98114e-05  3.72116e-05      9.87483 
         850      23.0189  2.00243e-05  3.62389e-05      9.87483 
         850      23.1663   2.0226e-05  3.52961e-05      9.87483 
         850       23.314  2.04176e-05  3.43879e-05      9.87483 
         850      23.4623  2.06002e-05  3.35166e-05      9.87483 
         850       23.611  2.09673e-05  3.27233e-05      9.87483 
         850      23.7602  2.13096e-05  3.19511e-05      9.87483 
         850        23.91  2.16279e-05  3.11988e-05      9.87483 
         850        24.06  2.19255e-05  3.04655e-05      9.87483 
         850      24.2107  2.22064e-05  2.97489e-05      9.87483 
         850      24.3617  2.24736e-05  2.90489e-05      9.87483 
         850      24.5133  2.27308e-05  2.83633e-05      9.87483 
         850      24.6653  2.29805e-05  2.76922e-05      9.87483 
         850      24.8178  2.32255e-05  2.70338e-05      9.87483 
         850      24.9708  2.34677e-05  2.63876e-05      9.87483 
         850      25.1242  2.37084e-05  2.57537e-05      9.87483 
         850      25.2781  2.39491e-05  2.51303e-05      9.87483 
         850      25.4324  2.41899e-05  2.45181e-05      9.87483 
         850      25.5873   2.4431e-05  2.39157e-05      9.87483 
         850      25.7426  2.46714e-05  2.33239e-05      9.87483 
         850      25.8984  2.49105e-05  2.27418e-05      9.87483 
         850      26.0546  2.51461e-05  2.21701e-05      9.87483 
         850      26.2114  2.53768e-05  2.16083e-05      9.87483 
         850      26.3686  2.56002e-05  2.10568e-05      9.87483 
         850      26.5262  2.58138e-05  2.05165e-05      9.87483 
         850      26.6844  2.60154e-05  1.99869e-05      9.87483 
         850      26.8429  2.62028e-05  1.94692e-05      9.87483 
         850       27.002  2.63742e-05  1.89632e-05      9.87483 
         850      27.1615  2.65285e-05  1.84702e-05      9.87483 
         850      27.3216  2.66654e-05  1.79898e-05      9.87483 
         850      27.4821  2.67858e-05   1.7523e-05      9.87483 
         850       27.643  2.68919e-05  1.70705e-05      9.87483 
         850      27.8044  2.69884e-05  1.66321e-05      9.87483 
         850      27.9663  2.70815e-05  1.62086e-05      9.87483 
         850      28.1287  2.71807e-05  1.57995e-05      9.87483 
         850      28.2914  2.72984e-05  1.54053e-05      9.87483 
         850      28.4548   2.7451e-05  1.50251e-05      9.87483 
         850      28.6185  2.76586e-05   1.4659e-05      9.87483 
         850      28.7828  2.79472e-05  1.43054e-05      9.87483 
         850      28.9475  2.83477e-05  1.39632e-05      9.87484 
         850      29.1126  2.85496e-05  1.36039e-05      9.87484 
         850      29.2784  2.86646e-05  1.32434e-05      9.87484 
         850      29.4444  2.87718e-05  1.28903e-05      9.87484 
         850       29.611  2.88729e-05  1.25447e-05      9.87484 
         850       29.778   2.8969e-05  1.22075e-05      9.87484 
         850      29.9456  2.90615e-05  1.18786e-05      9.87484 
         850      30.1137  2.91512e-05  1.15585e-05      9.87484 
         850      30.2821  2.92391e-05  1.12474e-05      9.87484 
         850      30.4511  2.93259e-05  1.09449e-05      9.87484 
         850      30.6204  2.94123e-05  1.06514e-05      9.87484 
         850      30.7903  2.94988e-05  1.03661e-05      9.87484 
         850      30.9606  2.95858e-05  1.00893e-05      9.87484 
         850      31.1315  2.96736e-05   9.8203e-06      9.87484 
         850      31.3028  2.97625e-05  9.55894e-06      9.87484 
         850      31.4745  2.98523e-05  9.30506e-06      9.87484 
         850      31.6468  2.99434e-05  9.05788e-06      9.87484 
         850      31.8194  3.00354e-05  8.81738e-06      9.87484 
         850      31.9926  3.01284e-05   8.5828e-06      9.87484 
         850      32.1662  3.02221e-05  8.35412e-06      9.87484 
         850      32.3404  3.03164e-05   8.1306e-06      9.87484 
         850      32.5149  3.04108e-05  7.91226e-06      9.87484 
         850        32.69  3.05051e-05  7.69843e-06      9.87484 
         850      32.8655   3.0599e-05  7.48901e-06      9.87484 
         850      33.0414  3.06919e-05  7.28393e-06      9.87484 
         850       33.218  3.07837e-05  7.08266e-06      9.87484 
         850      33.3948  3.08737e-05  6.88537e-06      9.87484 
         850      33.5723  3.09618e-05  6.69167e-06      9.87484 
         850        33.75  3.10474e-05  6.50182e-06      9.87484 
         850      33.9284  3.11304e-05  6.31552e-06      9.87484 
         850      34.1073  3.12103e-05  6.13297e-06      9.87484 
         850      34.2865   3.1287e-05  5.95442e-06      9.87484 
         850      34.4663  3.13602e-05  5.77973e-06      9.87484 
         850      34.6465  3.14299e-05  5.60934e-06      9.87484 
         850      34.8272   3.1496e-05   5.4432e-06      9.87484 
         850      35.0083  3.15586e-05  5.28178e-06      9.87484 
         850        35.19  3.16178e-05  5.12507e-06      9.87484 
         850      35.3721   3.1674e-05   4.9734e-06      9.87484 
         850      35.5546  3.17276e-05  4.82711e-06      9.87484 
         850      35.7377   3.1779e-05  4.68614e-06      9.87484 
         850      35.9211  3.18291e-05  4.55081e-06      9.87484 
         850      36.1052  3.18787e-05  4.42096e-06      9.87484 
         850      36.2895  3.19289e-05  4.29674e-06      9.87484 
         850      36.4745  3.19809e-05  4.17776e-06      9.87484 
         850      36.6598  3.20362e-05   4.0639e-06      9.87484 
         850      36.8457  3.20966e-05  3.95447e-06      9.87484 
         850      37.0321  3.21638e-05  3.84883e-06      9.87484 
         850      37.2188    3.224e-05   3.7461e-06      9.87484 
         850      37.4062  3.23278e-05  3.64488e-06      9.87484 
         850      37.5938  3.23367e-05  3.64116e-06      9.87484 
         850      37.7821  3.23442e-05  3.63789e-06      9.87484 
         850      37.9707  3.23507e-05   3.6287e-06      9.87484 
         850      38.1599   3.2356e-05  3.60756e-06      9.87484 
         850      38.3496  3.23603e-05  3.56793e-06      9.87484 
         850      38.5396  3.23643e-05  3.50284e-06      9.87485 
         850      38.7302  3.23691e-05  3.40472e-06      9.87485 
         850      38.9211  3.23761e-05  3.26585e-06      9.87485 
         850      39.1127  3.23875e-05  3.07784e-06      9.87485 
         850      39.3046  3.24258e-05  2.94025e-06      9.87485 
         850      39.4971   3.2509e-05   2.9859e-06      9.87485 
         850      39.6899  3.25975e-05  3.01683e-06      9.87485 
         850      39.8833   3.2694e-05  3.03363e-06      9.87485 
         850      40.0772  3.28004e-05  3.03727e-06      9.87485 
         850      40.2714   3.2918e-05   3.0292e-06      9.87485 
         850      40.4663  3.30482e-05   3.0113e-06      9.87485 
         850      40.6615  3.31917e-05  2.98592e-06      9.87485 
         850      40.8573  3.32529e-05  2.90067e-06      9.87485 
         850      41.0534  3.31969e-05  2.74026e-06      9.87485 
         850      41.2501  3.31474e-05  2.58023e-06      9.87485 
         850      41.4473  3.31058e-05  2.42558e-06      9.87485 
         850      41.6448  3.30729e-05  2.28015e-06      9.87485 
         850      41.8429  3.30492e-05  2.14642e-06      9.87485 
         850      42.0414  3.30348e-05  2.02635e-06      9.87485 
         850      42.2405  3.30296e-05   1.9207e-06      9.87485 
         850      42.4399   3.3033e-05  1.82989e-06      9.87485 
         850      42.6399  3.30446e-05  1.75342e-06      9.87485 
         850      42.8404  3.30635e-05  1.69052e-06      9.87485 
         850      43.0412  3.30888e-05  1.63997e-06      9.87485 
         850      43.2426  3.31194e-05  1.60012e-06      9.87485 
         850      43.4444  3.31542e-05  1.56927e-06      9.87485 
         850      43.6467  3.31921e-05  1.54543e-06      9.87485 
         850      43.8494   3.3232e-05  1.52668e-06      9.87485 
         850      44.0527  3.32727e-05  1.51101e-06      9.87485 
         850      44.2563  3.33133e-05  1.49657e-06      9.87485 
         850      44.4606  3.33527e-05  1.48159e-06      9.87485 
         850      44.6653    3.339e-05  1.46452e-06      9.87485 
         850      44.8704  3.34245e-05  1.44405e-06      9.87485 
         850       45.076  3.34555e-05  1.41909e-06      9.87485 
         850       45.282  3.34826e-05  1.38895e-06      9.87485 
         850      45.4886  3.35053e-05  1.35314e-06      9.87485 
         850      45.6955  3.35235e-05  1.31162e-06      9.87485 
         850       45.903  3.35371e-05  1.26458e-06      9.87485 
         850      46.1111  3.35462e-05   1.2126e-06      9.87485 
         850      46.3194  3.35509e-05  1.15663e-06      9.87486 
         850      46.5283  3.35518e-05  1.09772e-06      9.87486 
         850      46.7376  3.35492e-05  1.03736e-06      9.87486 
         850      46.9475  3.35436e-05  9.77049e-07      9.87486 
         850      47.1577  3.35357e-05   9.1858e-07      9.87486 
         850      47.3685  3.35262e-05   8.6361e-07      9.87486 
         850      47.5798  3.35156e-05  8.13891e-07      9.87486 
         850      47.7914  3.35046e-05  7.71004e-07      9.87486 
         850      48.0037  3.34936e-05  7.36157e-07      9.87486 
         850      48.2162  3.34831e-05  7.10273e-07      9.87486 
         850      48.4294  3.34731e-05  6.93619e-07      9.87486 
         850      48.6429  3.34635e-05  6.85807e-07      9.87486 
         850       48.857  3.34539e-05  6.85495e-07      9.87486 
         850      49.0714  3.34432e-05  6.90248e-07      9.87486 
         850      49.2865  3.34302e-05  6.96301e-07      9.87486 
         850       49.502  3.34127e-05  6.98306e-07      9.87486 
         850      49.7179   3.3388e-05  6.89099e-07      9.87486 
         850      49.9343  3.33525e-05  6.59385e-07      9.87486 
         850      50.1511  3.33018e-05  5.97536e-07      9.87486 
         850      50.3685  3.32484e-05  5.38831e-07      9.87486 
         850      50.5862  3.32483e-05  5.97769e-07      9.87486 
         850      50.8046  3.32593e-05  6.44658e-07      9.87486 
         850      51.0234  3.32784e-05  6.79899e-07      9.87486 
         850      51.2425  3.33028e-05  7.04101e-07      9.87486 
         850      51.4623  3.33304e-05  7.18075e-07      9.87486 
         850      51.6824  3.33595e-05  7.22691e-07      9.87486 
         850      51.9031  3.33889e-05  7.18954e-07      9.87486 
         850      52.1241  3.34174e-05  7.07938e-07      9.87486 
         850      52.3457  3.34446e-05  6.90753e-07      9.87486 
         850      52.5676  3.34698e-05  6.68581e-07      9.87486 
         850      52.7902  3.34928e-05  6.42548e-07      9.87486 
         850      53.0133  3.35136e-05  6.13819e-07      9.87486 
         850      53.2366  3.35321e-05  5.83529e-07      9.87486 
         850      53.4606  3.35486e-05  5.52677e-07      9.87486 
         850      53.6849   3.3563e-05  5.22278e-07      9.87486 
         850      53.9099  3.35757e-05  4.93146e-07      9.87486 
         850      54.1351  3.35868e-05  4.66063e-07      9.87486 
         850       54.361  3.35965e-05  4.41576e-07      9.87486 
         850      54.5873   3.3605e-05  4.20131e-07      9.87486 
         850      54.8139  3.36125e-05  4.01978e-07      9.87487 
         850      55.0412  3.36191e-05  3.87118e-07      9.87487 
         850      55.2688  3.36248e-05  3.75381e-07      9.87487 
         850       55.497  3.36298e-05   3.6631e-07      9.87487 
         850      55.7255  3.36341e-05   3.5922e-07      9.87487 
         850      55.9547  3.36378e-05  3.53123e-07      9.87487 
         850      56.1844   3.3641e-05  3.46753e-07      9.87487 
         850      56.4143   3.3644e-05  3.38535e-07      9.87487 
         850      56.6449   3.3647e-05  3.26549e-07      9.87487 
         850      56.8757  3.36505e-05  3.08572e-07      9.87487 
         850      57.1072  3.36551e-05   2.8198e-07      9.87487 
         850       57.339   3.3662e-05  2.43858e-07      9.87487 
         850      57.5715  3.36722e-05  1.90813e-07      9.87487 
         850      57.8042  3.36876e-05  1.19214e-07      9.87487 
         850      58.0376  3.36372e-05  1.18027e-07      9.87487 
         850      58.2715  3.35627e-05  1.19084e-07      9.87487 
         850      58.5057  3.34799e-05  1.10028e-07      9.87487 
         850      58.7405  3.33949e-05  9.16903e-08      9.87487 
         850      58.9756  3.33133e-05  6.53478e-08      9.87487 
         850      59.2113  3.32396e-05  3.25474e-08      9.87487 
         850      59.4473   3.3178e-05 -4.80616e-09      9.87487 
         850       59.684  3.31317e-05 -4.47314e-08      9.87487 
         850      59.9212  3.31029e-05 -8.50559e-08      9.87487 
         850      60.1586  3.30935e-05 -1.23597e-07      9.87487 
         850      60.3967  3.31039e-05 -1.58352e-07      9.87487 
         850      60.6351  3.31342e-05   -1.874e-07      9.87487 
         850      60.8741  3.31834e-05 -2.09225e-07      9.87487 
         850      61.1135  3.32496e-05  -2.2266e-07      9.87487 
         850      61.3534  3.33301e-05 -2.27143e-07      9.87487 
         850      61.5939  3.34215e-05 -2.22772e-07      9.87487 
         850      61.8346  3.35192e-05   -2.105e-07      9.87487 
         850       62.076  3.36185e-05 -1.92234e-07      9.87487 
         850      62.3177  3.37131e-05  -1.7107e-07      9.87487 
         850        62.56  3.37967e-05 -1.51355e-07      9.87487 
         850      62.8026  3.38619e-05 -1.38985e-07      9.87487 
         850      63.0459  3.37616e-05  -1.4475e-07      9.87487 
         850      63.2894  3.36478e-05 -1.49947e-07      9.87487 
         850      63.5336  3.35465e-05 -1.53537e-07      9.87487 
         850      63.7783  3.34577e-05 -1.56409e-07      9.87487 
         850      64.0233  3.33812e-05 -1.59305e-07      9.87487 
         850      64.2689  3.33166e-05 -1.62838e-07      9.87487 
         850      64.5148  3.32635e-05 -1.67483e-07      9.87487 
         850      64.7613  3.32214e-05 -1.73608e-07      9.87487 
         850      65.0082  3.31897e-05 -1.81459e-07      9.87487 
         850      65.2557  3.31679e-05 -1.91206e-07      9.87487 
         850      65.5036  3.31552e-05  -2.0291e-07      9.87487 
         850      65.7519   3.3151e-05 -2.16549e-07      9.87487 
         850      66.0008  3.31544e-05 -2.32062e-07      9.87487 
         850        66.25  3.31647e-05 -2.49282e-07      9.87487 
         850      66.4998   3.3181e-05 -2.68042e-07      9.87487 
         850        66.75  3.32024e-05 -2.88071e-07      9.87487 
         850      67.0007  3.32281e-05 -3.09127e-07      9.87487 
         850      67.2518  3.32571e-05 -3.30873e-07      9.87487 
         850      67.5035  3.32886e-05 -3.53023e-07      9.87487 
         850      67.7557  3.33216e-05 -3.75224e-07      9.87487 
         850      68.0082  3.33552e-05 -3.97119e-07      9.87487 
         850      68.2614  3.33886e-05 -4.18404e-07      9.87487 
         850      68.5148  3.34209e-05 -4.38717e-07      9.87487 
         850      68.7688  3.34512e-05 -4.57775e-07      9.87487 
         850      69.0232  3.34787e-05 -4.75254e-07      9.87487 
         850      69.2782  3.35027e-05 -4.90913e-07      9.87487 
         850      69.5337  3.35224e-05 -5.04499e-07      9.87487 
         850      69.7895  3.35373e-05 -5.15803e-07      9.87487 
         850      70.0459  3.35466e-05  -5.2468e-07      9.87487 
         850      70.3026  3.35499e-05 -5.30997e-07      9.87487 
         850        70.56  3.35468e-05 -5.34693e-07      9.87487 
         850      70.8176  3.35369e-05 -5.35738e-07      9.87487 
         850      71.0759  3.35198e-05 -5.34164e-07      9.87487 
         850      71.3347  3.34955e-05 -5.30049e-07      9.87487 
         850      71.5938   3.3464e-05 -5.23537e-07      9.87487 
         850      71.8535  3.34251e-05 -5.14807e-07      9.87487 
         850      72.1135  3.33793e-05 -5.04118e-07      9.87487 
         850      72.3741  3.33267e-05 -4.91751e-07      9.87487 
         850       72.635  3.32679e-05 -4.78077e-07      9.87487 
         850      72.8967  3.32035e-05 -4.63473e-07      9.87487 
         850      73.1585  3.31342e-05 -4.48411e-07      9.87487 
         850      73.4211  3.30609e-05 -4.33355e-07      9.87487 
         850      73.6841  3.29848e-05 -4.18849e-07      9.87487 
         850      73.9473  3.29073e-05 -4.05465e-07      9.87487 
         850      74.2113  3.28296e-05 -3.93772e-07      9.87487 
         850      74.4755  3.27537e-05   -3.844e-07      9.87487 
         850      74.7404  3.26812e-05 -3.77956e-07      9.87487 
         850      75.0056  3.26144e-05  -3.7508e-07      9.87486 
         850      75.2714  3.25556e-05 -3.76388e-07      9.87486 
         850      75.5377  3.25072e-05 -3.82491e-07      9.87486 
         850      75.8043  3.24722e-05 -3.93956e-07      9.87486 
         850      76.0715  3.24535e-05  -4.1134e-07      9.87486 
         850       76.339  3.24545e-05 -4.35099e-07      9.87486 
         850      76.6072  3.24787e-05 -4.65685e-07      9.87486 
         850      76.8756  3.25299e-05 -5.03381e-07      9.87486 
         850      77.1448  3.26124e-05 -5.48476e-07      9.87486 
         850      77.4141  3.27304e-05 -6.01006e-07      9.87486 
         850      77.6842  3.28888e-05 -6.61025e-07      9.87486 
         850      77.9547  3.30926e-05 -7.28304e-07      9.87486 
         850      78.2255  3.34015e-05  -7.9079e-07      9.87486 
         850       78.497  3.38715e-05 -8.21014e-07      9.87486 
         850      78.7687   3.4393e-05 -8.26552e-07      9.87486 
         850      79.0411  3.43164e-05 -8.97592e-07      9.87487 
         850      79.3138  3.38716e-05 -7.61557e-07      9.87487 
         850      79.5872  3.35204e-05 -6.55842e-07      9.87487 
         850       79.861    3.325e-05 -5.76337e-07      9.87487 
         850      80.1351  3.30481e-05 -5.19216e-07      9.87487 
         850      80.4098  3.29034e-05 -4.80879e-07      9.87487 
         850      80.6849  3.28062e-05 -4.58219e-07      9.87487 
         850      80.9606  3.27476e-05 -4.48344e-07      9.87486 
         850      81.2365  3.27196e-05 -4.48721e-07      9.87486 
         850      81.5132  3.27154e-05 -4.57082e-07      9.87486 
         850      81.7903  3.27288e-05 -4.71431e-07      9.87486 
         850      82.0676  3.27546e-05 -4.90005e-07      9.87485 
         850      82.3457  3.27884e-05 -5.11323e-07      9.87485 
         850       82.624  3.28262e-05 -5.34064e-07      9.87485 
         850       82.903  3.28651e-05  -5.5718e-07      9.87484 
         850      83.1822  3.29024e-05 -5.79741e-07      9.87484 
         850      83.4622  3.29362e-05 -6.01065e-07      9.87484 
         850      83.7424   3.2965e-05 -6.20558e-07      9.87484 
         850      84.0232  3.29878e-05 -6.37839e-07      9.87483 
         850      84.3046  3.30039e-05 -6.52607e-07      9.87483 
         850      84.5862  3.30131e-05  -6.6469e-07      9.87483 
         850      84.8685  3.30152e-05 -6.74047e-07      9.87483 
         850       85.151  3.30108e-05 -6.80694e-07      9.87483 
         850      85.4342  3.30001e-05 -6.84752e-07      9.87483 
         850      85.7177   3.2984e-05 -6.86391e-07      9.87483 
         850      86.0019  3.29632e-05 -6.85844e-07      9.87483 
         850      86.2865  3.29386e-05 -6.83387e-07      9.87483 
         850      86.5714  3.29113e-05 -6.79331e-07      9.87483 
         850       86.857  3.28822e-05 -6.74002e-07      9.87483 
         850      87.1428  3.28524e-05 -6.67756e-07      9.87483 
         850      87.4293  3.28228e-05 -6.60931e-07      9.87484 
         850      87.7161  3.27945e-05 -6.53887e-07      9.87484 
         850      88.0035  3.27683e-05 -6.46949e-07      9.87484 
         850      88.2914  3.27449e-05 -6.40439e-07      9.87484 
         850      88.5796  3.27251e-05 -6.34658e-07      9.87484 
         850      88.8685  3.27094e-05 -6.29858e-07      9.87484 
         850      89.1576  3.26981e-05 -6.26277e-07      9.87484 
         850      89.4474  3.26914e-05   -6.241e-07      9.87484 
         850      89.7374  3.26896e-05 -6.23478e-07      9.87484 
         850      90.0282  3.26924e-05 -6.24514e-07      9.87483 
         850      90.3192  3.26996e-05 -6.27266e-07      9.87483 
         850      90.6109  3.27108e-05  -6.3175e-07      9.87483 
         850       90.903  3.27255e-05 -6.37931e-07      9.87483 
         850      91.1954  3.27428e-05 -6.45724e-07      9.87482 
         850      91.4885   3.2762e-05 -6.55021e-07      9.87482 
         850      91.7819  3.27821e-05 -6.65649e-07      9.87482 
         850      92.0759   3.2802e-05  -6.7743e-07      9.87481 
         850      92.3702  3.28207e-05 -6.90123e-07      9.87481 
         850      92.6652  3.28369e-05 -7.03506e-07       9.8748 
         850      92.9606  3.28496e-05 -7.17307e-07       9.8748 
         850      93.2563  3.28576e-05 -7.31254e-07      9.87479 
         850      93.5527  3.28598e-05 -7.45108e-07      9.87479 
         850      93.8493  3.28554e-05 -7.58605e-07      9.87478 
         850      94.1466  3.28436e-05 -7.71556e-07      9.87478 
         850      94.4442  3.28241e-05 -7.83769e-07      9.87477 
         850      94.7425  3.27965e-05 -7.95157e-07      9.87477 
         850       95.041  3.27611e-05 -8.05667e-07      9.87477 
         850      95.3402  3.27186e-05  -8.1538e-07      9.87476 
         850      95.6399  3.26701e-05 -8.24464e-07      9.87477 
         850      95.9398  3.26175e-05 -8.33228e-07      9.87477 
         850      96.2404  3.25632e-05  -8.4216e-07      9.87477 
         850      96.5412  3.25106e-05 -8.51905e-07      9.87478 
         850      96.8428  3.24638e-05  -8.6335e-07      9.87479 
         850      97.1446  3.24282e-05 -8.77586e-07      9.87481 
         850      97.4471  3.24101e-05 -8.96018e-07      9.87483 
         850      97.7501  3.25011e-05 -8.87097e-07      9.87485 
         850      98.0533  3.26541e-05 -8.37139e-07      9.87486 
         850      98.3572  3.27559e-05 -7.83395e-07      9.87487 
         850      98.6613  3.28157e-05 -7.28164e-07      9.87487 
         850      98.9662  3.28419e-05 -6.73304e-07      9.87487 
         850      99.2712  3.28415e-05  -6.2059e-07      9.87485 
         850       99.577  3.28205e-05  -5.7138e-07      9.87484 
         850      99.8833  3.27843e-05 -5.26926e-07      9.87482 
         850       100.19  3.27373e-05 -4.88232e-07       9.8748 
         850      100.497   3.2683e-05 -4.55996e-07      9.87477 
         850      100.804  3.26246e-05 -4.30819e-07      9.87475 
         850      101.113  3.25643e-05 -4.13011e-07      9.87472 
         850      101.421  3.25043e-05 -4.02761e-07      9.87469 
         850       101.73  3.24459e-05  -4.0003e-07      9.87466 
         850      102.039  3.23905e-05 -4.04627e-07      9.87464 
         850      102.349   3.2339e-05 -4.16203e-07      9.87461 
         850       102.66  3.22921e-05 -4.34242e-07      9.87459 
         850      102.971  3.22506e-05  -4.5806e-07      9.87456 
         850      103.282  3.22151e-05 -4.86896e-07      9.87454 
         850      103.594  3.21864e-05 -5.19774e-07      9.87452 
         850      103.906  3.21651e-05 -5.55692e-07      9.87451 
         850      104.219  3.21524e-05 -5.93422e-07      9.87449 
         850      104.532  3.21495e-05 -6.31746e-07      9.87448 
         850      104.846  3.21579e-05 -6.69254e-07      9.87447 
         850       105.16  3.21796e-05 -7.04443e-07      9.87447 
         850      105.474   3.2217e-05 -7.35806e-07      9.87446 
         850      105.789  3.22728e-05 -7.61649e-07      9.87446 
         850      106.105  3.23507e-05 -7.80292e-07      9.87447 
         850      106.421  3.24545e-05 -7.89917e-07      9.87447 
         850      106.738   3.2589e-05 -7.88681e-07      9.87448 
         850      107.055  3.27059e-05 -7.73316e-07      9.87449 
         850      107.372  3.27671e-05 -7.56307e-07      9.87451 
         850       107.69  3.27969e-05 -7.41172e-07      9.87453 
         850      108.008  3.27997e-05 -7.27498e-07      9.87455 
         850      108.327  3.27797e-05 -7.14893e-07      9.87457 
         850      108.646  3.27408e-05 -7.03072e-07      9.87459 
         850      108.966  3.26866e-05 -6.91762e-07      9.87461 
         850      109.286  3.26204e-05 -6.80773e-07      9.87463 
         850      109.607  3.25454e-05 -6.69916e-07      9.87465 
         850      109.928  3.24644e-05 -6.59058e-07      9.87466 
         850       110.25    3.238e-05 -6.48091e-07      9.87468 
         850      110.572  3.22947e-05 -6.36898e-07      9.87469 
         850      110.895  3.22107e-05 -6.25414e-07       9.8747 
         850      111.218    3.213e-05 -6.13546e-07      9.87471 
         850      111.541  3.20544e-05 -6.01245e-07      9.87471 
         850      111.865  3.19857e-05 -5.88429e-07      9.87472 
         850       112.19  3.19252e-05  -5.7505e-07      9.87472 
         850      112.515  3.18742e-05 -5.61063e-07      9.87472 
         850       112.84  3.18339e-05 -5.46395e-07      9.87471 
         850      113.166  3.18052e-05 -5.31023e-07      9.87471 
         850      113.492  3.17887e-05 -5.14885e-07       9.8747 
         850      113.819  3.17849e-05  -4.9798e-07      9.87469 
         850      114.147  3.17941e-05  -4.8027e-07      9.87468 
         850      114.474  3.18163e-05 -4.61797e-07      9.87466 
         850      114.803  3.18514e-05 -4.42571e-07      9.87464 
         850      115.131  3.18987e-05 -4.22682e-07      9.87462 
         850       115.46  3.19575e-05 -4.02271e-07       9.8746 
         850       115.79  3.20267e-05 -3.81485e-07      9.87457 
         850       116.12  3.21047e-05 -3.60603e-07      9.87454 
         850      116.451  3.21899e-05 -3.39919e-07      9.87452 
         850      116.782  3.22799e-05  -3.1989e-07      9.87449 
         850      117.113   3.2372e-05 -3.01016e-07      9.87446 
         850      117.446  3.24631e-05 -2.83976e-07      9.87442 
         850      117.778  3.25493e-05 -2.69586e-07      9.87439 
         850      118.111  3.26265e-05 -2.58797e-07      9.87436 
         850      118.444  3.26896e-05 -2.52785e-07      9.87433 
         850      118.778  3.27331e-05 -2.52909e-07       9.8743 
         850      119.112  3.27506e-05 -2.60771e-07      9.87427 
         850      119.447  3.27349e-05 -2.78248e-07      9.87425 
         850      119.783  3.26781e-05  -3.0749e-07      9.87422 
         850      120.118  3.25713e-05 -3.50927e-07      9.87421 
         850      120.455  3.24045e-05 -4.11447e-07      9.87419 
         850      120.791  3.21667e-05 -4.92147e-07      9.87418 
         850      121.128  3.18456e-05 -5.96771e-07      9.87418 
         850      121.466  3.14282e-05 -7.29214e-07      9.87418 
         850      121.804  3.08991e-05 -8.94245e-07      9.87419 
         850      122.143  3.09181e-05 -9.15187e-07      9.87423 
         850      122.482  3.15916e-05 -7.39064e-07      9.87427 
         850      122.821   3.2055e-05 -5.94547e-07      9.87431 
         850      123.161  3.23468e-05 -4.77904e-07      9.87435 
         850      123.502  3.25016e-05  -3.8543e-07      9.87438 
         850      123.843  3.25495e-05 -3.14036e-07      9.87441 
         850      124.184  3.25171e-05 -2.60641e-07      9.87443 
         850      124.526  3.24273e-05  -2.2262e-07      9.87445 
         850      124.868  3.22997e-05 -1.97447e-07      9.87446 
         850      125.211  3.21511e-05 -1.82925e-07      9.87448 
         850      125.554  3.19954e-05 -1.77042e-07      9.87448 
         850      125.898  3.18437e-05 -1.77989e-07      9.87449 
         850      126.242   3.1705e-05 -1.84164e-07      9.87449 
         850      126.587  3.15858e-05 -1.94162e-07      9.87449 
         850      126.932  3.14912e-05 -2.06731e-07      9.87449 
         850      127.278  3.14238e-05 -2.20815e-07      9.87448 
         850      127.624  3.13854e-05 -2.35487e-07      9.87447 
         850      127.971  3.13761e-05 -2.49957e-07      9.87446 
         850      128.318  3.13946e-05 -2.63607e-07      9.87444 
         850      128.665   3.1439e-05 -2.75893e-07      9.87442 
         850      129.013  3.15065e-05 -2.86427e-07       9.8744 
         850      129.361  3.15933e-05 -2.94886e-07      9.87438 
         850       129.71  3.16956e-05 -3.01068e-07      9.87436 
         850       130.06  3.18089e-05 -3.04834e-07      9.87434 
         850       130.41  3.19286e-05 -3.06131e-07      9.87431 
         850       130.76    3.205e-05 -3.04964e-07      9.87428 
         850      131.111  3.21684e-05 -3.01399e-07      9.87426 
         850      131.462  3.22795e-05 -2.95541e-07      9.87423 
         850      131.814  3.23789e-05 -2.87549e-07       9.8742 
         850      132.166  3.24628e-05 -2.77591e-07      9.87416 
         850      132.519  3.25277e-05 -2.65888e-07      9.87413 
         850      132.872  3.25708e-05 -2.52642e-07       9.8741 
         850      133.226  3.25899e-05 -2.38092e-07      9.87407 
         850       133.58  3.25832e-05 -2.22485e-07      9.87403 
         850      133.934  3.25497e-05 -2.06025e-07        9.874 
         850      134.289  3.24894e-05 -1.88958e-07      9.87396 
         850      134.645  3.24026e-05 -1.71462e-07      9.87393 
         850          135  3.22907e-05 -1.53751e-07      9.87389 
         850      135.357  3.21556e-05 -1.35957e-07      9.87386 
         850      135.714  3.20003e-05 -1.18238e-07      9.87382 
         850      136.071   3.1828e-05 -1.00667e-07      9.87378 
         850      136.429   3.1643e-05 -8.33174e-08      9.87375 
         850      136.787  3.14501e-05 -6.62272e-08      9.87371 
         850      137.146  3.12544e-05 -4.93491e-08      9.87367 
         850      137.505  3.10619e-05 -3.26473e-08      9.87363 
         850      137.865  3.08784e-05 -1.59864e-08      9.87359 
         850      138.225  3.07106e-05    7.616e-10      9.87355 
         850      138.586  3.05647e-05  1.78254e-08      9.87351 
         850      138.947  3.04472e-05  3.54405e-08      9.87346 
         850      139.309  3.03644e-05  5.38867e-08      9.87342 
         850      139.671  3.03222e-05  7.35332e-08      9.87337 
         850      140.033  3.03257e-05  9.47312e-08      9.87332 
         850      140.397  3.03795e-05  1.17938e-07      9.87327 
         850       140.76   3.0487e-05  1.43578e-07      9.87321 
         850      141.124  3.06506e-05  1.72188e-07      9.87315 
         850      141.488  3.08709e-05  2.04273e-07      9.87309 
         850      141.853  3.11464e-05  2.40354e-07      9.87303 
         850      142.219  3.14743e-05  2.81058e-07      9.87296 
         850      142.584  3.18483e-05    3.269e-07      9.87288 
         850      142.951  3.22604e-05  3.78543e-07       9.8728 
         850      143.317  3.26982e-05  4.36487e-07      9.87271 
         850      143.685  3.31469e-05  5.01402e-07      9.87261 
         850      144.052  3.35865e-05  5.73737e-07      9.87251 
         850      144.421  3.39939e-05  6.54133e-07       9.8724 
         850      144.789  3.43401e-05  7.43018e-07      9.87228 
         850      145.158  3.45907e-05  8.40742e-07      9.87215 
         850      145.528  3.47062e-05  9.47825e-07      9.87201 
         850      145.898  3.46401e-05  1.06438e-06      9.87186 
         850      146.269   3.4339e-05  1.19079e-06      9.87169 
         850       146.64  3.37424e-05  1.32694e-06      9.87151 
         850      147.011  3.27803e-05  1.47299e-06      9.87132 
         850      147.383  3.13751e-05  1.62867e-06      9.87111 
         850      147.755  2.94413e-05   1.7935e-06      9.87088 
         850      148.128  2.68783e-05  1.96721e-06      9.87064 
         850      148.502  2.36332e-05  2.11702e-06      9.87035 
         850      148.876  2.01275e-05   1.7423e-06      9.86961 
         850       149.25  1.52277e-05  1.26593e-06       9.8689 
         850      149.625  8.62888e-06  6.85603e-07      9.86822 
         850          150            0            0      9.86757 
