Variables = x, y, u, v, p

Zone, I=800, F=POINT
         300            0            0            0 -6.10171e-05 
         300     0.000234  9.72152e-05  8.90957e-12  -6.1017e-05 
         300     0.000939  0.000390107  1.43468e-10 -6.10168e-05 
         300     0.002113  0.000877845  7.26481e-10 -6.10164e-05 
         300     0.003759   0.00156168  2.29917e-09 -6.10159e-05 
         300     0.005872   0.00243952  5.61046e-09 -6.10152e-05 
         300     0.008457   0.00351346  1.16375e-08 -6.10144e-05 
         300      0.01151   0.00478184  2.15565e-08 -6.10134e-05 
         300     0.015036   0.00624672  3.67869e-08 -6.10122e-05 
         300     0.019031   0.00790645  5.89323e-08 -6.10109e-05 
         300     0.023493    0.0097602  8.98066e-08 -6.10095e-05 
         300     0.028429    0.0118109  1.31509e-07 -6.10079e-05 
         300     0.033831    0.0140552  1.86236e-07 -6.10061e-05 
         300     0.039706    0.0164959  2.56536e-07 -6.10042e-05 
         300     0.046047    0.0191303  3.45016e-07 -6.10021e-05 
         300     0.052863    0.0219621  4.54718e-07 -6.09999e-05 
         300      0.06015    0.0249895  5.88723e-07 -6.09975e-05 
         300       0.0679    0.0282093  7.50206e-07  -6.0995e-05 
         300     0.076126    0.0316268  9.42992e-07 -6.09923e-05 
         300     0.084816     0.035237  1.17057e-06 -6.09895e-05 
         300     0.093982     0.039045  1.43725e-06 -6.09865e-05 
         300     0.103611    0.0430453  1.74685e-06 -6.09834e-05 
         300     0.113718    0.0472441  2.10427e-06 -6.09801e-05 
         300     0.124286    0.0516344  2.51354e-06 -6.09767e-05 
         300     0.135333    0.0562236  2.98021e-06 -6.09731e-05 
         300      0.14685    0.0610078    3.509e-06 -6.09693e-05 
         300     0.158827     0.065983  4.10469e-06 -6.09654e-05 
         300     0.171284    0.0711573  4.77374e-06 -6.09614e-05 
         300     0.184201    0.0765223  5.52079e-06 -6.09572e-05 
         300     0.197599    0.0820868  6.35297e-06 -6.09528e-05 
         300     0.211455    0.0878411  7.27496e-06 -6.09483e-05 
         300     0.225792    0.0937945  8.29462e-06 -6.09436e-05 
         300       0.2406    0.0999427  9.41785e-06 -6.09388e-05 
         300     0.255865      0.10628  1.06503e-05 -6.09338e-05 
         300     0.271613     0.112817  1.20009e-05 -6.09287e-05 
         300     0.287818     0.119542  1.34746e-05 -6.09234e-05 
         300     0.304506     0.126466  1.50812e-05 -6.09179e-05 
         300      0.32165     0.133577  1.68255e-05 -6.09123e-05 
         300     0.339278     0.140887  1.87181e-05 -6.09066e-05 
         300     0.357377      0.14839  2.07657e-05 -6.09006e-05 
         300      0.37593     0.156078  2.29743e-05 -6.08946e-05 
         300     0.394968     0.163964  2.53558e-05 -6.08883e-05 
         300     0.414461     0.172035   2.7915e-05 -6.08819e-05 
         300      0.43444     0.180302  3.06643e-05 -6.08754e-05 
         300     0.454872     0.188751   3.3608e-05 -6.08687e-05 
         300     0.475791     0.197396    3.676e-05 -6.08618e-05 
         300     0.497163     0.206222  4.01239e-05 -6.08547e-05 
         300     0.519021      0.21524  4.37142e-05 -6.08475e-05 
         300      0.54135     0.224443  4.75377e-05 -6.08401e-05 
         300     0.564131     0.233823  5.16002e-05 -6.08325e-05 
         300       0.5874     0.243393  5.59176e-05 -6.08248e-05 
         300     0.611121     0.253135  6.04924e-05 -6.08169e-05 
         300      0.63533     0.263064  6.53412e-05 -6.08088e-05 
         300      0.65999     0.273162  7.04658e-05 -6.08005e-05 
         300     0.685139     0.283441  7.58835e-05 -6.07921e-05 
         300     0.710759     0.293894  8.16001e-05 -6.07834e-05 
         300     0.736828     0.304506  8.76196e-05 -6.07746e-05 
         300     0.763387     0.315294  9.39606e-05 -6.07655e-05 
         300     0.790396     0.326236  0.000100623 -6.07563e-05 
         300     0.817896     0.337347  0.000107624 -6.07468e-05 
         300     0.845843     0.348604  0.000114963 -6.07372e-05 
         300     0.874283     0.360023   0.00012266 -6.07273e-05 
         300      0.90317      0.37158  0.000130709 -6.07172e-05 
         300     0.932551     0.383289  0.000139132 -6.07068e-05 
         300     0.962401     0.395136  0.000147929 -6.06962e-05 
         300     0.992697     0.407106    0.0001571 -6.06853e-05 
         300      1.02349     0.419213  0.000166665 -6.06742e-05 
         300      1.05472     0.431429  0.000176615 -6.06629e-05 
         300      1.08645      0.44377   0.00018697 -6.06512e-05 
         300      1.11863     0.456208  0.000197718 -6.06392e-05 
         300       1.1513     0.468754  0.000208879  -6.0627e-05 
         300      1.18444     0.481392  0.000220448 -6.06144e-05 
         300      1.21802     0.494103  0.000232416 -6.06015e-05 
         300      1.25211     0.506898  0.000244803 -6.05883e-05 
         300      1.28663     0.519747  0.000257587 -6.05747e-05 
         300      1.32165     0.532662   0.00027079 -6.05608e-05 
         300      1.35712     0.545611  0.000284384 -6.05464e-05 
         300      1.39308     0.558603  0.000298389 -6.05317e-05 
         300      1.42951     0.571618  0.000312788 -6.05165e-05 
         300      1.46638     0.584634  0.000327561 -6.05009e-05 
         300      1.50375     0.597658  0.000342723 -6.04849e-05 
         300      1.54156     0.610658   0.00035824 -6.04684e-05 
         300      1.57987      0.62364  0.000374124 -6.04514e-05 
         300      1.61863     0.636572  0.000390337 -6.04339e-05 
         300      1.65788      0.64946  0.000406889 -6.04159e-05 
         300      1.69757     0.662269  0.000423737 -6.03973e-05 
         300      1.73776     0.675004  0.000440887 -6.03782e-05 
         300      1.77842     0.687643  0.000458307 -6.03585e-05 
         300      1.81952     0.700158  0.000475959 -6.03382e-05 
         300      1.86113     0.712556  0.000493847 -6.03173e-05 
         300      1.90316     0.724802  0.000511917 -6.02957e-05 
         300      1.94571     0.736899   0.00053017 -6.02735e-05 
         300      1.98869     0.748814  0.000548548 -6.02506e-05 
         300      2.03217     0.760551  0.000567048  -6.0227e-05 
         300      2.07612     0.772085  0.000585625 -6.02027e-05 
         300      2.12051     0.783394   0.00060423 -6.01776e-05 
         300       2.1654      0.79448  0.000622858 -6.01518e-05 
         300      2.21073     0.805313  0.000641444 -6.01253e-05 
         300      2.25656     0.815896  0.000659981  -6.0098e-05 
         300      2.30283     0.826202  0.000678403 -6.00699e-05 
         300       2.3496     0.836234  0.000696701  -6.0041e-05 
         300      2.39685     0.845973  0.000714825 -6.00113e-05 
         300      2.44452     0.855401  0.000732722 -5.99808e-05 
         300      2.49271     0.864524  0.000750383 -5.99495e-05 
         300      2.54132     0.873321  0.000767746 -5.99174e-05 
         300      2.59044     0.881797  0.000784801 -5.98844e-05 
         300         2.64     0.889934  0.000801489 -5.98506e-05 
         300      2.69006     0.897739  0.000817802  -5.9816e-05 
         300      2.74056     0.905197  0.000833683 -5.97806e-05 
         300      2.79156     0.912317  0.000849129 -5.97443e-05 
         300      2.84304     0.919092  0.000864101 -5.97072e-05 
         300      2.89494     0.925519  0.000878561 -5.96693e-05 
         300      2.94735     0.931608  0.000892512 -5.96306e-05 
         300       3.0002     0.937353  0.000905913 -5.95912e-05 
         300      3.05355     0.942767  0.000918767 -5.95509e-05 
         300      3.10733     0.947848  0.000931042   -5.951e-05 
         300      3.16163     0.952608  0.000942748 -5.94682e-05 
         300      3.21639     0.957053  0.000953867 -5.94257e-05 
         300      3.27158     0.961187  0.000964387 -5.93826e-05 
         300      3.32729     0.965026  0.000974325 -5.93386e-05 
         300      3.38342     0.968575  0.000983668 -5.92941e-05 
         300      3.44007      0.97185  0.000992435 -5.92488e-05 
         300      3.49714     0.974858   0.00100062 -5.92029e-05 
         300      3.55472     0.977615   0.00100825 -5.91563e-05 
         300      3.61273     0.980131   0.00101533 -5.91092e-05 
         300      3.67125     0.982422   0.00102188 -5.90614e-05 
         300      3.73025     0.984499   0.00102791  -5.9013e-05 
         300      3.78967     0.986373   0.00103344 -5.89641e-05 
         300      3.84961     0.988062   0.00103851 -5.89146e-05 
         300      3.90996     0.989574   0.00104312 -5.88646e-05 
         300      3.97084     0.990927    0.0010473  -5.8814e-05 
         300      4.03214     0.992129   0.00105108 -5.87628e-05 
         300      4.09395     0.993196   0.00105449 -5.87112e-05 
         300      4.15624     0.994138   0.00105754  -5.8659e-05 
         300      4.21895     0.994965   0.00106027 -5.86063e-05 
         300      4.28217     0.995689   0.00106269 -5.85532e-05 
         300      4.34582     0.996321   0.00106484 -5.84996e-05 
         300      4.40998     0.996869   0.00106673 -5.84455e-05 
         300      4.47457     0.997343   0.00106839  -5.8391e-05 
         300      4.53968     0.997751   0.00106984 -5.83361e-05 
         300      4.60525       0.9981    0.0010711 -5.82807e-05 
         300      4.67125     0.998398   0.00107219 -5.82248e-05 
         300      4.73777     0.998651   0.00107313 -5.81686e-05 
         300       4.8047     0.998864   0.00107394 -5.81119e-05 
         300      4.87216     0.999044   0.00107463 -5.80547e-05 
         300      4.94003     0.999194   0.00107522 -5.79972e-05 
         300      5.00843     0.999319   0.00107571 -5.79392e-05 
         300      5.07724     0.999423   0.00107613 -5.78809e-05 
         300      5.14658     0.999508   0.00107649 -5.78221e-05 
         300      5.21639     0.999578   0.00107678 -5.77629e-05 
         300      5.28661     0.999636   0.00107702 -5.77034e-05 
         300      5.35736     0.999682   0.00107723 -5.76434e-05 
         300      5.42852     0.999719    0.0010774  -5.7583e-05 
         300      5.50021      0.99975   0.00107753 -5.75221e-05 
         300      5.57231     0.999774   0.00107765 -5.74609e-05 
         300      5.64493     0.999793   0.00107774 -5.73993e-05 
         300      5.71803     0.999808   0.00107782 -5.73372e-05 
         300      5.79154      0.99982   0.00107788 -5.72748e-05 
         300      5.86558     0.999829   0.00107794  -5.7212e-05 
         300      5.94003     0.999836   0.00107798 -5.71488e-05 
         300      6.01501     0.999842   0.00107802 -5.70851e-05 
         300       6.0904     0.999846   0.00107805 -5.70211e-05 
         300      6.16632      0.99985   0.00107807 -5.69567e-05 
         300      6.24271     0.999852   0.00107809 -5.68919e-05 
         300       6.3195     0.999854   0.00107811 -5.68267e-05 
         300      6.39683     0.999856   0.00107813  -5.6761e-05 
         300      6.47457     0.999857   0.00107815  -5.6695e-05 
         300      6.55284     0.999858   0.00107816 -5.66285e-05 
         300      6.63152     0.999858   0.00107818 -5.65617e-05 
         300      6.71073     0.999859   0.00107819 -5.64947e-05 
         300      6.79034      0.99986   0.00107821 -5.64271e-05 
         300      6.87049      0.99986   0.00107822 -5.63589e-05 
         300      6.95111      0.99986   0.00107823 -5.62903e-05 
         300      7.03214     0.999861   0.00107824 -5.62213e-05 
         300       7.1137     0.999861   0.00107825 -5.61519e-05 
         300      7.19566     0.999861   0.00107827 -5.60822e-05 
         300      7.27816     0.999861   0.00107828  -5.6012e-05 
         300      7.36106     0.999862   0.00107829 -5.59417e-05 
         300      7.44451     0.999862    0.0010783 -5.58708e-05 
         300      7.52842     0.999862   0.00107831 -5.57995e-05 
         300      7.61273     0.999862   0.00107833 -5.57278e-05 
         300      7.69758     0.999862   0.00107834 -5.56557e-05 
         300      7.78283     0.999863   0.00107835 -5.55832e-05 
         300      7.86862     0.999863   0.00107836 -5.55102e-05 
         300      7.95481     0.999863   0.00107838 -5.54368e-05 
         300      8.04155     0.999863   0.00107839 -5.53631e-05 
         300      8.12868     0.999863    0.0010784  -5.5289e-05 
         300      8.21635     0.999864   0.00107841 -5.52144e-05 
         300      8.30449     0.999864   0.00107842 -5.51394e-05 
         300      8.39303     0.999864   0.00107844 -5.50641e-05 
         300      8.48211     0.999864   0.00107845 -5.49884e-05 
         300      8.57159     0.999864   0.00107846 -5.49123e-05 
         300      8.66161     0.999865   0.00107847 -5.48356e-05 
         300      8.75203     0.999865   0.00107849 -5.47587e-05 
         300      8.84299     0.999865    0.0010785 -5.46813e-05 
         300      8.93443     0.999865   0.00107851 -5.46036e-05 
         300      9.02626     0.999866   0.00107853 -5.45255e-05 
         300      9.11863     0.999866   0.00107854  -5.4447e-05 
         300      9.21139     0.999866   0.00107855  -5.4368e-05 
         300      9.30471     0.999866   0.00107856 -5.42886e-05 
         300      9.39841     0.999866   0.00107858 -5.42089e-05 
         300      9.49267     0.999867   0.00107859 -5.41287e-05 
         300      9.58739     0.999867    0.0010786 -5.40481e-05 
         300      9.68251     0.999867   0.00107862 -5.39671e-05 
         300      9.77817     0.999867   0.00107863 -5.38857e-05 
         300      9.87422     0.999868   0.00107864  -5.3804e-05 
         300      9.97083     0.999868   0.00107866 -5.37217e-05 
         300      10.0678     0.999868   0.00107867 -5.36392e-05 
         300      10.1654     0.999868   0.00107868 -5.35561e-05 
         300      10.2633     0.999868    0.0010787 -5.34727e-05 
         300      10.3618     0.999869   0.00107871 -5.33889e-05 
         300      10.4607     0.999869   0.00107872 -5.33047e-05 
         300      10.5601     0.999869   0.00107874 -5.32201e-05 
         300        10.66     0.999869   0.00107875 -5.31349e-05 
         300      10.7603      0.99987   0.00107877 -5.30495e-05 
         300      10.8611      0.99987   0.00107878 -5.29636e-05 
         300      10.9623      0.99987   0.00107879 -5.28774e-05 
         300      11.0641      0.99987   0.00107881 -5.27907e-05 
         300      11.1663     0.999871   0.00107882 -5.27037e-05 
         300       11.269     0.999871   0.00107883 -5.26164e-05 
         300      11.3721     0.999871   0.00107885 -5.25285e-05 
         300      11.4757     0.999871   0.00107886 -5.24403e-05 
         300      11.5798     0.999872   0.00107888 -5.23513e-05 
         300      11.6844     0.999872   0.00107889  -5.2262e-05 
         300      11.7894     0.999872    0.0010789 -5.21725e-05 
         300       11.895     0.999872   0.00107892 -5.20826e-05 
         300      12.0009     0.999873   0.00107893 -5.19924e-05 
         300      12.1073     0.999873   0.00107895 -5.19017e-05 
         300      12.2142     0.999873   0.00107896 -5.18106e-05 
         300      12.3216     0.999873   0.00107897  -5.1719e-05 
         300      12.4294     0.999874   0.00107899 -5.16271e-05 
         300      12.5378     0.999874     0.001079 -5.15347e-05 
         300      12.6465     0.999874   0.00107902  -5.1442e-05 
         300      12.7558     0.999874   0.00107903 -5.13489e-05 
         300      12.8656     0.999875   0.00107905 -5.12554e-05 
         300      12.9757     0.999875   0.00107906 -5.11614e-05 
         300      13.0864     0.999875   0.00107907 -5.10672e-05 
         300      13.1975     0.999875   0.00107909 -5.09725e-05 
         300      13.3092     0.999876    0.0010791 -5.08774e-05 
         300      13.4212     0.999876   0.00107912 -5.07819e-05 
         300      13.5338     0.999876   0.00107913 -5.06859e-05 
         300      13.6468     0.999876   0.00107915 -5.05894e-05 
         300      13.7603     0.999877   0.00107916 -5.04926e-05 
         300      13.8743     0.999877   0.00107918 -5.03954e-05 
         300      13.9886     0.999877   0.00107919 -5.02978e-05 
         300      14.1036     0.999877   0.00107921 -5.01997e-05 
         300      14.2189     0.999878   0.00107922 -5.01015e-05 
         300      14.3348     0.999878   0.00107924 -5.00027e-05 
         300       14.451     0.999878   0.00107925 -4.99036e-05 
         300      14.5678     0.999878   0.00107927 -4.98035e-05 
         300      14.6851     0.999879   0.00107928 -4.97027e-05 
         300      14.8028     0.999879    0.0010793 -4.96018e-05 
         300       14.921     0.999879   0.00107931 -4.95008e-05 
         300      15.0396      0.99988   0.00107933 -4.93996e-05 
         300      15.1588      0.99988   0.00107934 -4.92981e-05 
         300      15.2783      0.99988   0.00107936 -4.91963e-05 
         300      15.3984      0.99988   0.00107937 -4.90936e-05 
         300       15.519     0.999881   0.00107939 -4.89908e-05 
         300        15.64     0.999881    0.0010794 -4.88878e-05 
         300      15.7615     0.999881   0.00107942 -4.87837e-05 
         300      15.8834     0.999881   0.00107943 -4.86794e-05 
         300      16.0058     0.999882   0.00107945 -4.85747e-05 
         300      16.1286     0.999882   0.00107946 -4.84699e-05 
         300       16.252     0.999882   0.00107948 -4.83646e-05 
         300      16.3759     0.999883   0.00107949  -4.8259e-05 
         300      16.5002     0.999883   0.00107951  -4.8153e-05 
         300       16.625     0.999883   0.00107952 -4.80463e-05 
         300      16.7501     0.999883   0.00107954 -4.79393e-05 
         300      16.8759     0.999884   0.00107956 -4.78317e-05 
         300       17.002     0.999884   0.00107957 -4.77238e-05 
         300      17.1287     0.999884   0.00107959 -4.76154e-05 
         300      17.2557     0.999885    0.0010796 -4.75069e-05 
         300      17.3834     0.999885   0.00107962 -4.73979e-05 
         300      17.5115     0.999885   0.00107963 -4.72886e-05 
         300      17.6399     0.999885   0.00107965 -4.71789e-05 
         300       17.769     0.999886   0.00107966 -4.70684e-05 
         300      17.8984     0.999886   0.00107968 -4.69572e-05 
         300      18.0284     0.999886    0.0010797 -4.68444e-05 
         300      18.1587     0.999887   0.00107971 -4.67328e-05 
         300      18.2896     0.999887   0.00107972 -4.66224e-05 
         300       18.421     0.999887   0.00107974 -4.65091e-05 
         300      18.5528     0.999887   0.00107976 -4.63966e-05 
         300      18.6851     0.999888   0.00107977 -4.62838e-05 
         300      18.8178     0.999888   0.00107979 -4.61706e-05 
         300      18.9511     0.999888   0.00107981 -4.60566e-05 
         300      19.0847     0.999889   0.00107982 -4.59422e-05 
         300      19.2189     0.999889   0.00107984 -4.58272e-05 
         300      19.3535     0.999889   0.00107985  -4.5712e-05 
         300      19.4886      0.99989   0.00107987 -4.55963e-05 
         300      19.6242      0.99989   0.00107989 -4.54804e-05 
         300      19.7602      0.99989    0.0010799 -4.53642e-05 
         300      19.8968      0.99989   0.00107992 -4.52474e-05 
         300      20.0337     0.999891   0.00107993 -4.51303e-05 
         300      20.1712     0.999891   0.00107995 -4.50125e-05 
         300      20.3091     0.999891   0.00107997 -4.48942e-05 
         300      20.4475     0.999892   0.00107998 -4.47754e-05 
         300      20.5864     0.999892      0.00108 -4.46564e-05 
         300      20.7257     0.999892   0.00108001 -4.45372e-05 
         300      20.8655     0.999893   0.00108003 -4.44179e-05 
         300      21.0058     0.999893   0.00108005 -4.42983e-05 
         300      21.1465     0.999893   0.00108006 -4.41776e-05 
         300      21.2877     0.999894   0.00108008 -4.40544e-05 
         300      21.4294     0.999894   0.00108009 -4.39362e-05 
         300      21.5716     0.999894   0.00108011 -4.38143e-05 
         300      21.7142     0.999895   0.00108013 -4.36915e-05 
         300      21.8573     0.999895   0.00108014 -4.35682e-05 
         300      22.0008     0.999895   0.00108016 -4.34448e-05 
         300      22.1449     0.999895   0.00108018 -4.33211e-05 
         300      22.2893     0.999896   0.00108019 -4.31973e-05 
         300      22.4344     0.999896   0.00108021  -4.3073e-05 
         300      22.5797     0.999896   0.00108022 -4.29484e-05 
         300      22.7257     0.999897   0.00108024 -4.28232e-05 
         300      22.8721     0.999897   0.00108025 -4.26976e-05 
         300      23.0189     0.999897   0.00108027 -4.25716e-05 
         300      23.1663     0.999898   0.00108029 -4.24452e-05 
         300       23.314     0.999898   0.00108031 -4.23186e-05 
         300      23.4623     0.999898   0.00108032 -4.21915e-05 
         300       23.611     0.999899   0.00108034 -4.20641e-05 
         300      23.7602     0.999899   0.00108035 -4.19361e-05 
         300        23.91     0.999899   0.00108037 -4.18075e-05 
         300        24.06       0.9999   0.00108039 -4.16784e-05 
         300      24.2107       0.9999    0.0010804 -4.15489e-05 
         300      24.3617       0.9999   0.00108042 -4.14196e-05 
         300      24.5133     0.999901   0.00108043 -4.12897e-05 
         300      24.6653     0.999901   0.00108045 -4.11592e-05 
         300      24.8178     0.999901   0.00108047 -4.10292e-05 
         300      24.9708     0.999902   0.00108048 -4.08986e-05 
         300      25.1242     0.999902    0.0010805 -4.07667e-05 
         300      25.2781     0.999902   0.00108051 -4.06337e-05 
         300      25.4324     0.999903   0.00108053 -4.05001e-05 
         300      25.5873     0.999903   0.00108055 -4.03663e-05 
         300      25.7426     0.999903   0.00108057 -4.02326e-05 
         300      25.8984     0.999904   0.00108058  -4.0099e-05 
         300      26.0546     0.999904    0.0010806 -3.99653e-05 
         300      26.2114     0.999904   0.00108061 -3.98313e-05 
         300      26.3686     0.999905   0.00108063 -3.96967e-05 
         300      26.5262     0.999905   0.00108064 -3.95614e-05 
         300      26.6844     0.999905   0.00108066 -3.94253e-05 
         300      26.8429     0.999906   0.00108068 -3.92886e-05 
         300       27.002     0.999906    0.0010807 -3.91514e-05 
         300      27.1615     0.999906   0.00108071 -3.90142e-05 
         300      27.3216     0.999907   0.00108073  -3.8877e-05 
         300      27.4821     0.999907   0.00108074 -3.87397e-05 
         300       27.643     0.999907   0.00108076 -3.86015e-05 
         300      27.8044     0.999908   0.00108078 -3.84604e-05 
         300      27.9663     0.999908   0.00108079 -3.83237e-05 
         300      28.1287     0.999908   0.00108081 -3.81838e-05 
         300      28.2914     0.999909   0.00108082 -3.80431e-05 
         300      28.4548     0.999909   0.00108084  -3.7902e-05 
         300      28.6185     0.999909   0.00108085 -3.77593e-05 
         300      28.7828      0.99991   0.00108087 -3.76183e-05 
         300      28.9475      0.99991   0.00108089  -3.7477e-05 
         300      29.1126      0.99991   0.00108091 -3.73356e-05 
         300      29.2784     0.999911   0.00108092 -3.71937e-05 
         300      29.4444     0.999911   0.00108093 -3.70514e-05 
         300       29.611     0.999912   0.00108095 -3.69082e-05 
         300       29.778     0.999912   0.00108097 -3.67644e-05 
         300      29.9456     0.999912   0.00108099 -3.66198e-05 
         300      30.1137     0.999913     0.001081 -3.64749e-05 
         300      30.2821     0.999913   0.00108102   -3.633e-05 
         300      30.4511     0.999913   0.00108103 -3.61849e-05 
         300      30.6204     0.999914   0.00108105 -3.60398e-05 
         300      30.7903     0.999914   0.00108106 -3.58941e-05 
         300      30.9606     0.999914   0.00108108 -3.57477e-05 
         300      31.1315     0.999915    0.0010811 -3.56002e-05 
         300      31.3028     0.999915   0.00108112 -3.54522e-05 
         300      31.4745     0.999915   0.00108113  -3.5306e-05 
         300      31.6468     0.999916   0.00108114 -3.51558e-05 
         300      31.8194     0.999916   0.00108116 -3.50053e-05 
         300      31.9926     0.999917   0.00108118 -3.48569e-05 
         300      32.1662     0.999917   0.00108119 -3.47088e-05 
         300      32.3404     0.999917   0.00108121  -3.4559e-05 
         300      32.5149     0.999918   0.00108122 -3.44084e-05 
         300        32.69     0.999918   0.00108124 -3.42568e-05 
         300      32.8655     0.999918   0.00108126 -3.41047e-05 
         300      33.0414     0.999919   0.00108127 -3.39525e-05 
         300       33.218     0.999919   0.00108129 -3.38001e-05 
         300      33.3948     0.999919    0.0010813  -3.3648e-05 
         300      33.5723      0.99992   0.00108132 -3.34957e-05 
         300        33.75      0.99992   0.00108133 -3.33431e-05 
         300      33.9284     0.999921   0.00108135 -3.31898e-05 
         300      34.1073     0.999921   0.00108137 -3.30357e-05 
         300      34.2865     0.999921   0.00108138 -3.28808e-05 
         300      34.4663     0.999922    0.0010814 -3.27252e-05 
         300      34.6465     0.999922   0.00108141 -3.25694e-05 
         300      34.8272     0.999922   0.00108143 -3.24135e-05 
         300      35.0083     0.999923   0.00108144 -3.22577e-05 
         300        35.19     0.999923   0.00108146 -3.21006e-05 
         300      35.3721     0.999924   0.00108148 -3.19451e-05 
         300      35.5546     0.999924   0.00108149 -3.17907e-05 
         300      35.7377     0.999924   0.00108149 -3.16283e-05 
         300      35.9211     0.999925   0.00108152 -3.14662e-05 
         300      36.1052     0.999925   0.00108153 -3.13062e-05 
         300      36.2895     0.999926   0.00108155 -3.11475e-05 
         300      36.4745     0.999926   0.00108156 -3.09889e-05 
         300      36.6598     0.999926   0.00108158   -3.083e-05 
         300      36.8457     0.999927   0.00108159 -3.06703e-05 
         300      37.0321     0.999927   0.00108161 -3.05098e-05 
         300      37.2188     0.999927   0.00108162 -3.03488e-05 
         300      37.4062     0.999928   0.00108164 -3.01871e-05 
         300      37.5938     0.999928   0.00108166 -3.00252e-05 
         300      37.7821     0.999929   0.00108167  -2.9863e-05 
         300      37.9707     0.999929   0.00108168 -2.97006e-05 
         300      38.1599     0.999929    0.0010817 -2.95376e-05 
         300      38.3496      0.99993   0.00108171 -2.93738e-05 
         300      38.5396      0.99993   0.00108173 -2.92092e-05 
         300      38.7302     0.999931   0.00108174 -2.90436e-05 
         300      38.9211     0.999931   0.00108176 -2.88783e-05 
         300      39.1127     0.999931   0.00108177 -2.87132e-05 
         300      39.3046     0.999932   0.00108179 -2.85476e-05 
         300      39.4971     0.999932    0.0010818 -2.83819e-05 
         300      39.6899     0.999932   0.00108182 -2.82157e-05 
         300      39.8833     0.999933   0.00108183 -2.80486e-05 
         300      40.0772     0.999933   0.00108184 -2.78806e-05 
         300      40.2714     0.999934   0.00108186 -2.77121e-05 
         300      40.4663     0.999934   0.00108187  -2.7543e-05 
         300      40.6615     0.999934   0.00108189  -2.7374e-05 
         300      40.8573     0.999935    0.0010819 -2.72049e-05 
         300      41.0534     0.999935   0.00108192 -2.70359e-05 
         300      41.2501     0.999936   0.00108193 -2.68664e-05 
         300      41.4473     0.999936   0.00108195 -2.66958e-05 
         300      41.6448     0.999937   0.00108195 -2.65228e-05 
         300      41.8429     0.999937   0.00108197 -2.63536e-05 
         300      42.0414     0.999937   0.00108198 -2.61828e-05 
         300      42.2405     0.999938     0.001082 -2.60107e-05 
         300      42.4399     0.999938   0.00108201 -2.58381e-05 
         300      42.6399     0.999939   0.00108203 -2.56649e-05 
         300      42.8404     0.999939   0.00108204 -2.54913e-05 
         300      43.0412     0.999939   0.00108206 -2.53177e-05 
         300      43.2426      0.99994   0.00108207 -2.51436e-05 
         300      43.4444      0.99994   0.00108208 -2.49694e-05 
         300      43.6467     0.999941   0.00108209 -2.47948e-05 
         300      43.8494     0.999941   0.00108211 -2.46198e-05 
         300      44.0527     0.999941   0.00108212 -2.44438e-05 
         300      44.2563     0.999942   0.00108213 -2.42665e-05 
         300      44.4606     0.999942   0.00108215 -2.40906e-05 
         300      44.6653     0.999943   0.00108216 -2.39134e-05 
         300      44.8704     0.999943   0.00108217 -2.37355e-05 
         300       45.076     0.999943   0.00108219  -2.3557e-05 
         300       45.282     0.999944    0.0010822 -2.33784e-05 
         300      45.4886     0.999944   0.00108221 -2.31997e-05 
         300      45.6955     0.999945   0.00108223  -2.3021e-05 
         300       45.903     0.999945   0.00108224 -2.28421e-05 
         300      46.1111     0.999945   0.00108225 -2.26628e-05 
         300      46.3194     0.999946   0.00108226 -2.24832e-05 
         300      46.5283     0.999946   0.00108228 -2.23028e-05 
         300      46.7376     0.999947   0.00108229 -2.21218e-05 
         300      46.9475     0.999947    0.0010823 -2.19399e-05 
         300      47.1577     0.999948   0.00108232 -2.17578e-05 
         300      47.3685     0.999948   0.00108233 -2.15755e-05 
         300      47.5798     0.999948   0.00108234  -2.1394e-05 
         300      47.7914     0.999949   0.00108235 -2.12095e-05 
         300      48.0037     0.999949   0.00108237 -2.10245e-05 
         300      48.2162      0.99995   0.00108238 -2.08403e-05 
         300      48.4294      0.99995   0.00108239 -2.06563e-05 
         300      48.6429     0.999951   0.00108241 -2.04723e-05 
         300       48.857     0.999951   0.00108242 -2.02877e-05 
         300      49.0714     0.999951   0.00108243 -2.01025e-05 
         300      49.2865     0.999952   0.00108243 -1.99164e-05 
         300       49.502     0.999952   0.00108244 -1.97298e-05 
         300      49.7179     0.999953   0.00108246 -1.95439e-05 
         300      49.9343     0.999953   0.00108247 -1.93569e-05 
         300      50.1511     0.999954   0.00108248 -1.91672e-05 
         300      50.3685     0.999954   0.00108249 -1.89787e-05 
         300      50.5862     0.999954   0.00108251 -1.87905e-05 
         300      50.8046     0.999955   0.00108252 -1.86015e-05 
         300      51.0234     0.999955   0.00108253 -1.84119e-05 
         300      51.2425     0.999956   0.00108254 -1.82219e-05 
         300      51.4623     0.999956   0.00108255 -1.80311e-05 
         300      51.6824     0.999957   0.00108256   -1.784e-05 
         300      51.9031     0.999957   0.00108257 -1.76482e-05 
         300      52.1241     0.999957   0.00108258 -1.74558e-05 
         300      52.3457     0.999958   0.00108259 -1.72611e-05 
         300      52.5676     0.999958    0.0010826 -1.70664e-05 
         300      52.7902     0.999959   0.00108261 -1.68718e-05 
         300      53.0133     0.999959   0.00108262 -1.66775e-05 
         300      53.2366      0.99996   0.00108263 -1.64836e-05 
         300      53.4606      0.99996   0.00108264 -1.62898e-05 
         300      53.6849     0.999961   0.00108266 -1.60961e-05 
         300      53.9099     0.999961   0.00108266 -1.59018e-05 
         300      54.1351     0.999961   0.00108267 -1.57071e-05 
         300       54.361     0.999962   0.00108268 -1.55113e-05 
         300      54.5873     0.999962   0.00108269 -1.53144e-05 
         300      54.8139     0.999963    0.0010827 -1.51166e-05 
         300      55.0412     0.999963   0.00108272 -1.49177e-05 
         300      55.2688     0.999964   0.00108273 -1.47185e-05 
         300       55.497     0.999964   0.00108274 -1.45196e-05 
         300      55.7255     0.999964   0.00108275  -1.4321e-05 
         300      55.9547     0.999965   0.00108276 -1.41221e-05 
         300      56.1844     0.999965   0.00108276 -1.39229e-05 
         300      56.4143     0.999966   0.00108277 -1.37235e-05 
         300      56.6449     0.999966   0.00108278 -1.35233e-05 
         300      56.8757     0.999967   0.00108279 -1.33228e-05 
         300      57.1072     0.999967    0.0010828 -1.31216e-05 
         300       57.339     0.999968   0.00108281 -1.29203e-05 
         300      57.5715     0.999968   0.00108282 -1.27186e-05 
         300      57.8042     0.999969   0.00108282  -1.2517e-05 
         300      58.0376     0.999969   0.00108283 -1.23148e-05 
         300      58.2715      0.99997   0.00108284 -1.21115e-05 
         300      58.5057      0.99997   0.00108285 -1.19065e-05 
         300      58.7405      0.99997   0.00108286 -1.17085e-05 
         300      58.9756     0.999971   0.00108286 -1.15076e-05 
         300      59.2113     0.999971   0.00108287 -1.13039e-05 
         300      59.4473     0.999972   0.00108288 -1.10984e-05 
         300       59.684     0.999972   0.00108289 -1.08913e-05 
         300      59.9212     0.999973    0.0010829 -1.06832e-05 
         300      60.1586     0.999973   0.00108291 -1.04745e-05 
         300      60.3967     0.999974   0.00108292 -1.02654e-05 
         300      60.6351     0.999974   0.00108292 -1.00565e-05 
         300      60.8741     0.999975   0.00108293 -9.84789e-06 
         300      61.1135     0.999975   0.00108293 -9.64021e-06 
         300      61.3534     0.999976   0.00108294 -9.43373e-06 
         300      61.5939     0.999976   0.00108294 -9.22658e-06 
         300      61.8346     0.999977   0.00108295   -9.018e-06 
         300       62.076     0.999977   0.00108296 -8.80907e-06 
         300      62.3177     0.999978   0.00108297  -8.5998e-06 
         300        62.56     0.999978   0.00108297 -8.38974e-06 
         300      62.8026     0.999979   0.00108298 -8.17923e-06 
         300      63.0459     0.999979   0.00108299   -7.968e-06 
         300      63.2894     0.999979   0.00108299 -7.75649e-06 
         300      63.5336      0.99998     0.001083 -7.54444e-06 
         300      63.7783      0.99998   0.00108301 -7.33214e-06 
         300      64.0233     0.999981   0.00108301 -7.11986e-06 
         300      64.2689     0.999981   0.00108302 -6.90745e-06 
         300      64.5148     0.999982   0.00108302 -6.69396e-06 
         300      64.7613     0.999982   0.00108302 -6.47974e-06 
         300      65.0082     0.999982   0.00108303 -6.26532e-06 
         300      65.2557     0.999983   0.00108304 -6.05043e-06 
         300      65.5036     0.999983   0.00108304 -5.83529e-06 
         300      65.7519     0.999984   0.00108305 -5.62004e-06 
         300      66.0008     0.999985   0.00108305 -5.40424e-06 
         300        66.25     0.999985   0.00108306 -5.18808e-06 
         300      66.4998     0.999986   0.00108306 -4.97104e-06 
         300        66.75     0.999986   0.00108306 -4.75329e-06 
         300      67.0007     0.999987   0.00108307 -4.53442e-06 
         300      67.2518     0.999987   0.00108308 -4.31494e-06 
         300      67.5035     0.999988   0.00108309 -4.09504e-06 
         300      67.7557     0.999988   0.00108308 -3.87606e-06 
         300      68.0082     0.999989    0.0010831 -3.65573e-06 
         300      68.2614     0.999989    0.0010831 -3.43692e-06 
         300      68.5148      0.99999   0.00108309 -3.21845e-06 
         300      68.7688      0.99999   0.00108309 -2.99887e-06 
         300      69.0232     0.999991    0.0010831 -2.77808e-06 
         300      69.2782     0.999991   0.00108311 -2.55571e-06 
         300      69.5337     0.999992   0.00108312 -2.33217e-06 
         300      69.7895     0.999992   0.00108312 -2.10801e-06 
         300      70.0459     0.999993   0.00108312 -1.88325e-06 
         300      70.3026     0.999993   0.00108312 -1.65862e-06 
         300        70.56     0.999994   0.00108311 -1.43401e-06 
         300      70.8176     0.999994   0.00108311 -1.20989e-06 
         300      71.0759     0.999995   0.00108311 -9.85933e-07 
         300      71.3347     0.999995   0.00108311 -7.62189e-07 
         300      71.5938     0.999996   0.00108312 -5.38635e-07 
         300      71.8535     0.999996   0.00108313 -3.14649e-07 
         300      72.1135     0.999996   0.00108314 -9.02974e-08 
         300      72.3741     0.999997   0.00108315  1.35047e-07 
         300       72.635     0.999997   0.00108314  3.61245e-07 
         300      72.8967     0.999998   0.00108313  5.88792e-07 
         300      73.1585     0.999998   0.00108312   8.1736e-07 
         300      73.4211     0.999999   0.00108311  1.04725e-06 
         300      73.6841            1   0.00108311  1.27814e-06 
         300      73.9473            1   0.00108313  1.50968e-06 
         300      74.2113            1   0.00108316  1.74212e-06 
         300      74.4755            1   0.00108319  1.97517e-06 
         300      74.7404            1   0.00108316   2.2096e-06 
         300      75.0056            1   0.00108298  2.43855e-06 
         300      75.2714            1   0.00108316  2.66267e-06 
         300      75.5377            1   0.00108316  2.88672e-06 
         300      75.8043            1   0.00108312  3.11488e-06 
         300      76.0715            1    0.0010831  3.34662e-06 
         300       76.339            1   0.00108312  3.58041e-06 
         300      76.6072      1.00001   0.00108315  3.81555e-06 
         300      76.8756      1.00001   0.00108317  4.05083e-06 
         300      77.1448      1.00001   0.00108317  4.28614e-06 
         300      77.4141      1.00001   0.00108315  4.52096e-06 
         300      77.6842      1.00001   0.00108313  4.75583e-06 
         300      77.9547      1.00001   0.00108311   4.9909e-06 
         300      78.2255      1.00001    0.0010831  5.22637e-06 
         300       78.497      1.00001   0.00108311  5.46293e-06 
         300      78.7687      1.00001   0.00108312  5.70032e-06 
         300      79.0411      1.00001   0.00108313  5.93873e-06 
         300      79.3138      1.00001   0.00108313   6.1773e-06 
         300      79.5872      1.00001   0.00108312  6.41565e-06 
         300       79.861      1.00001    0.0010831  6.65279e-06 
         300      80.1351      1.00001   0.00108309  6.88792e-06 
         300      80.4098      1.00001   0.00108311  7.12156e-06 
         300      80.6849      1.00001   0.00108313  7.35485e-06 
         300      80.9606      1.00001   0.00108306    7.592e-06 
         300      81.2365      1.00001   0.00108313   7.8358e-06 
         300      81.5132      1.00001   0.00108314  8.08008e-06 
         300      81.7903      1.00002   0.00108313  8.32427e-06 
         300      82.0676      1.00002   0.00108311  8.56788e-06 
         300      82.3457      1.00002   0.00108309  8.81109e-06 
         300       82.624      1.00002   0.00108308  9.05342e-06 
         300       82.903      1.00002   0.00108307  9.29527e-06 
         300      83.1822      1.00002   0.00108307   9.5364e-06 
         300      83.4622      1.00002   0.00108307  9.77745e-06 
         300      83.7424      1.00002   0.00108307  1.00184e-05 
         300      84.0232      1.00002   0.00108307  1.02599e-05 
         300      84.3046      1.00002   0.00108307  1.05025e-05 
         300      84.5862      1.00002   0.00108307  1.07461e-05 
         300      84.8685      1.00002   0.00108306  1.09916e-05 
         300       85.151      1.00002   0.00108304  1.12389e-05 
         300      85.4342      1.00002   0.00108303  1.14882e-05 
         300      85.7177      1.00002   0.00108301  1.17387e-05 
         300      86.0019      1.00002     0.001083  1.19902e-05 
         300      86.2865      1.00002   0.00108299  1.22409e-05 
         300      86.5714      1.00003   0.00108299  1.24887e-05 
         300       86.857      1.00003   0.00108299  1.27308e-05 
         300      87.1428      1.00003     0.001083  1.29759e-05 
         300      87.4293      1.00003   0.00108299  1.32334e-05 
         300      87.7161      1.00003   0.00108298  1.34845e-05 
         300      88.0035      1.00003   0.00108296   1.3733e-05 
         300      88.2914      1.00003   0.00108294  1.39814e-05 
         300      88.5796      1.00003   0.00108293   1.4231e-05 
         300      88.8685      1.00003   0.00108292  1.44826e-05 
         300      89.1576      1.00003   0.00108292  1.47349e-05 
         300      89.4474      1.00003   0.00108293   1.4986e-05 
         300      89.7374      1.00003   0.00108293  1.52311e-05 
         300      90.0282      1.00003   0.00108289  1.54642e-05 
         300      90.3192      1.00003   0.00108289  1.57342e-05 
         300      90.6109      1.00003    0.0010829  1.59996e-05 
         300       90.903      1.00003   0.00108291  1.62552e-05 
         300      91.1954      1.00003    0.0010829   1.6505e-05 
         300      91.4885      1.00003   0.00108288  1.67524e-05 
         300      91.7819      1.00004   0.00108286   1.6999e-05 
         300      92.0759      1.00004   0.00108283  1.72468e-05 
         300      92.3702      1.00004   0.00108281  1.74963e-05 
         300      92.6652      1.00004   0.00108279  1.77484e-05 
         300      92.9606      1.00004   0.00108278   1.8003e-05 
         300      93.2563      1.00004   0.00108277    1.826e-05 
         300      93.5527      1.00004   0.00108276  1.85195e-05 
         300      93.8493      1.00004   0.00108276  1.87807e-05 
         300      94.1466      1.00004   0.00108275  1.90438e-05 
         300      94.4442      1.00004   0.00108274   1.9308e-05 
         300      94.7425      1.00004   0.00108273  1.95733e-05 
         300       95.041      1.00004   0.00108271  1.98394e-05 
         300      95.3402      1.00004   0.00108271  2.01061e-05 
         300      95.6399      1.00004   0.00108269  2.03722e-05 
         300      95.9398      1.00004   0.00108268  2.06367e-05 
         300      96.2404      1.00004   0.00108267  2.08994e-05 
         300      96.5412      1.00004   0.00108265  2.11595e-05 
         300      96.8428      1.00005   0.00108264  2.14172e-05 
         300      97.1446      1.00005   0.00108262  2.16724e-05 
         300      97.4471      1.00005   0.00108261  2.19261e-05 
         300      97.7501      1.00005    0.0010826  2.21792e-05 
         300      98.0533      1.00005   0.00108258  2.24326e-05 
         300      98.3572      1.00005   0.00108255   2.2688e-05 
         300      98.6613      1.00005   0.00108252  2.29463e-05 
         300      98.9662      1.00005   0.00108249  2.32087e-05 
         300      99.2712      1.00005   0.00108249  2.34749e-05 
         300       99.577      1.00005   0.00108256  2.37441e-05 
         300      99.8833      1.00005   0.00108249  2.40099e-05 
         300       100.19      1.00005   0.00108243  2.42762e-05 
         300      100.497      1.00005   0.00108243  2.45466e-05 
         300      100.804      1.00005   0.00108246  2.48203e-05 
         300      101.113      1.00005   0.00108246  2.50971e-05 
         300      101.421      1.00005   0.00108246  2.53754e-05 
         300       101.73      1.00005   0.00108243  2.56541e-05 
         300      102.039      1.00006    0.0010824  2.59309e-05 
         300      102.349      1.00006   0.00108236  2.62042e-05 
         300       102.66      1.00006   0.00108233  2.64716e-05 
         300      102.971      1.00006    0.0010823  2.67306e-05 
         300      103.282      1.00006   0.00108227  2.69792e-05 
         300      103.594      1.00006   0.00108224  2.72147e-05 
         300      103.906      1.00006   0.00108224  2.74938e-05 
         300      104.219      1.00006   0.00108227   2.7801e-05 
         300      104.532      1.00006   0.00108227  2.80894e-05 
         300      104.846      1.00006   0.00108226  2.83653e-05 
         300       105.16      1.00006   0.00108223  2.86338e-05 
         300      105.474      1.00006    0.0010822  2.88992e-05 
         300      105.789      1.00006   0.00108216  2.91637e-05 
         300      106.105      1.00006   0.00108213  2.94296e-05 
         300      106.421      1.00006   0.00108209  2.96975e-05 
         300      106.738      1.00007   0.00108207  2.99683e-05 
         300      107.055      1.00007   0.00108205  3.02417e-05 
         300      107.372      1.00007   0.00108204  3.05172e-05 
         300       107.69      1.00007   0.00108203  3.07949e-05 
         300      108.008      1.00007   0.00108202  3.10735e-05 
         300      108.327      1.00007     0.001082   3.1353e-05 
         300      108.646      1.00007   0.00108196  3.16319e-05 
         300      108.966      1.00007   0.00108191  3.19099e-05 
         300      109.286      1.00007   0.00108186  3.21854e-05 
         300      109.607      1.00007   0.00108183  3.24574e-05 
         300      109.928      1.00007   0.00108188  3.27239e-05 
         300       110.25      1.00007   0.00108182  3.30066e-05 
         300      110.572      1.00007   0.00108175  3.32988e-05 
         300      110.895      1.00007   0.00108175  3.35869e-05 
         300      111.218      1.00007   0.00108177  3.38711e-05 
         300      111.541      1.00007   0.00108178  3.41511e-05 
         300      111.865      1.00008   0.00108176  3.44281e-05 
         300       112.19      1.00008   0.00108173   3.4703e-05 
         300      112.515      1.00008   0.00108169  3.49767e-05 
         300       112.84      1.00008   0.00108165  3.52508e-05 
         300      113.166      1.00008    0.0010816  3.55261e-05 
         300      113.492      1.00008   0.00108157  3.58038e-05 
         300      113.819      1.00008   0.00108154  3.60841e-05 
         300      114.147      1.00008   0.00108151  3.63675e-05 
         300      114.474      1.00008   0.00108149  3.66536e-05 
         300      114.803      1.00008   0.00108146  3.69422e-05 
         300      115.131      1.00008   0.00108144  3.72322e-05 
         300       115.46      1.00008   0.00108141  3.75221e-05 
         300       115.79      1.00008   0.00108138  3.78108e-05 
         300       116.12      1.00008   0.00108136   3.8096e-05 
         300      116.451      1.00009   0.00108135  3.83766e-05 
         300      116.782      1.00009   0.00108135  3.86503e-05 
         300      117.113      1.00009   0.00108137  3.89161e-05 
         300      117.446      1.00009   0.00108141  3.91729e-05 
         300      117.778      1.00009   0.00108133  3.94685e-05 
         300      118.111      1.00009   0.00108122  3.97698e-05 
         300      118.444      1.00009   0.00108112  4.00652e-05 
         300      118.778      1.00009   0.00108106  4.03581e-05 
         300      119.112      1.00009   0.00108103  4.06497e-05 
         300      119.447      1.00009   0.00108105  4.09412e-05 
         300      119.783      1.00009   0.00108109  4.12318e-05 
         300      120.118      1.00009   0.00108112  4.15195e-05 
         300      120.455      1.00009     0.001081  4.18014e-05 
         300      120.791      1.00009   0.00108087  4.20884e-05 
         300      121.128      1.00009   0.00108107  4.23951e-05 
         300      121.466       1.0001   0.00108094  4.26782e-05 
         300      121.804       1.0001   0.00108079  4.29557e-05 
         300      122.143       1.0001   0.00108073  4.32402e-05 
         300      122.482       1.0001   0.00108078  4.35428e-05 
         300      122.821       1.0001   0.00108091  4.38726e-05 
         300      123.161       1.0001   0.00108085  4.41709e-05 
         300      123.502       1.0001   0.00108066  4.44333e-05 
         300      123.843       1.0001   0.00108057  4.47095e-05 
         300      124.184       1.0001   0.00108054  4.49966e-05 
         300      124.526       1.0001   0.00108054  4.52911e-05 
         300      124.868       1.0001   0.00108055  4.55909e-05 
         300      125.211       1.0001   0.00108056  4.58936e-05 
         300      125.554       1.0001   0.00108055  4.61971e-05 
         300      125.898      1.00011   0.00108052  4.65003e-05 
         300      126.242      1.00011   0.00108048  4.68016e-05 
         300      126.587      1.00011   0.00108042  4.71006e-05 
         300      126.932      1.00011   0.00108035  4.73962e-05 
         300      127.278      1.00011   0.00108028  4.76888e-05 
         300      127.624      1.00011   0.00108021  4.79783e-05 
         300      127.971      1.00011   0.00108015  4.82652e-05 
         300      128.318      1.00011    0.0010801  4.85509e-05 
         300      128.665      1.00011   0.00108006  4.88363e-05 
         300      129.013      1.00011   0.00108003  4.91234e-05 
         300      129.361      1.00011   0.00108002  4.94135e-05 
         300       129.71      1.00012   0.00108001  4.97087e-05 
         300       130.06      1.00012      0.00108  5.00098e-05 
         300       130.41      1.00012   0.00107998  5.03181e-05 
         300       130.76      1.00012   0.00107994  5.06331e-05 
         300      131.111      1.00012   0.00107989  5.09527e-05 
         300      131.462      1.00012   0.00107982  5.12737e-05 
         300      131.814      1.00012   0.00107976  5.15891e-05 
         300      132.166      1.00012   0.00107971  5.18892e-05 
         300      132.519      1.00012   0.00107973  5.21591e-05 
         300      132.872      1.00012   0.00107979  5.24173e-05 
         300      133.226      1.00012   0.00107957   5.2773e-05 
         300       133.58      1.00012   0.00107944   5.3093e-05 
         300      133.934      1.00012   0.00107942  5.33925e-05 
         300      134.289      1.00012   0.00107947  5.36841e-05 
         300      134.645      1.00013   0.00107952  5.39777e-05 
         300          135      1.00013   0.00107947  5.42784e-05 
         300      135.357      1.00013   0.00107929  5.45882e-05 
         300      135.714      1.00013   0.00107923  5.49063e-05 
         300      136.071      1.00013   0.00107936  5.52097e-05 
         300      136.429      1.00013   0.00107908  5.54975e-05 
         300      136.787      1.00013   0.00107902  5.57999e-05 
         300      137.146      1.00013   0.00107904  5.61102e-05 
         300      137.505      1.00014   0.00107909  5.64231e-05 
         300      137.865      1.00014   0.00107911  5.67365e-05 
         300      138.225      1.00014   0.00107909  5.70483e-05 
         300      138.586      1.00014   0.00107904  5.73586e-05 
         300      138.947      1.00014   0.00107896  5.76673e-05 
         300      139.309      1.00014   0.00107887  5.79749e-05 
         300      139.671      1.00014   0.00107878  5.82826e-05 
         300      140.033      1.00014    0.0010787  5.85909e-05 
         300      140.397      1.00014   0.00107864  5.89012e-05 
         300       140.76      1.00014    0.0010786  5.92139e-05 
         300      141.124      1.00014   0.00107857  5.95304e-05 
         300      141.488      1.00014   0.00107856  5.98512e-05 
         300      141.853      1.00014   0.00107854  6.01771e-05 
         300      142.219      1.00015   0.00107851  6.05097e-05 
         300      142.584      1.00015   0.00107846   6.0813e-05 
         300      142.951      1.00015    0.0010784  6.10983e-05 
         300      143.317      1.00015   0.00107832  6.13889e-05 
         300      143.685      1.00015   0.00107824  6.16868e-05 
         300      144.052      1.00015   0.00107816  6.19919e-05 
         300      144.421      1.00015   0.00107809  6.23043e-05 
         300      144.789      1.00015   0.00107803  6.26229e-05 
         300      145.158      1.00015   0.00107797  6.29459e-05 
         300      145.528      1.00015   0.00107792  6.32721e-05 
         300      145.898      1.00015   0.00107787  6.35989e-05 
         300      146.269      1.00015   0.00107782  6.39248e-05 
         300       146.64      1.00015   0.00107776  6.42473e-05 
         300      147.011      1.00015   0.00107771  6.45651e-05 
         300      147.383      1.00016   0.00107765  6.48766e-05 
         300      147.755      1.00016    0.0010776  6.51807e-05 
         300      148.128      1.00017   0.00107755  6.54776e-05 
         300      148.502      1.00017   0.00107752  6.57673e-05 
         300      148.876      1.00016    0.0010775  6.60514e-05 
         300       149.25      1.00014   0.00107749  6.63315e-05 
         300      149.625      1.00009   0.00107747   6.6611e-05 
         300          150            1   0.00107742  6.68933e-05 
